source_idx: 97
h_value: 0.80000001717211788

points:
0.00000000000000000, 1.40974218551873176, -2.28101082538926381, 5.62320994447591982
0.00000000000000000, 1.40974218551873176, 2.28101082538926381, 5.62320994447591982
0.00000000000000000, -1.40974218551873176, 2.28101082538926381, 2.80093605198965800
-1.40974218551873176, 2.28101082538926381, 0.00000000000000000, 7.74340777818640547
-1.40974218551873176, -2.28101082538926381, 0.00000000000000000, 2.28806878156341575
1.40974218551873176, 2.28101082538926381, 0.00000000000000000, 6.13607721490216207
1.40974218551873176, -2.28101082538926381, 0.00000000000000000, 0.68073821827917158
0.00000000000000000, -1.40974218551873176, -2.28101082538926381, 2.80093605198965800
2.28101082538926381, 0.00000000000000000, 1.40974218551873176, 3.53133477995361833
-2.28101082538926381, 0.00000000000000000, 1.40974218551873176, 4.89281121651195949
-2.28101082538926381, 0.00000000000000000, -1.40974218551873176, 4.89281121651195949
2.28101082538926381, 0.00000000000000000, -1.40974218551873176, 3.53133477995361833
0.82862563724735927, 2.16937011391265644, -1.34074447666529695, 6.22348143956298205
-0.82862563724735927, 2.16937011391265644, -1.34074447666529695, 7.01029791203132557
0.00000000000000000, 2.68148895333059389, 0.00000000000000000, 7.62048071482345524
-0.82862563724735927, 2.16937011391265644, 1.34074447666529695, 7.01029791203132557
0.82862563724735927, 2.16937011391265644, 1.34074447666529695, 6.22348143956298205
0.00000000000000000, 0.00000000000000000, 2.68148895333059389, 4.21207299823278891
-1.34074447666529695, 0.82862563724735927, 2.16937011391265644, 5.44231076885110010
-1.34074447666529695, -0.82862563724735927, 2.16937011391265644, 3.81477719460352693
1.34074447666529695, 0.82862563724735927, 2.16937011391265644, 4.60936880186205133
1.34074447666529695, -0.82862563724735927, 2.16937011391265644, 2.98183522761447684
0.00000000000000000, 0.00000000000000000, -2.68148895333059389, 4.21207299823278891
1.34074447666529695, 0.82862563724735927, -2.16937011391265644, 4.60936880186205133
1.34074447666529695, -0.82862563724735927, -2.16937011391265644, 2.98183522761447684
-1.34074447666529695, 0.82862563724735927, -2.16937011391265644, 5.44231076885110010
-1.34074447666529695, -0.82862563724735927, -2.16937011391265644, 3.81477719460352693
0.82862563724735927, -2.16937011391265644, 1.34074447666529695, 1.41384808443425225
-0.82862563724735927, -2.16937011391265644, 1.34074447666529695, 2.20066455690259621
0.00000000000000000, -2.68148895333059389, 0.00000000000000000, 0.80366528164212248
-0.82862563724735927, -2.16937011391265644, -1.34074447666529695, 2.20066455690259621
0.82862563724735927, -2.16937011391265644, -1.34074447666529695, 1.41384808443425225
-2.16937011391265644, 1.34074447666529695, 0.82862563724735927, 6.35422857119077822
-2.16937011391265644, 1.34074447666529695, -0.82862563724735927, 6.35422857119077822
-2.68148895333059389, 0.00000000000000000, 0.00000000000000000, 5.01573827987491150
-2.16937011391265644, -1.34074447666529695, -0.82862563724735927, 3.56533213065526811
-2.16937011391265644, -1.34074447666529695, 0.82862563724735927, 3.56533213065526811
2.16937011391265644, 1.34074447666529695, -0.82862563724735927, 4.85881386581030927
2.16937011391265644, 1.34074447666529695, 0.82862563724735927, 4.85881386581030927
2.68148895333059389, 0.00000000000000000, 0.00000000000000000, 3.40840771659066633
2.16937011391265644, -1.34074447666529695, 0.82862563724735927, 2.06991742527479961
2.16937011391265644, -1.34074447666529695, -0.82862563724735927, 2.06991742527479961
0.39584381719729006, 1.82802021717292251, -1.92146629674315728, 5.96367041287705746
-0.39584381719729006, 1.82802021717292251, -1.92146629674315728, 6.27225786459634627
0.00000000000000000, 2.28101064572210843, -1.40974212046778069, 6.75633449722633284
-0.43563426262716376, 2.55024744332883468, -0.70487106023389035, 7.63148191851649926
-1.18753145159187024, 2.31731011394044728, -0.64048876558105239, 7.62955437640942247
-0.79168763439458012, 2.56195506232420955, 0.00000000000000000, 8.42414599646557782
0.43563426262716376, 2.55024744332883468, -0.70487106023389035, 6.99179831249373596
0.79168763439458012, 2.56195506232420955, 0.00000000000000000, 6.81681543318133265
1.18753145159187024, 2.31731011394044728, -0.64048876558105239, 6.27225792011897543
-0.39584381719729006, 1.82802021717292251, 1.92146629674315728, 6.27225786459634627
0.39584381719729006, 1.82802021717292251, 1.92146629674315728, 5.96367041287705746
0.00000000000000000, 2.28101064572210843, 1.40974212046778069, 6.75633449722633284
0.43563426262716376, 2.55024744332883468, 0.70487106023389035, 6.99179831249373596
1.18753145159187024, 2.31731011394044728, 0.64048876558105239, 6.27225792011897543
-0.43563426262716376, 2.55024744332883468, 0.70487106023389035, 7.63148191851649926
-1.18753145159187024, 2.31731011394044728, 0.64048876558105239, 7.62955437640942247
0.00000000000000000, 0.79168763439458012, 2.56195506232420955, 4.97887740267622370
-0.64048876558105239, 1.18753145159187024, 2.31731011394044728, 5.59644983254893447
-0.70487106023389035, 0.43563426262716376, 2.55024744332883468, 4.84217800628002415
-1.40974212046778069, 0.00000000000000000, 2.28101064572210843, 4.62997748427800726
-1.92146629674315728, 0.39584381719729006, 1.82802021717292251, 5.17834489692403821
-1.92146629674315728, -0.39584381719729006, 1.82802021717292251, 4.40132914269302322
-0.70487106023389035, -0.43563426262716376, 2.55024744332883468, 4.00375610941995230
-0.64048876558105239, -1.18753145159187024, 2.31731011394044728, 3.24580109954153961
0.00000000000000000, -0.79168763439458012, 2.56195506232420955, 3.44526859378935368
0.64048876558105239, 1.18753145159187024, 2.31731011394044728, 5.17834489692403732
0.70487106023389035, 0.43563426262716376, 2.55024744332883468, 4.42038988704562552
0.70487106023389035, -0.43563426262716376, 2.55024744332883468, 3.58196799018555367
0.64048876558105239, -1.18753145159187024, 2.31731011394044728, 2.82769616391664336
1.40974212046778069, 0.00000000000000000, 2.28101064572210843, 3.79416851218757101
1.92146629674315728, -0.39584381719729006, 1.82802021717292251, 3.24580109954153961
1.92146629674315728, 0.39584381719729006, 1.82802021717292251, 4.02281685377255371
0.00000000000000000, 0.79168763439458012, -2.56195506232420955, 4.97887740267622370
0.64048876558105239, 1.18753145159187024, -2.31731011394044728, 5.17834489692403732
0.70487106023389035, 0.43563426262716376, -2.55024744332883468, 4.42038988704562552
1.40974212046778069, 0.00000000000000000, -2.28101064572210843, 3.79416851218757101
1.92146629674315728, 0.39584381719729006, -1.82802021717292251, 4.02281685377255371
1.92146629674315728, -0.39584381719729006, -1.82802021717292251, 3.24580109954153961
0.70487106023389035, -0.43563426262716376, -2.55024744332883468, 3.58196799018555367
0.64048876558105239, -1.18753145159187024, -2.31731011394044728, 2.82769616391664336
0.00000000000000000, -0.79168763439458012, -2.56195506232420955, 3.44526859378935368
-0.64048876558105239, 1.18753145159187024, -2.31731011394044728, 5.59644983254893447
-0.70487106023389035, 0.43563426262716376, -2.55024744332883468, 4.84217800628002415
-0.70487106023389035, -0.43563426262716376, -2.55024744332883468, 4.00375610941995230
-0.64048876558105239, -1.18753145159187024, -2.31731011394044728, 3.24580109954153961
-1.40974212046778069, 0.00000000000000000, -2.28101064572210843, 4.62997748427800726
-1.92146629674315728, -0.39584381719729006, -1.82802021717292251, 4.40132914269302322
-1.92146629674315728, 0.39584381719729006, -1.82802021717292251, 5.17834489692403821
0.39584381719729006, -1.82802021717292251, 1.92146629674315728, 2.15188813186923111
-0.39584381719729006, -1.82802021717292251, 1.92146629674315728, 2.46047558358851992
0.00000000000000000, -2.28101064572210843, 1.40974212046778069, 1.66781149923924432
-0.43563426262716376, -2.55024744332883468, 0.70487106023389035, 1.43234768397184187
-1.18753145159187024, -2.31731011394044728, 0.64048876558105239, 2.15188807634660240
-0.79168763439458012, -2.56195506232420955, 0.00000000000000000, 1.60733056328424495
0.43563426262716376, -2.55024744332883468, 0.70487106023389035, 0.79266407794907812
0.79168763439458012, -2.56195506232420955, 0.00000000000000000, 0.00000000000000000
1.18753145159187024, -2.31731011394044728, 0.64048876558105239, 0.79459162005615547
-0.39584381719729006, -1.82802021717292251, -1.92146629674315728, 2.46047558358851992
0.39584381719729006, -1.82802021717292251, -1.92146629674315728, 2.15188813186923111
0.00000000000000000, -2.28101064572210843, -1.40974212046778069, 1.66781149923924432
0.43563426262716376, -2.55024744332883468, -0.70487106023389035, 0.79266407794907812
1.18753145159187024, -2.31731011394044728, -0.64048876558105239, 0.79459162005615547
-0.43563426262716376, -2.55024744332883468, -0.70487106023389035, 1.43234768397184187
-1.18753145159187024, -2.31731011394044728, -0.64048876558105239, 2.15188807634660240
-1.82802021717292251, 1.92146629674315728, 0.39584381719729006, 7.13066432217940527
-1.82802021717292251, 1.92146629674315728, -0.39584381719729006, 7.13066432217940527
-2.28101064572210843, 1.40974212046778069, 0.00000000000000000, 6.50014181891717335
-2.55024744332883468, 0.70487106023389035, -0.43563426262716376, 5.71609105931013950
-2.31731011394044728, 0.64048876558105239, -1.18753145159187024, 5.56483103299891990
-2.56195506232420955, 0.00000000000000000, -0.79168763439458012, 4.97887740267622370
-2.55024744332883468, 0.70487106023389035, 0.43563426262716376, 5.71609105931013950
-2.56195506232420955, 0.00000000000000000, 0.79168763439458012, 4.97887740267622370
-2.31731011394044728, 0.64048876558105239, 1.18753145159187024, 5.56483103299891990
-1.82802021717292251, -1.92146629674315728, -0.39584381719729006, 2.85931491785916192
-1.82802021717292251, -1.92146629674315728, 0.39584381719729006, 2.85931491785916192
-2.28101064572210843, -1.40974212046778069, 0.00000000000000000, 3.53133474083264876
-2.55024744332883468, -0.70487106023389035, 0.43563426262716376, 4.29157458354794219
-2.31731011394044728, -0.64048876558105239, 1.18753145159187024, 4.28431113134174346
-2.55024744332883468, -0.70487106023389035, -0.43563426262716376, 4.29157458354794219
-2.31731011394044728, -0.64048876558105239, -1.18753145159187024, 4.28431113134174346
1.82802021717292251, 1.92146629674315728, -0.39584381719729006, 5.56483107860641635
1.82802021717292251, 1.92146629674315728, 0.39584381719729006, 5.56483107860641635
2.28101064572210843, 1.40974212046778069, 0.00000000000000000, 4.89281125563292818
2.55024744332883468, 0.70487106023389035, 0.43563426262716376, 4.13257141291763563
2.31731011394044728, 0.64048876558105239, 1.18753145159187024, 4.13983486512383436
2.56195506232420955, 0.00000000000000000, 0.79168763439458012, 3.44526859378935368
2.55024744332883468, 0.70487106023389035, -0.43563426262716376, 4.13257141291763563
2.56195506232420955, 0.00000000000000000, -0.79168763439458012, 3.44526859378935368
2.31731011394044728, 0.64048876558105239, -1.18753145159187024, 4.13983486512383436
1.82802021717292251, -1.92146629674315728, 0.39584381719729006, 1.29348167428617256
1.82802021717292251, -1.92146629674315728, -0.39584381719729006, 1.29348167428617256
2.28101064572210843, -1.40974212046778069, 0.00000000000000000, 1.92400417754840358
2.55024744332883468, -0.70487106023389035, -0.43563426262716376, 2.70805493715543877
2.31731011394044728, -0.64048876558105239, -1.18753145159187024, 2.85931496346665792
2.55024744332883468, -0.70487106023389035, 0.43563426262716376, 2.70805493715543877
2.31731011394044728, -0.64048876558105239, 1.18753145159187024, 2.85931496346665792
-1.14050532286105422, 1.57613958548821786, 1.84537638309494456, 6.24348514737157601
-1.57613958548821786, 1.84537638309494456, 1.14050532286105422, 6.84260389185766016
-1.84537651905378275, 1.14050540688823698, 1.57613970161092820, 5.96976376557725619
1.14050532286105422, 1.57613958548821786, 1.84537638309494456, 5.42185263762939407
1.84537651905378275, 1.14050540688823698, 1.57613970161092820, 4.76072543595040987
1.57613958548821786, 1.84537638309494456, 1.14050532286105422, 5.56673649642958601
-1.14050532286105422, 1.57613958548821786, -1.84537638309494456, 6.24348514737157601
-1.84537651905378275, 1.14050540688823698, -1.57613970161092820, 5.96976376557725619
-1.57613958548821786, 1.84537638309494456, -1.14050532286105422, 6.84260389185766016
1.14050532286105422, 1.57613958548821786, -1.84537638309494456, 5.42185263762939407
1.57613958548821786, 1.84537638309494456, -1.14050532286105422, 5.56673649642958601
1.84537651905378275, 1.14050540688823698, -1.57613970161092820, 4.76072543595040987
-1.14050532286105422, -1.57613958548821786, -1.84537638309494456, 3.00229335883618420
-1.57613958548821786, -1.84537638309494456, -1.14050532286105422, 2.85740950003599270
-1.84537651905378275, -1.14050540688823698, -1.57613970161092820, 3.66342056051516751
1.14050532286105422, -1.57613958548821786, -1.84537638309494456, 2.18066084909400182
1.84537651905378275, -1.14050540688823698, -1.57613970161092820, 2.45438223088832075
1.57613958548821786, -1.84537638309494456, -1.14050532286105422, 1.58154210460791766
-1.14050532286105422, -1.57613958548821786, 1.84537638309494456, 3.00229335883618420
-1.84537651905378275, -1.14050540688823698, 1.57613970161092820, 3.66342056051516751
-1.57613958548821786, -1.84537638309494456, 1.14050532286105422, 2.85740950003599270
1.14050532286105422, -1.57613958548821786, 1.84537638309494456, 2.18066084909400182
1.57613958548821786, -1.84537638309494456, 1.14050532286105422, 1.58154210460791766
1.84537651905378275, -1.14050540688823698, 1.57613970161092820, 2.45438223088832075

graph:
0, 42, 0.67891170814560020
0, 43, 0.67891170814560020
0, 74, 0.67891169708013988
0, 75, 0.67891170814560031
0, 83, 0.67891170814560031
1, 51, 0.67891170814560020
1, 52, 0.67891170814560020
1, 58, 0.67891169708013988
1, 59, 0.67891170814560031
1, 67, 0.67891170814560031
2, 65, 0.67891170814560031
2, 66, 0.67891169708013988
2, 70, 0.67891170814560031
2, 90, 0.67891170814560020
2, 91, 0.67891170814560020
3, 46, 0.67891170814560031
3, 47, 0.67891169708013988
3, 57, 0.67891170814560031
3, 106, 0.67891170814560020
3, 107, 0.67891170814560020
4, 94, 0.67891170814560031
4, 95, 0.67891169708013988
4, 105, 0.67891170814560031
4, 115, 0.67891170814560020
4, 116, 0.67891170814560020
5, 49, 0.67891169708013988
5, 50, 0.67891170814560031
5, 55, 0.67891170814560031
5, 122, 0.67891170814560020
5, 123, 0.67891170814560020
6, 97, 0.67891169708013988
6, 98, 0.67891170814560031
6, 103, 0.67891170814560031
6, 131, 0.67891170814560020
6, 132, 0.67891170814560020
7, 81, 0.67891170814560031
7, 82, 0.67891169708013988
7, 86, 0.67891170814560031
7, 99, 0.67891170814560020
7, 100, 0.67891170814560020
8, 72, 0.67891170814560031
8, 73, 0.67891170814560031
8, 126, 0.67891170814560031
8, 127, 0.67891169708013988
8, 137, 0.67891170814560031
9, 62, 0.67891170814560031
9, 63, 0.67891170814560031
9, 113, 0.67891169708013988
9, 114, 0.67891170814560031
9, 119, 0.67891170814560031
10, 88, 0.67891170814560031
10, 89, 0.67891170814560031
10, 110, 0.67891170814560031
10, 111, 0.67891169708013988
10, 121, 0.67891170814560031
11, 78, 0.67891170814560031
11, 79, 0.67891170814560031
11, 129, 0.67891169708013988
11, 130, 0.67891170814560031
11, 135, 0.67891170814560031
12, 42, 0.80066078215722569
12, 44, 0.83895454578694784
12, 48, 0.83895456510660926
12, 50, 0.80066078215722569
12, 147, 0.83895456321546791
12, 148, 0.83895456321546757
13, 43, 0.80066078215722569
13, 44, 0.83895454578694784
13, 45, 0.83895456510660926
13, 46, 0.80066078215722569
13, 144, 0.83895456321546791
13, 146, 0.83895456321546757
14, 45, 0.83895456150944381
14, 47, 0.80066076558828114
14, 48, 0.83895456150944381
14, 49, 0.80066076558828114
14, 54, 0.83895456150944381
14, 56, 0.83895456150944381
15, 51, 0.80066078215722569
15, 53, 0.83895454578694784
15, 56, 0.83895456510660926
15, 57, 0.80066078215722569
15, 138, 0.83895456321546791
15, 139, 0.83895456321546757
16, 52, 0.80066078215722569
16, 53, 0.83895454578694784
16, 54, 0.83895456510660926
16, 55, 0.80066078215722569
16, 141, 0.83895456321546791
16, 143, 0.83895456321546757
17, 58, 0.80066076558828114
17, 60, 0.83895456150944381
17, 64, 0.83895456150944381
17, 66, 0.80066076558828114
17, 68, 0.83895456150944381
17, 69, 0.83895456150944381
18, 59, 0.80066078215722569
18, 60, 0.83895456510660926
18, 61, 0.83895454578694784
18, 62, 0.80066078215722558
18, 138, 0.83895456321546757
18, 140, 0.83895459412062345
19, 61, 0.83895454578694784
19, 63, 0.80066078215722558
19, 64, 0.83895456510660926
19, 65, 0.80066078215722569
19, 156, 0.83895456321546757
19, 157, 0.83895459412062345
20, 67, 0.80066078215722569
20, 68, 0.83895456510660926
20, 71, 0.83895454578694784
20, 73, 0.80066078215722558
20, 141, 0.83895456321546757
20, 142, 0.83895459412062345
21, 69, 0.83895456510660926
21, 70, 0.80066078215722569
21, 71, 0.83895454578694784
21, 72, 0.80066078215722558
21, 159, 0.83895456321546757
21, 161, 0.83895459412062345
22, 74, 0.80066076558828114
22, 76, 0.83895456150944381
22, 80, 0.83895456150944381
22, 82, 0.80066076558828114
22, 84, 0.83895456150944381
22, 85, 0.83895456150944381
23, 75, 0.80066078215722569
23, 76, 0.83895456510660926
23, 77, 0.83895454578694784
23, 78, 0.80066078215722558
23, 147, 0.83895456321546757
23, 149, 0.83895459412062345
24, 77, 0.83895454578694784
24, 79, 0.80066078215722558
24, 80, 0.83895456510660926
24, 81, 0.80066078215722569
24, 153, 0.83895456321546757
24, 154, 0.83895459412062345
25, 83, 0.80066078215722569
25, 84, 0.83895456510660926
25, 87, 0.83895454578694784
25, 89, 0.80066078215722558
25, 144, 0.83895456321546757
25, 145, 0.83895459412062345
26, 85, 0.83895456510660926
26, 86, 0.80066078215722569
26, 87, 0.83895454578694784
26, 88, 0.80066078215722558
26, 150, 0.83895456321546757
26, 152, 0.83895459412062345
27, 90, 0.80066078215722569
27, 92, 0.83895454578694784
27, 96, 0.83895456510660926
27, 98, 0.80066078215722569
27, 159, 0.83895456321546791
27, 160, 0.83895456321546757
28, 91, 0.80066078215722569
28, 92, 0.83895454578694784
28, 93, 0.83895456510660926
28, 94, 0.80066078215722569
28, 156, 0.83895456321546791
28, 158, 0.83895456321546757
29, 93, 0.83895456150944381
29, 95, 0.80066076558828114
29, 96, 0.83895456150944381
29, 97, 0.80066076558828114
29, 102, 0.83895456150944381
29, 104, 0.83895456150944381
30, 99, 0.80066078215722569
30, 101, 0.83895454578694784
30, 104, 0.83895456510660926
30, 105, 0.80066078215722569
30, 150, 0.83895456321546791
30, 151, 0.83895456321546757
31, 100, 0.80066078215722569
31, 101, 0.83895454578694784
31, 102, 0.83895456510660926
31, 103, 0.80066078215722569
31, 153, 0.83895456321546791
31, 155, 0.83895456321546757
32, 106, 0.80066078215722558
32, 108, 0.83895454578694784
32, 112, 0.83895456510660926
32, 114, 0.80066078215722569
32, 139, 0.83895456321546791
32, 140, 0.83895459412062356
33, 107, 0.80066078215722558
33, 108, 0.83895454578694784
33, 109, 0.83895456510660926
33, 110, 0.80066078215722569
33, 145, 0.83895459412062356
33, 146, 0.83895456321546791
34, 109, 0.83895456150944381
34, 111, 0.80066076558828114
34, 112, 0.83895456150944381
34, 113, 0.80066076558828114
34, 118, 0.83895456150944381
34, 120, 0.83895456150944381
35, 115, 0.80066078215722558
35, 117, 0.83895454578694784
35, 120, 0.83895456510660926
35, 121, 0.80066078215722569
35, 151, 0.83895456321546791
35, 152, 0.83895459412062356
36, 116, 0.80066078215722558
36, 117, 0.83895454578694784
36, 118, 0.83895456510660926
36, 119, 0.80066078215722569
36, 157, 0.83895459412062356
36, 158, 0.83895456321546791
37, 122, 0.80066078215722558
37, 124, 0.83895454578694784
37, 128, 0.83895456510660926
37, 130, 0.80066078215722569
37, 148, 0.83895456321546791
37, 149, 0.83895459412062356
38, 123, 0.80066078215722558
38, 124, 0.83895454578694784
38, 125, 0.83895456510660926
38, 126, 0.80066078215722569
38, 142, 0.83895459412062356
38, 143, 0.83895456321546791
39, 125, 0.83895456150944381
39, 127, 0.80066076558828114
39, 128, 0.83895456150944381
39, 129, 0.80066076558828114
39, 134, 0.83895456150944381
39, 136, 0.83895456150944381
40, 131, 0.80066078215722558
40, 133, 0.83895454578694784
40, 136, 0.83895456510660926
40, 137, 0.80066078215722569
40, 160, 0.83895456321546791
40, 161, 0.83895459412062356
41, 132, 0.80066078215722558
41, 133, 0.83895454578694784
41, 134, 0.83895456510660926
41, 135, 0.80066078215722569
41, 154, 0.83895459412062356
41, 155, 0.83895456321546791
42, 43, 0.79168763439458012
42, 44, 0.78978116497876139
42, 75, 0.79168765129851271
42, 147, 0.78978116310425051
43, 44, 0.78978116497876139
43, 83, 0.79168765129851271
43, 144, 0.78978116310425051
44, 45, 0.87126854385745311
44, 48, 0.87126854385745311
45, 46, 0.78978114820523948
45, 47, 0.78978116174338797
45, 48, 0.87126852525432752
46, 47, 0.79168765129851282
46, 107, 0.79168765129851271
46, 146, 0.78978116310425028
47, 56, 0.78978116174338797
47, 57, 0.79168765129851282
48, 49, 0.78978116174338797
48, 50, 0.78978114820523948
49, 50, 0.79168765129851282
49, 54, 0.78978116174338797
49, 55, 0.79168765129851282
50, 122, 0.79168765129851271
50, 148, 0.78978116310425028
51, 52, 0.79168763439458012
51, 53, 0.78978116497876139
51, 59, 0.79168765129851271
51, 138, 0.78978116310425051
52, 53, 0.78978116497876139
52, 67, 0.79168765129851271
52, 141, 0.78978116310425051
53, 54, 0.87126854385745311
53, 56, 0.87126854385745311
54, 55, 0.78978114820523948
54, 56, 0.87126852525432752
55, 123, 0.79168765129851271
55, 143, 0.78978116310425028
56, 57, 0.78978114820523948
57, 106, 0.79168765129851271
57, 139, 0.78978116310425028
58, 59, 0.79168765129851282
58, 60, 0.78978116174338797
58, 67, 0.79168765129851282
58, 68, 0.78978116174338797
59, 60, 0.78978114820523948
59, 138, 0.78978116310425028
60, 61, 0.87126854385745311
60, 64, 0.87126852525432752
61, 62, 0.78978116497876139
61, 63, 0.78978116497876139
61, 64, 0.87126854385745311
62, 63, 0.79168763439458012
62, 114, 0.79168765129851271
62, 140, 0.78978119219796739
63, 119, 0.79168765129851271
63, 157, 0.78978119219796739
64, 65, 0.78978114820523948
64, 66, 0.78978116174338797
65, 66, 0.79168765129851282
65, 91, 0.79168765129851271
65, 156, 0.78978116310425028
66, 69, 0.78978116174338797
66, 70, 0.79168765129851282
67, 68, 0.78978114820523948
67, 141, 0.78978116310425028
68, 69, 0.87126852525432752
68, 71, 0.87126854385745311
69, 70, 0.78978114820523948
69, 71, 0.87126854385745311
70, 90, 0.79168765129851271
70, 159, 0.78978116310425028
71, 72, 0.78978116497876139
71, 73, 0.78978116497876139
72, 73, 0.79168763439458012
72, 137, 0.79168765129851271
72, 161, 0.78978119219796739
73, 126, 0.79168765129851271
73, 142, 0.78978119219796739
74, 75, 0.79168765129851282
74, 76, 0.78978116174338797
74, 83, 0.79168765129851282
74, 84, 0.78978116174338797
75, 76, 0.78978114820523948
75, 147, 0.78978116310425028
76, 77, 0.87126854385745311
76, 80, 0.87126852525432752
77, 78, 0.78978116497876139
77, 79, 0.78978116497876139
77, 80, 0.87126854385745311
78, 79, 0.79168763439458012
78, 130, 0.79168765129851271
78, 149, 0.78978119219796739
79, 135, 0.79168765129851271
79, 154, 0.78978119219796739
80, 81, 0.78978114820523948
80, 82, 0.78978116174338797
81, 82, 0.79168765129851282
81, 100, 0.79168765129851271
81, 153, 0.78978116310425028
82, 85, 0.78978116174338797
82, 86, 0.79168765129851282
83, 84, 0.78978114820523948
83, 144, 0.78978116310425028
84, 85, 0.87126852525432752
84, 87, 0.87126854385745311
85, 86, 0.78978114820523948
85, 87, 0.87126854385745311
86, 99, 0.79168765129851271
86, 150, 0.78978116310425028
87, 88, 0.78978116497876139
87, 89, 0.78978116497876139
88, 89, 0.79168763439458012
88, 121, 0.79168765129851271
88, 152, 0.78978119219796739
89, 110, 0.79168765129851271
89, 145, 0.78978119219796739
90, 91, 0.79168763439458012
90, 92, 0.78978116497876139
90, 159, 0.78978116310425051
91, 92, 0.78978116497876139
91, 156, 0.78978116310425051
92, 93, 0.87126854385745311
92, 96, 0.87126854385745311
93, 94, 0.78978114820523948
93, 95, 0.78978116174338797
93, 96, 0.87126852525432752
94, 95, 0.79168765129851282
94, 116, 0.79168765129851271
94, 158, 0.78978116310425028
95, 104, 0.78978116174338797
95, 105, 0.79168765129851282
96, 97, 0.78978116174338797
96, 98, 0.78978114820523948
97, 98, 0.79168765129851282
97, 102, 0.78978116174338797
97, 103, 0.79168765129851282
98, 131, 0.79168765129851271
98, 160, 0.78978116310425028
99, 100, 0.79168763439458012
99, 101, 0.78978116497876139
99, 150, 0.78978116310425051
100, 101, 0.78978116497876139
100, 153, 0.78978116310425051
101, 102, 0.87126854385745311
101, 104, 0.87126854385745311
102, 103, 0.78978114820523948
102, 104, 0.87126852525432752
103, 132, 0.79168765129851271
103, 155, 0.78978116310425028
104, 105, 0.78978114820523948
105, 115, 0.79168765129851271
105, 151, 0.78978116310425028
106, 107, 0.79168763439458012
106, 108, 0.78978116497876139
106, 139, 0.78978116310425039
107, 108, 0.78978116497876139
107, 146, 0.78978116310425039
108, 109, 0.87126854385745311
108, 112, 0.87126854385745311
109, 110, 0.78978114820523948
109, 111, 0.78978116174338797
109, 112, 0.87126852525432752
110, 111, 0.79168765129851282
110, 145, 0.78978119219796739
111, 120, 0.78978116174338797
111, 121, 0.79168765129851282
112, 113, 0.78978116174338797
112, 114, 0.78978114820523948
113, 114, 0.79168765129851282
113, 118, 0.78978116174338797
113, 119, 0.79168765129851282
114, 140, 0.78978119219796739
115, 116, 0.79168763439458012
115, 117, 0.78978116497876139
115, 151, 0.78978116310425039
116, 117, 0.78978116497876139
116, 158, 0.78978116310425039
117, 118, 0.87126854385745311
117, 120, 0.87126854385745311
118, 119, 0.78978114820523948
118, 120, 0.87126852525432752
119, 157, 0.78978119219796739
120, 121, 0.78978114820523948
121, 152, 0.78978119219796739
122, 123, 0.79168763439458012
122, 124, 0.78978116497876139
122, 148, 0.78978116310425039
123, 124, 0.78978116497876139
123, 143, 0.78978116310425039
124, 125, 0.87126854385745311
124, 128, 0.87126854385745311
125, 126, 0.78978114820523948
125, 127, 0.78978116174338797
125, 128, 0.87126852525432752
126, 127, 0.79168765129851282
126, 142, 0.78978119219796739
127, 136, 0.78978116174338797
127, 137, 0.79168765129851282
128, 129, 0.78978116174338797
128, 130, 0.78978114820523948
129, 130, 0.79168765129851282
129, 134, 0.78978116174338797
129, 135, 0.79168765129851282
130, 149, 0.78978119219796739
131, 132, 0.79168763439458012
131, 133, 0.78978116497876139
131, 160, 0.78978116310425039
132, 133, 0.78978116497876139
132, 155, 0.78978116310425039
133, 134, 0.87126854385745311
133, 136, 0.87126854385745311
134, 135, 0.78978114820523948
134, 136, 0.87126852525432752
135, 154, 0.78978119219796739
136, 137, 0.78978114820523948
137, 161, 0.78978119219796739
138, 139, 0.87126854385745311
138, 140, 0.87126857595300300
139, 140, 0.87126857595300311
141, 142, 0.87126857595300300
141, 143, 0.87126854385745311
142, 143, 0.87126857595300311
144, 145, 0.87126857595300300
144, 146, 0.87126854385745311
145, 146, 0.87126857595300311
147, 148, 0.87126854385745311
147, 149, 0.87126857595300300
148, 149, 0.87126857595300311
150, 151, 0.87126854385745311
150, 152, 0.87126857595300300
151, 152, 0.87126857595300311
153, 154, 0.87126857595300300
153, 155, 0.87126854385745311
154, 155, 0.87126857595300311
156, 157, 0.87126857595300300
156, 158, 0.87126854385745311
157, 158, 0.87126857595300311
159, 160, 0.87126854385745311
159, 161, 0.87126857595300300
160, 161, 0.87126857595300311
