source_idx: 158
h_value: 0.60000001287908822

points:
0.00000000000000000, 1.05730663913904865, -1.71075811904194786, 4.78607579659237015
0.00000000000000000, 1.05730663913904865, 1.71075811904194786, 3.15905473400422787
0.00000000000000000, -1.05730663913904865, 1.71075811904194786, 1.53203370075681233
-1.05730663913904865, 1.71075811904194786, 0.00000000000000000, 3.72224604035949191
-1.05730663913904865, -1.71075811904194786, 0.00000000000000000, 0.93244946038514109
1.05730663913904865, 1.71075811904194786, 0.00000000000000000, 5.38566003696404128
1.05730663913904865, -1.71075811904194786, 0.00000000000000000, 2.59586345698969057
0.00000000000000000, -1.05730663913904865, -1.71075811904194786, 3.15905476334495505
1.71075811904194786, 0.00000000000000000, 1.05730663913904865, 3.72224602509447422
-1.71075811904194786, 0.00000000000000000, 1.05730663913904865, 1.53203370075681211
-1.71075811904194786, 0.00000000000000000, -1.05730663913904865, 2.59586347225470826
1.71075811904194786, 0.00000000000000000, -1.05730663913904865, 4.78607579659237015
0.62146922793551951, 1.62702758543449222, -1.00555835749897260, 5.68629854375793187
-0.62146922793551951, 1.62702758543449222, -1.00555835749897260, 4.42267666448011809
0.00000000000000000, 2.01111671499794520, 0.00000000000000000, 4.68547763765691716
-0.62146922793551951, 1.62702758543449222, 1.00555835749897260, 3.48723503714758021
0.62146922793551951, 1.62702758543449222, 1.00555835749897260, 4.27235738548413391
0.00000000000000000, 0.00000000000000000, 2.01111671499794520, 2.27552813451740032
-1.00555835749897260, 0.62146922793551951, 1.62702758543449222, 2.27552812680926708
-1.00555835749897260, -0.62146922793551951, 1.62702758543449222, 1.11330265321150779
1.00555835749897260, 0.62146922793551951, 1.62702758543449222, 3.48723502840845878
1.00555835749897260, -0.62146922793551951, 1.62702758543449222, 2.62411579027426667
0.00000000000000000, 0.00000000000000000, -2.01111671499794520, 4.04258136283178171
1.00555835749897260, 0.62146922793551951, -1.62702758543449222, 5.20480684413767491
1.00555835749897260, -0.62146922793551951, -1.62702758543449222, 4.04258137053991540
-1.00555835749897260, 0.62146922793551951, -1.62702758543449222, 3.69399370707491537
-1.00555835749897260, -0.62146922793551951, -1.62702758543449222, 2.83087446894072414
0.62146922793551951, -1.62702758543449222, 1.00555835749897260, 1.89543283286906483
-0.62146922793551951, -1.62702758543449222, 1.00555835749897260, 0.63181095359125095
0.00000000000000000, -2.01111671499794520, 0.00000000000000000, 1.63263185969226554
-0.62146922793551951, -1.62702758543449222, -1.00555835749897260, 2.04575211186504813
0.62146922793551951, -1.62702758543449222, -1.00555835749897260, 2.83087446020160272
-1.62702758543449222, 1.00555835749897260, 0.62146922793551951, 2.62411579921159355
-1.62702758543449222, 1.00555835749897260, -0.62146922793551951, 3.15905475729761420
-2.01111671499794520, 0.00000000000000000, 0.00000000000000000, 1.89543285544443285
-1.62702758543449222, -1.00555835749897260, -0.62146922793551951, 1.63263185601955407
-1.62702758543449222, -1.00555835749897260, 0.62146922793551951, 0.63181095359125095
1.62702758543449222, 1.00555835749897260, -0.62146922793551951, 5.68629854375793187
1.62702758543449222, 1.00555835749897260, 0.62146922793551951, 4.68547764132962818
2.01111671499794520, 0.00000000000000000, 0.00000000000000000, 4.42267664190474985
1.62702758543449222, -1.00555835749897260, 0.62146922793551951, 3.15905474005156828
1.62702758543449222, -1.00555835749897260, -0.62146922793551951, 3.69399369813758893
0.29688286289796750, 1.37101516287969183, -1.44109972255736785, 5.24384871204439129
-0.29688286289796750, 1.37101516287969183, -1.44109972255736785, 4.68261387681964436
0.00000000000000000, 1.71075798429158099, -1.05730659035083541, 5.05448760411902498
-0.32672569697037274, 1.91268558249662579, -0.52865329517541770, 4.63785794896197334
-0.89064858869390251, 1.73798258545533524, -0.48036657418578926, 4.06638949739436306
-0.59376572579593501, 1.92146629674315705, 0.00000000000000000, 4.17505237232218906
0.32672569697037274, 1.91268558249662579, -0.52865329517541770, 5.24823156514409650
0.59376572579593501, 1.92146629674315705, 0.00000000000000000, 5.13195291889324512
0.89064858869390251, 1.73798258545533524, -0.48036657418578926, 5.72361143483363755
-0.29688286289796750, 1.37101516287969183, 1.44109972255736785, 3.31529241273235398
0.29688286289796750, 1.37101516287969183, 1.44109972255736785, 3.66960840751306616
0.00000000000000000, 1.71075798429158099, 1.05730659035083541, 3.90357340904050165
0.32672569697037274, 1.91268558249662579, 0.52865329517541770, 4.55105626740726166
0.89064858869390251, 1.73798258545533524, 0.48036657418578926, 4.87510636345520254
-0.32672569697037274, 1.91268558249662579, 0.52865329517541770, 4.09150421412821785
-0.89064858869390251, 1.73798258545533524, 0.48036657418578926, 3.63163353074759643
0.00000000000000000, 0.59376572579593501, 1.92146629674315705, 2.74756542038637530
-0.48036657418578926, 0.89064858869390251, 1.73798258545533524, 2.74756541805619348
-0.52865329517541770, 0.32672569697037274, 1.91268558249662579, 2.22660528828944937
-1.05730659035083541, 0.00000000000000000, 1.71075798429158099, 1.68025156262507336
-1.44109972255736785, 0.29688286289796750, 1.37101516287969183, 1.84078666453207185
-1.44109972255736785, -0.29688286289796750, 1.37101516287969183, 1.25085863072240233
-0.52865329517541770, -0.32672569697037274, 1.91268558249662579, 1.68025156672568032
-0.48036657418578926, -0.89064858869390251, 1.73798258545533524, 1.25085863072240233
0.00000000000000000, -0.59376572579593501, 1.92146629674315705, 1.84078667316624034
0.48036657418578926, 0.89064858869390251, 1.73798258545533524, 3.31529240860057683
0.52865329517541770, 0.32672569697037274, 1.91268558249662579, 2.88023289645393321
0.52865329517541770, -0.32672569697037274, 1.91268558249662579, 2.41453609006806813
0.48036657418578926, -0.89064858869390251, 1.73798258545533524, 2.03104119984621478
1.05730659035083541, 0.00000000000000000, 1.71075798429158099, 3.05284576912484518
1.44109972255736785, -0.29688286289796750, 1.37101516287969183, 3.21868096298963380
1.44109972255736785, 0.29688286289796750, 1.37101516287969183, 3.63163351804043488
0.00000000000000000, 0.59376572579593501, -1.92146629674315705, 4.47732282418294147
0.48036657418578926, 0.89064858869390251, -1.73798258545533524, 5.06725086662677970
0.52865329517541770, 0.32672569697037274, -1.91268558249662579, 4.63785793062350216
1.05730659035083541, 0.00000000000000000, -1.71075798429158099, 4.63785793472410912
1.44109972255736785, 0.29688286289796750, -1.37101516287969183, 5.06725086662677970
1.44109972255736785, -0.29688286289796750, -1.37101516287969183, 4.47732283281711041
0.52865329517541770, -0.32672569697037274, -1.91268558249662579, 4.09150420905973267
0.48036657418578926, -0.89064858869390251, -1.73798258545533524, 3.57054407929298900
0.00000000000000000, -0.59376572579593501, -1.92146629674315705, 3.57054407696280718
-0.48036657418578926, 0.89064858869390251, -1.73798258545533524, 4.28706829750296770
-0.52865329517541770, 0.32672569697037274, -1.91268558249662579, 3.90357340728111479
-0.52865329517541770, -0.32672569697037274, -1.91268558249662579, 3.43787660089524927
-0.48036657418578926, -0.89064858869390251, -1.73798258545533524, 3.00281708874860609
-1.05730659035083541, 0.00000000000000000, -1.71075798429158099, 3.26526372822433686
-1.44109972255736785, -0.29688286289796750, -1.37101516287969183, 2.68647597930874804
-1.44109972255736785, 0.29688286289796750, -1.37101516287969183, 3.09942853435954913
0.29688286289796750, -1.37101516287969183, 1.44109972255736785, 1.63549562052953790
-0.29688286289796750, -1.37101516287969183, 1.44109972255736785, 1.07426078530479074
0.00000000000000000, -1.71075798429158099, 1.05730659035083541, 1.26362189323015772
-0.32672569697037274, -1.91268558249662579, 0.52865329517541770, 1.06987793220508687
-0.89064858869390251, -1.73798258545533524, 0.48036657418578926, 0.59449806251554593
-0.59376572579593501, -1.92146629674315705, 0.00000000000000000, 1.18615657845593825
0.32672569697037274, -1.91268558249662579, 0.52865329517541770, 1.68025154838720936
0.59376572579593501, -1.92146629674315705, 0.00000000000000000, 2.14305712502699430
0.89064858869390251, -1.73798258545533524, 0.48036657418578926, 2.25171999995481942
-0.29688286289796750, -1.37101516287969183, -1.44109972255736785, 2.64850108983611632
0.29688286289796750, -1.37101516287969183, -1.44109972255736785, 3.00281708461682850
0.00000000000000000, -1.71075798429158099, -1.05730659035083541, 2.41453608830868083
0.32672569697037274, -1.91268558249662579, -0.52865329517541770, 2.22660528322096418
0.89064858869390251, -1.73798258545533524, -0.48036657418578926, 2.68647596660158650
-0.32672569697037274, -1.91268558249662579, -0.52865329517541770, 1.76705322994192038
-0.89064858869390251, -1.73798258545533524, -0.48036657418578926, 1.44300313389397994
-1.37101516287969183, 1.44109972255736785, 0.29688286289796750, 3.21868097535301345
-1.37101516287969183, 1.44109972255736785, -0.29688286289796750, 3.47248313653441798
-1.71075798429158099, 1.05730659035083541, 0.00000000000000000, 2.88023291413061111
-1.91268558249662579, 0.52865329517541770, -0.32672569697037274, 2.52724380370636270
-1.73798258545533524, 0.48036657418578926, -0.89064858869390251, 2.84562637749417657
-1.92146629674315705, 0.00000000000000000, -0.59376572579593501, 2.25172001912713737
-1.91268558249662579, 0.52865329517541770, 0.32672569697037274, 2.22660530349490715
-1.92146629674315705, 0.00000000000000000, 0.59376572579593501, 1.63549563682050070
-1.73798258545533524, 0.48036657418578926, 0.89064858869390251, 2.03104120471088256
-1.37101516287969183, -1.44109972255736785, -0.29688286289796750, 1.18615656908382849
-1.37101516287969183, -1.44109972255736785, 0.29688286289796750, 0.59449806251554593
-1.71075798429158099, -1.05730659035083541, 0.00000000000000000, 1.06987793344019377
-1.91268558249662579, -0.52865329517541770, 0.32672569697037274, 1.26362190718250278
-1.73798258545533524, -0.48036657418578926, 0.89064858869390251, 1.07426078530479074
-1.91268558249662579, -0.52865329517541770, -0.32672569697037274, 1.68025156061285652
-1.73798258545533524, -0.48036657418578926, -0.89064858869390251, 2.14305713293860522
1.37101516287969183, 1.44109972255736785, -0.29688286289796750, 5.72361143483363755
1.37101516287969183, 1.44109972255736785, 0.29688286289796750, 5.13195292826535443
1.71075798429158099, 1.05730659035083541, 0.00000000000000000, 5.24823156390898848
1.91268558249662579, 0.52865329517541770, 0.32672569697037274, 4.63785793673632618
1.73798258545533524, 0.48036657418578926, 0.89064858869390251, 4.17505236441057725
1.92146629674315705, 0.00000000000000000, 0.59376572579593501, 4.06638947822204511
1.91268558249662579, 0.52865329517541770, -0.32672569697037274, 5.05448759016667992
1.92146629674315705, 0.00000000000000000, -0.59376572579593501, 4.68261386052868200
1.73798258545533524, 0.48036657418578926, -0.89064858869390251, 5.24384871204439129
1.37101516287969183, -1.44109972255736785, 0.29688286289796750, 2.84562636081476450
1.37101516287969183, -1.44109972255736785, -0.29688286289796750, 3.09942852199616903
1.71075798429158099, -1.05730659035083541, 0.00000000000000000, 3.43787658321857137
1.91268558249662579, -0.52865329517541770, -0.32672569697037274, 4.09150419385427533
1.73798258545533524, -0.48036657418578926, -0.89064858869390251, 4.28706829263830080
1.91268558249662579, -0.52865329517541770, 0.32672569697037274, 3.79086569364281933
1.73798258545533524, -0.48036657418578926, 0.89064858869390251, 3.47248311985500591
-0.85537899214579050, 1.18210468911616329, 1.38403228732120809, 2.88023289976610730
-1.18210468911616329, 1.38403228732120809, 0.85537899214579050, 3.05284577796465140
-1.38403238929033701, 0.85537905516617763, 1.18210477620819598, 2.41453609141212056
0.85537899214579050, 1.18210468911616329, 1.38403228732120809, 3.90357340593706237
1.38403238929033701, 0.85537905516617763, 1.18210477620819598, 4.09150420852463892
1.18210468911616329, 1.38403228732120809, 0.85537899214579050, 4.55105626903480065
-0.85537899214579050, 1.18210468911616329, -1.38403228732120809, 4.09150420852463803
-1.38403238929033701, 0.85537905516617763, -1.18210477620819598, 3.43787659758307518
-1.18210468911616329, 1.38403228732120809, -0.85537899214579050, 3.79086571088886615
0.85537899214579050, 1.18210468911616329, -1.38403228732120809, 5.66174892914232597
1.18210468911616329, 1.38403228732120809, -0.85537899214579050, 6.31810949734918204
1.38403238929033701, 0.85537905516617763, -1.18210477620819598, 5.66174892914232597
-0.85537899214579050, -1.18210468911616329, -1.38403228732120809, 2.41453609141212056
-1.18210468911616329, -1.38403228732120809, -0.85537899214579050, 1.76705322831438161
-1.38403238929033701, -0.85537905516617763, -1.18210477620819598, 2.22660528882454400
0.85537899214579050, -1.18210468911616329, -1.38403228732120809, 3.43787659758307518
1.38403238929033701, -0.85537905516617763, -1.18210477620819598, 3.90357340593706237
1.18210468911616329, -1.38403228732120809, -0.85537899214579050, 3.26526371938453108
-0.85537899214579050, -1.18210468911616329, 1.38403228732120809, 0.65636056820685651
-1.38403238929033701, -0.85537905516617763, 1.18210477620819598, 0.65636056820685651
-1.18210468911616329, -1.38403228732120809, 0.85537899214579050, 0.00000000000000000
0.85537899214579050, -1.18210468911616329, 1.38403228732120809, 2.22660528882454445
1.18210468911616329, -1.38403228732120809, 0.85537899214579050, 2.52724378646031678
1.38403238929033701, -0.85537905516617763, 1.18210477620819598, 2.88023289976610730

graph:
0, 42, 0.50918378110920026
0, 43, 0.50918378110920026
0, 74, 0.50918377281010474
0, 75, 0.50918378110920026
0, 83, 0.50918378110920026
1, 51, 0.50918378110920026
1, 52, 0.50918378110920026
1, 58, 0.50918377281010474
1, 59, 0.50918378110920026
1, 67, 0.50918378110920026
2, 65, 0.50918378110920026
2, 66, 0.50918377281010474
2, 70, 0.50918378110920026
2, 90, 0.50918378110920026
2, 91, 0.50918378110920026
3, 46, 0.50918378110920015
3, 47, 0.50918377281010474
3, 57, 0.50918378110920015
3, 106, 0.50918378110920026
3, 107, 0.50918378110920026
4, 94, 0.50918378110920015
4, 95, 0.50918377281010474
4, 105, 0.50918378110920015
4, 115, 0.50918378110920026
4, 116, 0.50918378110920026
5, 49, 0.50918377281010474
5, 50, 0.50918378110920015
5, 55, 0.50918378110920015
5, 122, 0.50918378110920026
5, 123, 0.50918378110920026
6, 97, 0.50918377281010474
6, 98, 0.50918378110920015
6, 103, 0.50918378110920015
6, 131, 0.50918378110920026
6, 132, 0.50918378110920026
7, 81, 0.50918378110920026
7, 82, 0.50918377281010474
7, 86, 0.50918378110920026
7, 99, 0.50918378110920026
7, 100, 0.50918378110920026
8, 72, 0.50918378110920026
8, 73, 0.50918378110920026
8, 126, 0.50918378110920026
8, 127, 0.50918377281010474
8, 137, 0.50918378110920026
9, 62, 0.50918378110920026
9, 63, 0.50918378110920026
9, 113, 0.50918377281010474
9, 114, 0.50918378110920026
9, 119, 0.50918378110920026
10, 88, 0.50918378110920026
10, 89, 0.50918378110920026
10, 110, 0.50918378110920026
10, 111, 0.50918377281010474
10, 121, 0.50918378110920026
11, 78, 0.50918378110920026
11, 79, 0.50918378110920026
11, 129, 0.50918377281010474
11, 130, 0.50918378110920026
11, 135, 0.50918378110920026
12, 42, 0.60049558661791924
12, 44, 0.62921590934021099
12, 48, 0.62921592382995684
12, 50, 0.60049558661791902
12, 147, 0.62921592241160063
12, 148, 0.62921592241160074
13, 43, 0.60049558661791924
13, 44, 0.62921590934021099
13, 45, 0.62921592382995684
13, 46, 0.60049558661791902
13, 144, 0.62921592241160063
13, 146, 0.62921592241160074
14, 45, 0.62921592113208280
14, 47, 0.60049557419121069
14, 48, 0.62921592113208280
14, 49, 0.60049557419121069
14, 54, 0.62921592113208280
14, 56, 0.62921592113208280
15, 51, 0.60049558661791924
15, 53, 0.62921590934021099
15, 56, 0.62921592382995684
15, 57, 0.60049558661791902
15, 138, 0.62921592241160063
15, 139, 0.62921592241160074
16, 52, 0.60049558661791924
16, 53, 0.62921590934021099
16, 54, 0.62921592382995684
16, 55, 0.60049558661791902
16, 141, 0.62921592241160063
16, 143, 0.62921592241160074
17, 58, 0.60049557419121069
17, 60, 0.62921592113208280
17, 64, 0.62921592113208280
17, 66, 0.60049557419121069
17, 68, 0.62921592113208280
17, 69, 0.62921592113208280
18, 59, 0.60049558661791902
18, 60, 0.62921592382995695
18, 61, 0.62921590934021099
18, 62, 0.60049558661791924
18, 138, 0.62921592241160074
18, 140, 0.62921594559046756
19, 61, 0.62921590934021099
19, 63, 0.60049558661791924
19, 64, 0.62921592382995695
19, 65, 0.60049558661791902
19, 156, 0.62921592241160074
19, 157, 0.62921594559046756
20, 67, 0.60049558661791902
20, 68, 0.62921592382995695
20, 71, 0.62921590934021099
20, 73, 0.60049558661791924
20, 141, 0.62921592241160074
20, 142, 0.62921594559046756
21, 69, 0.62921592382995695
21, 70, 0.60049558661791902
21, 71, 0.62921590934021099
21, 72, 0.60049558661791924
21, 159, 0.62921592241160074
21, 161, 0.62921594559046756
22, 74, 0.60049557419121069
22, 76, 0.62921592113208280
22, 80, 0.62921592113208280
22, 82, 0.60049557419121069
22, 84, 0.62921592113208280
22, 85, 0.62921592113208280
23, 75, 0.60049558661791902
23, 76, 0.62921592382995695
23, 77, 0.62921590934021099
23, 78, 0.60049558661791924
23, 147, 0.62921592241160074
23, 149, 0.62921594559046756
24, 77, 0.62921590934021099
24, 79, 0.60049558661791924
24, 80, 0.62921592382995695
24, 81, 0.60049558661791902
24, 153, 0.62921592241160074
24, 154, 0.62921594559046756
25, 83, 0.60049558661791902
25, 84, 0.62921592382995695
25, 87, 0.62921590934021099
25, 89, 0.60049558661791924
25, 144, 0.62921592241160074
25, 145, 0.62921594559046756
26, 85, 0.62921592382995695
26, 86, 0.60049558661791902
26, 87, 0.62921590934021099
26, 88, 0.60049558661791924
26, 150, 0.62921592241160074
26, 152, 0.62921594559046756
27, 90, 0.60049558661791924
27, 92, 0.62921590934021099
27, 96, 0.62921592382995684
27, 98, 0.60049558661791902
27, 159, 0.62921592241160063
27, 160, 0.62921592241160074
28, 91, 0.60049558661791924
28, 92, 0.62921590934021099
28, 93, 0.62921592382995684
28, 94, 0.60049558661791902
28, 156, 0.62921592241160063
28, 158, 0.62921592241160074
29, 93, 0.62921592113208280
29, 95, 0.60049557419121069
29, 96, 0.62921592113208280
29, 97, 0.60049557419121069
29, 102, 0.62921592113208280
29, 104, 0.62921592113208280
30, 99, 0.60049558661791924
30, 101, 0.62921590934021099
30, 104, 0.62921592382995684
30, 105, 0.60049558661791902
30, 150, 0.62921592241160063
30, 151, 0.62921592241160074
31, 100, 0.60049558661791924
31, 101, 0.62921590934021099
31, 102, 0.62921592382995684
31, 103, 0.60049558661791902
31, 153, 0.62921592241160063
31, 155, 0.62921592241160074
32, 106, 0.60049558661791924
32, 108, 0.62921590934021088
32, 112, 0.62921592382995695
32, 114, 0.60049558661791902
32, 139, 0.62921592241160063
32, 140, 0.62921594559046745
33, 107, 0.60049558661791924
33, 108, 0.62921590934021088
33, 109, 0.62921592382995695
33, 110, 0.60049558661791902
33, 145, 0.62921594559046745
33, 146, 0.62921592241160063
34, 109, 0.62921592113208280
34, 111, 0.60049557419121069
34, 112, 0.62921592113208280
34, 113, 0.60049557419121069
34, 118, 0.62921592113208280
34, 120, 0.62921592113208280
35, 115, 0.60049558661791924
35, 117, 0.62921590934021088
35, 120, 0.62921592382995695
35, 121, 0.60049558661791902
35, 151, 0.62921592241160063
35, 152, 0.62921594559046745
36, 116, 0.60049558661791924
36, 117, 0.62921590934021088
36, 118, 0.62921592382995695
36, 119, 0.60049558661791902
36, 157, 0.62921594559046745
36, 158, 0.62921592241160063
37, 122, 0.60049558661791924
37, 124, 0.62921590934021088
37, 128, 0.62921592382995695
37, 130, 0.60049558661791902
37, 148, 0.62921592241160063
37, 149, 0.62921594559046745
38, 123, 0.60049558661791924
38, 124, 0.62921590934021088
38, 125, 0.62921592382995695
38, 126, 0.60049558661791902
38, 142, 0.62921594559046745
38, 143, 0.62921592241160063
39, 125, 0.62921592113208280
39, 127, 0.60049557419121069
39, 128, 0.62921592113208280
39, 129, 0.60049557419121069
39, 134, 0.62921592113208280
39, 136, 0.62921592113208280
40, 131, 0.60049558661791924
40, 133, 0.62921590934021088
40, 136, 0.62921592382995695
40, 137, 0.60049558661791902
40, 160, 0.62921592241160063
40, 161, 0.62921594559046745
41, 132, 0.60049558661791924
41, 133, 0.62921590934021088
41, 134, 0.62921592382995695
41, 135, 0.60049558661791902
41, 154, 0.62921594559046745
41, 155, 0.62921592241160063
42, 43, 0.59376572579593501
42, 44, 0.59233587373407082
42, 75, 0.59376573847388459
42, 147, 0.59233587232818774
43, 44, 0.59233587373407082
43, 83, 0.59376573847388459
43, 144, 0.59233587232818774
44, 45, 0.65345140789308975
44, 48, 0.65345140789308975
45, 46, 0.59233586115392944
45, 47, 0.59233587130754095
45, 48, 0.65345139394074547
46, 47, 0.59376573847388459
46, 107, 0.59376573847388459
46, 146, 0.59233587232818774
47, 56, 0.59233587130754095
47, 57, 0.59376573847388459
48, 49, 0.59233587130754095
48, 50, 0.59233586115392944
49, 50, 0.59376573847388459
49, 54, 0.59233587130754095
49, 55, 0.59376573847388459
50, 122, 0.59376573847388459
50, 148, 0.59233587232818774
51, 52, 0.59376572579593501
51, 53, 0.59233587373407082
51, 59, 0.59376573847388459
51, 138, 0.59233587232818774
52, 53, 0.59233587373407082
52, 67, 0.59376573847388459
52, 141, 0.59233587232818774
53, 54, 0.65345140789308975
53, 56, 0.65345140789308975
54, 55, 0.59233586115392944
54, 56, 0.65345139394074547
55, 123, 0.59376573847388459
55, 143, 0.59233587232818774
56, 57, 0.59233586115392944
57, 106, 0.59376573847388459
57, 139, 0.59233587232818774
58, 59, 0.59376573847388459
58, 60, 0.59233587130754095
58, 67, 0.59376573847388459
58, 68, 0.59233587130754095
59, 60, 0.59233586115392944
59, 138, 0.59233587232818774
60, 61, 0.65345140789308975
60, 64, 0.65345139394074547
61, 62, 0.59233587373407082
61, 63, 0.59233587373407082
61, 64, 0.65345140789308975
62, 63, 0.59376572579593501
62, 114, 0.59376573847388459
62, 140, 0.59233589414847543
63, 119, 0.59376573847388459
63, 157, 0.59233589414847543
64, 65, 0.59233586115392944
64, 66, 0.59233587130754095
65, 66, 0.59376573847388459
65, 91, 0.59376573847388459
65, 156, 0.59233587232818774
66, 69, 0.59233587130754095
66, 70, 0.59376573847388459
67, 68, 0.59233586115392944
67, 141, 0.59233587232818774
68, 69, 0.65345139394074547
68, 71, 0.65345140789308975
69, 70, 0.59233586115392944
69, 71, 0.65345140789308975
70, 90, 0.59376573847388459
70, 159, 0.59233587232818774
71, 72, 0.59233587373407082
71, 73, 0.59233587373407082
72, 73, 0.59376572579593501
72, 137, 0.59376573847388459
72, 161, 0.59233589414847543
73, 126, 0.59376573847388459
73, 142, 0.59233589414847543
74, 75, 0.59376573847388459
74, 76, 0.59233587130754095
74, 83, 0.59376573847388459
74, 84, 0.59233587130754095
75, 76, 0.59233586115392944
75, 147, 0.59233587232818774
76, 77, 0.65345140789308975
76, 80, 0.65345139394074547
77, 78, 0.59233587373407082
77, 79, 0.59233587373407082
77, 80, 0.65345140789308975
78, 79, 0.59376572579593501
78, 130, 0.59376573847388459
78, 149, 0.59233589414847543
79, 135, 0.59376573847388459
79, 154, 0.59233589414847543
80, 81, 0.59233586115392944
80, 82, 0.59233587130754095
81, 82, 0.59376573847388459
81, 100, 0.59376573847388459
81, 153, 0.59233587232818774
82, 85, 0.59233587130754095
82, 86, 0.59376573847388459
83, 84, 0.59233586115392944
83, 144, 0.59233587232818774
84, 85, 0.65345139394074547
84, 87, 0.65345140789308975
85, 86, 0.59233586115392944
85, 87, 0.65345140789308975
86, 99, 0.59376573847388459
86, 150, 0.59233587232818774
87, 88, 0.59233587373407082
87, 89, 0.59233587373407082
88, 89, 0.59376572579593501
88, 121, 0.59376573847388459
88, 152, 0.59233589414847543
89, 110, 0.59376573847388459
89, 145, 0.59233589414847543
90, 91, 0.59376572579593501
90, 92, 0.59233587373407082
90, 159, 0.59233587232818774
91, 92, 0.59233587373407082
91, 156, 0.59233587232818774
92, 93, 0.65345140789308975
92, 96, 0.65345140789308975
93, 94, 0.59233586115392944
93, 95, 0.59233587130754095
93, 96, 0.65345139394074547
94, 95, 0.59376573847388459
94, 116, 0.59376573847388459
94, 158, 0.59233587232818774
95, 104, 0.59233587130754095
95, 105, 0.59376573847388459
96, 97, 0.59233587130754095
96, 98, 0.59233586115392944
97, 98, 0.59376573847388459
97, 102, 0.59233587130754095
97, 103, 0.59376573847388459
98, 131, 0.59376573847388459
98, 160, 0.59233587232818774
99, 100, 0.59376572579593501
99, 101, 0.59233587373407082
99, 150, 0.59233587232818774
100, 101, 0.59233587373407082
100, 153, 0.59233587232818774
101, 102, 0.65345140789308975
101, 104, 0.65345140789308975
102, 103, 0.59233586115392944
102, 104, 0.65345139394074547
103, 132, 0.59376573847388459
103, 155, 0.59233587232818774
104, 105, 0.59233586115392944
105, 115, 0.59376573847388459
105, 151, 0.59233587232818774
106, 107, 0.59376572579593501
106, 108, 0.59233587373407082
106, 139, 0.59233587232818763
107, 108, 0.59233587373407082
107, 146, 0.59233587232818763
108, 109, 0.65345140789308975
108, 112, 0.65345140789308975
109, 110, 0.59233586115392944
109, 111, 0.59233587130754095
109, 112, 0.65345139394074547
110, 111, 0.59376573847388459
110, 145, 0.59233589414847543
111, 120, 0.59233587130754095
111, 121, 0.59376573847388459
112, 113, 0.59233587130754095
112, 114, 0.59233586115392944
113, 114, 0.59376573847388459
113, 118, 0.59233587130754095
113, 119, 0.59376573847388459
114, 140, 0.59233589414847543
115, 116, 0.59376572579593501
115, 117, 0.59233587373407082
115, 151, 0.59233587232818763
116, 117, 0.59233587373407082
116, 158, 0.59233587232818763
117, 118, 0.65345140789308975
117, 120, 0.65345140789308975
118, 119, 0.59233586115392944
118, 120, 0.65345139394074547
119, 157, 0.59233589414847543
120, 121, 0.59233586115392944
121, 152, 0.59233589414847543
122, 123, 0.59376572579593501
122, 124, 0.59233587373407082
122, 148, 0.59233587232818763
123, 124, 0.59233587373407082
123, 143, 0.59233587232818763
124, 125, 0.65345140789308975
124, 128, 0.65345140789308975
125, 126, 0.59233586115392944
125, 127, 0.59233587130754095
125, 128, 0.65345139394074547
126, 127, 0.59376573847388459
126, 142, 0.59233589414847543
127, 136, 0.59233587130754095
127, 137, 0.59376573847388459
128, 129, 0.59233587130754095
128, 130, 0.59233586115392944
129, 130, 0.59376573847388459
129, 134, 0.59233587130754095
129, 135, 0.59376573847388459
130, 149, 0.59233589414847543
131, 132, 0.59376572579593501
131, 133, 0.59233587373407082
131, 160, 0.59233587232818763
132, 133, 0.59233587373407082
132, 155, 0.59233587232818763
133, 134, 0.65345140789308975
133, 136, 0.65345140789308975
134, 135, 0.59233586115392944
134, 136, 0.65345139394074547
135, 154, 0.59233589414847543
136, 137, 0.59233586115392944
137, 161, 0.59233589414847543
138, 139, 0.65345140789308964
138, 140, 0.65345143196475231
139, 140, 0.65345143196475219
141, 142, 0.65345143196475231
141, 143, 0.65345140789308964
142, 143, 0.65345143196475219
144, 145, 0.65345143196475231
144, 146, 0.65345140789308964
145, 146, 0.65345143196475219
147, 148, 0.65345140789308964
147, 149, 0.65345143196475231
148, 149, 0.65345143196475219
150, 151, 0.65345140789308964
150, 152, 0.65345143196475231
151, 152, 0.65345143196475219
153, 154, 0.65345143196475231
153, 155, 0.65345140789308964
154, 155, 0.65345143196475219
156, 157, 0.65345143196475231
156, 158, 0.65345140789308964
157, 158, 0.65345143196475219
159, 160, 0.65345140789308964
159, 161, 0.65345143196475231
160, 161, 0.65345143196475219
