source_idx: 203
h_value: 0.300000

points:
0.000000, 1.050872, -1.700347, 2.601525
0.000000, 1.050872, 1.700347, 1.599524
0.000000, -1.050872, 1.700347, 3.678136
-1.050872, 1.700347, 0.000000, 1.817478
-1.050872, -1.700347, 0.000000, 5.602761
1.050872, 1.700347, 0.000000, 0.676900
1.050872, -1.700347, 0.000000, 4.462183
0.000000, -1.050872, -1.700347, 4.680137
1.700347, 0.000000, 1.050872, 2.319241
-1.700347, 0.000000, 1.050872, 3.406532
-1.700347, 0.000000, -1.050872, 3.960420
1.700347, 0.000000, -1.050872, 2.873129
0.617687, 1.617126, -0.999439, 1.559477
-0.617687, 1.617126, -0.999439, 2.052621
0.000000, 1.998878, 0.000000, 0.827619
-0.617687, 1.617126, 0.999439, 1.381491
0.617687, 1.617126, 0.999439, 0.539266
0.000000, 0.000000, 1.998878, 2.628478
-0.999439, 0.617687, 1.617126, 2.464992
-0.999439, -0.617687, 1.617126, 3.613137
0.999439, 0.617687, 1.617126, 1.741172
0.999439, -0.617687, 1.617126, 2.983372
0.000000, 0.000000, -1.998878, 3.651183
0.999439, 0.617687, -1.617126, 2.666524
0.999439, -0.617687, -1.617126, 3.814669
-0.999439, 0.617687, -1.617126, 3.296289
-0.999439, -0.617687, -1.617126, 4.538489
0.617687, -1.617126, 0.999439, 4.227040
-0.617687, -1.617126, 0.999439, 4.720184
0.000000, -1.998878, 0.000000, 5.452042
-0.617687, -1.617126, -0.999439, 5.740395
0.617687, -1.617126, -0.999439, 4.898170
-1.617126, 0.999439, 0.617687, 2.566508
-1.617126, 0.999439, -0.617687, 2.886254
-1.998878, 0.000000, 0.000000, 3.775696
-1.617126, -0.999439, -0.617687, 4.957115
-1.617126, -0.999439, 0.617687, 4.508865
1.617126, 0.999439, -0.617687, 1.770796
1.617126, 0.999439, 0.617687, 1.322546
1.998878, 0.000000, 0.000000, 2.503965
1.617126, -0.999439, 0.617687, 3.393407
1.617126, -0.999439, -0.617687, 3.713153
0.295076, 1.362672, -1.432330, 2.118592
-0.295076, 1.362672, -1.432330, 2.324616
0.000000, 1.700347, -1.050872, 1.736627
-0.324737, 1.901046, -0.525436, 1.434455
-0.885229, 1.727406, -0.477443, 1.872942
-0.590152, 1.909773, 0.000000, 1.343985
0.324737, 1.901046, -0.525436, 1.089909
0.590152, 1.909773, 0.000000, 0.514667
0.885229, 1.727406, -0.477443, 1.033679
-0.295076, 1.362672, 1.432330, 1.416441
0.295076, 1.362672, 1.432330, 1.102892
0.000000, 1.700347, 1.050872, 0.845810
0.324737, 1.901046, 0.525436, 0.309682
0.885229, 1.727406, 0.477443, 0.281198
-0.324737, 1.901046, 0.525436, 0.962048
-0.885229, 1.727406, 0.477443, 1.552929
0.000000, 0.590152, 1.909773, 2.065286
-0.477443, 0.885229, 1.727406, 1.977174
-0.525436, 0.324737, 1.901046, 2.515747
-1.050872, 0.000000, 1.700347, 3.038218
-1.432330, 0.295076, 1.362672, 2.972678
-1.432330, -0.295076, 1.362672, 3.515364
-0.525436, -0.324737, 1.901046, 3.120432
-0.477443, -0.885229, 1.727406, 3.668637
0.000000, -0.590152, 1.909773, 3.196878
0.477443, 0.885229, 1.727406, 1.593199
0.525436, 0.324737, 1.901046, 2.158165
0.525436, -0.324737, 1.901046, 2.789964
0.477443, -0.885229, 1.727406, 3.364299
1.050872, 0.000000, 1.700347, 2.361362
1.432330, -0.295076, 1.362672, 2.611024
1.432330, 0.295076, 1.362672, 2.019079
0.000000, 0.590152, -1.909773, 3.082783
0.477443, 0.885229, -1.727406, 2.611024
0.525436, 0.324737, -1.901046, 3.159229
1.050872, 0.000000, -1.700347, 3.241443
1.432330, 0.295076, -1.362672, 2.764297
1.432330, -0.295076, -1.362672, 3.306983
0.525436, -0.324737, -1.901046, 3.763914
0.477443, -0.885229, -1.727406, 4.302487
0.000000, -0.590152, -1.909773, 4.214375
-0.477443, 0.885229, -1.727406, 2.915362
-0.525436, 0.324737, -1.901046, 3.489697
-0.525436, -0.324737, -1.901046, 4.121497
-0.477443, -0.885229, -1.727406, 4.686462
-1.050872, 0.000000, -1.700347, 3.918299
-1.432330, -0.295076, -1.362672, 4.260583
-1.432330, 0.295076, -1.362672, 3.668637
0.295076, -1.362672, 1.432330, 3.955045
-0.295076, -1.362672, 1.432330, 4.161069
0.000000, -1.700347, 1.050872, 4.543034
-0.324737, -1.901046, 0.525436, 5.189752
-0.885229, -1.727406, 0.477443, 5.245982
-0.590152, -1.909773, 0.000000, 5.764994
0.324737, -1.901046, 0.525436, 4.845206
0.590152, -1.909773, 0.000000, 4.935676
0.885229, -1.727406, 0.477443, 4.406719
-0.295076, -1.362672, -1.432330, 5.176769
0.295076, -1.362672, -1.432330, 4.863220
0.000000, -1.700347, -1.050872, 5.433851
0.324737, -1.901046, -0.525436, 5.317613
0.885229, -1.727406, -0.477443, 4.726732
-0.324737, -1.901046, -0.525436, 5.969979
-0.885229, -1.727406, -0.477443, 5.998463
-1.362672, 1.432330, 0.295076, 2.138742
-1.362672, 1.432330, -0.295076, 2.305375
-1.700347, 1.050872, 0.000000, 2.706183
-1.901046, 0.525436, -0.324737, 3.335873
-1.727406, 0.477443, -0.885229, 3.468492
-1.909773, 0.000000, -0.590152, 3.905041
-1.901046, 0.525436, 0.324737, 3.171218
-1.909773, 0.000000, 0.590152, 3.591663
-1.727406, 0.477443, 0.885229, 3.018945
-1.362672, -1.432330, -0.295076, 5.408848
-1.362672, -1.432330, 0.295076, 5.103731
-1.700347, -1.050872, 0.000000, 4.827069
-1.901046, -0.525436, 0.324737, 4.179547
-1.727406, -0.477443, 0.885229, 3.912305
-1.901046, -0.525436, -0.324737, 4.374699
-1.727406, -0.477443, -0.885229, 4.428683
1.362672, 1.432330, -0.295076, 1.175930
1.362672, 1.432330, 0.295076, 0.870813
1.700347, 1.050872, 0.000000, 1.452592
1.901046, 0.525436, 0.324737, 1.904962
1.727406, 0.477443, 0.885229, 1.850978
1.909773, 0.000000, 0.590152, 2.374620
1.901046, 0.525436, -0.324737, 2.100114
1.909773, 0.000000, -0.590152, 2.687999
1.727406, 0.477443, -0.885229, 2.367357
1.362672, -1.432330, 0.295076, 3.974287
1.362672, -1.432330, -0.295076, 4.140919
1.700347, -1.050872, 0.000000, 3.573478
1.901046, -0.525436, -0.324737, 3.108443
1.727406, -0.477443, -0.885229, 3.260716
1.901046, -0.525436, 0.324737, 2.943788
1.727406, -0.477443, 0.885229, 2.811169
-0.850174, 1.174911, 1.375610, 1.904962
-1.174911, 1.375610, 0.850174, 1.966597
-1.375610, 0.850174, 1.174911, 2.482676
0.850174, 1.174911, 1.375610, 1.126753
1.375610, 0.850174, 1.174911, 1.434455
1.174911, 1.375610, 0.850174, 0.797256
-0.850174, 1.174911, -1.375610, 2.673985
-1.375610, 0.850174, -1.174911, 3.089041
-1.174911, 1.375610, -0.850174, 2.449417
0.850174, 1.174911, -1.375610, 2.100114
1.174911, 1.375610, -0.850174, 1.572308
1.375610, 0.850174, -1.174911, 2.193592
-0.850174, -1.174911, -1.375610, 5.152908
-1.174911, -1.375610, -0.850174, 5.482405
-1.375610, -0.850174, -1.174911, 4.845206
0.850174, -1.174911, -1.375610, 4.374699
1.375610, -0.850174, -1.174911, 3.796985
1.174911, -1.375610, -0.850174, 4.313064
-0.850174, -1.174911, 1.375610, 4.179547
-1.375610, -0.850174, 1.174911, 4.086069
-1.174911, -1.375610, 0.850174, 4.707354
0.850174, -1.174911, 1.375610, 3.605676
1.174911, -1.375610, 0.850174, 3.830244
1.375610, -0.850174, 1.174911, 3.190621
0.140103, 1.207409, -1.586836, 2.373521
-0.140103, 1.207409, -1.586836, 2.467171
0.000000, 1.377767, -1.448196, 2.211967
-0.156299, 1.540184, -1.264483, 2.044662
-0.457833, 1.503844, -1.234648, 2.182487
-0.320535, 1.678343, -1.037273, 1.885269
0.156299, 1.540184, -1.264483, 1.927981
0.320535, 1.678343, -1.037273, 1.624485
0.457833, 1.503844, -1.234648, 1.843243
-0.480803, 1.777394, -0.777955, 1.750713
-0.763055, 1.692481, -0.740789, 1.946909
-0.625195, 1.829978, -0.505793, 1.655237
-0.745862, 1.838735, -0.241366, 1.604151
-0.980718, 1.726938, -0.226691, 1.831476
-0.840616, 1.813527, 0.000000, 1.592492
-0.468896, 1.926576, -0.252897, 1.361048
-0.305222, 1.975438, 0.000000, 1.082119
-0.160268, 1.975495, -0.259318, 1.120753
0.160268, 1.975495, -0.259318, 0.915012
0.305222, 1.975438, 0.000000, 0.618392
0.468896, 1.926576, -0.252897, 0.785670
0.745862, 1.838735, -0.241366, 0.761488
0.840616, 1.813527, 0.000000, 0.551753
0.980718, 1.726938, -0.226691, 0.826576
0.625195, 1.829978, -0.505793, 1.022705
0.763055, 1.692481, -0.740789, 1.283640
0.480803, 1.777394, -0.777955, 1.316583
-0.164555, 1.824941, -0.798766, 1.564633
0.000000, 1.926641, -0.532511, 1.235418
0.164555, 1.824941, -0.798766, 1.412726
-0.140103, 1.207409, 1.586836, 1.498367
0.140103, 1.207409, 1.586836, 1.364851
0.000000, 1.377767, 1.448196, 1.237661
0.156299, 1.540184, 1.264483, 0.946613
0.457833, 1.503844, 1.234648, 0.821617
0.320535, 1.678343, 1.037273, 0.633746
-0.156299, 1.540184, 1.264483, 1.142578
-0.320535, 1.678343, 1.037273, 1.109576
-0.457833, 1.503844, 1.234648, 1.372359
0.480803, 1.777394, 0.777955, 0.312867
0.763055, 1.692481, 0.740789, 0.305475
0.625195, 1.829978, 0.505793, 0.000000
0.745862, 1.838735, 0.241366, 0.291047
0.980718, 1.726938, 0.226691, 0.464632
0.468896, 1.926576, 0.252897, 0.312917
0.160268, 1.975495, 0.259318, 0.547681
-0.160268, 1.975495, 0.259318, 0.842204
-0.468896, 1.926576, 0.252897, 1.142578
-0.745862, 1.838735, 0.241366, 1.426426
-0.980718, 1.726938, 0.226691, 1.682468
-0.625195, 1.829978, 0.505793, 1.271730
-0.763055, 1.692481, 0.740789, 1.446022
-0.480803, 1.777394, 0.777955, 1.156258
0.164555, 1.824941, 0.798766, 0.547649
0.000000, 1.926641, 0.532511, 0.635865
-0.164555, 1.824941, 0.798766, 0.848717
0.000000, 0.840616, 1.813527, 1.816857
-0.226691, 0.980718, 1.726938, 1.771511
-0.241366, 0.745862, 1.838735, 2.007638
-0.505793, 0.625195, 1.829978, 2.231685
-0.740789, 0.763055, 1.692481, 2.211694
-0.777955, 0.480803, 1.777394, 2.481385
-0.252897, 0.468896, 1.926576, 2.275469
-0.259318, 0.160268, 1.975495, 2.566508
0.000000, 0.305222, 1.975438, 2.339309
-1.037273, 0.320535, 1.678343, 2.743534
-1.234648, 0.457833, 1.503844, 2.723310
-1.264483, 0.156299, 1.540184, 3.002401
-1.448196, 0.000000, 1.377767, 3.244206
-1.586836, 0.140103, 1.207409, 3.202375
-1.586836, -0.140103, 1.207409, 3.460264
-1.264483, -0.156299, 1.540184, 3.288831
-1.234648, -0.457833, 1.503844, 3.567876
-1.037273, -0.320535, 1.678343, 3.333328
-0.777955, -0.480803, 1.777394, 3.374116
-0.740789, -0.763055, 1.692481, 3.647278
-0.505793, -0.625195, 1.829978, 3.408146
-0.241366, -0.745862, 1.838735, 3.433951
-0.226691, -0.980718, 1.726938, 3.678082
0.000000, -0.840616, 1.813527, 3.451789
-0.252897, -0.468896, 1.926576, 3.160708
0.000000, -0.305222, 1.975438, 2.918951
-0.259318, -0.160268, 1.975495, 2.866940
-0.798766, 0.164555, 1.824941, 2.775213
-0.798766, -0.164555, 1.824941, 3.078523
-0.532511, 0.000000, 1.926641, 2.817475
0.226691, 0.980718, 1.726938, 1.580755
0.241366, 0.745862, 1.838735, 1.823030
0.252897, 0.468896, 1.926576, 2.097336
0.259318, 0.160268, 1.975495, 2.395004
0.505793, 0.625195, 1.829978, 1.860673
0.777955, 0.480803, 1.777394, 1.934929
0.740789, 0.763055, 1.692481, 1.646094
0.259318, -0.160268, 1.975495, 2.702081
0.252897, -0.468896, 1.926576, 3.002401
0.241366, -0.745862, 1.838735, 3.282025
0.226691, -0.980718, 1.726938, 3.532313
0.505793, -0.625195, 1.829978, 3.090940
0.740789, -0.763055, 1.692481, 3.178449
0.777955, -0.480803, 1.777394, 2.886254
1.037273, -0.320535, 1.678343, 2.680123
1.234648, -0.457833, 1.503844, 2.790507
1.264483, -0.156299, 1.540184, 2.486109
1.448196, 0.000000, 1.377767, 2.315039
1.586836, -0.140103, 1.207409, 2.452807
1.586836, 0.140103, 1.207409, 2.172396
1.264483, 0.156299, 1.540184, 2.174419
1.234648, 0.457833, 1.503844, 1.870353
1.037273, 0.320535, 1.678343, 2.043052
0.532511, 0.000000, 1.926641, 2.473488
0.798766, -0.164555, 1.824941, 2.571231
0.798766, 0.164555, 1.824941, 2.248301
0.000000, 0.840616, -1.813527, 2.827872
0.226691, 0.980718, -1.726938, 2.601579
0.241366, 0.745862, -1.838735, 2.845710
0.505793, 0.625195, -1.829978, 2.871515
0.740789, 0.763055, -1.692481, 2.632383
0.777955, 0.480803, -1.777394, 2.905545
0.252897, 0.468896, -1.926576, 3.118953
0.259318, 0.160268, -1.975495, 3.412721
0.000000, 0.305222, -1.975438, 3.360710
1.037273, 0.320535, -1.678343, 2.946333
1.234648, 0.457833, -1.503844, 2.711785
1.264483, 0.156299, -1.540184, 2.990831
1.448196, 0.000000, -1.377767, 3.035455
1.586836, 0.140103, -1.207409, 2.819397
1.586836, -0.140103, -1.207409, 3.077287
1.264483, -0.156299, -1.540184, 3.277260
1.234648, -0.457833, -1.503844, 3.556351
1.037273, -0.320535, -1.678343, 3.536127
0.777955, -0.480803, -1.777394, 3.798276
0.740789, -0.763055, -1.692481, 4.067967
0.505793, -0.625195, -1.829978, 4.047976
0.241366, -0.745862, -1.838735, 4.272023
0.226691, -0.980718, -1.726938, 4.508150
0.000000, -0.840616, -1.813527, 4.462804
0.252897, -0.468896, -1.926576, 4.004192
0.000000, -0.305222, -1.975438, 3.940352
0.259318, -0.160268, -1.975495, 3.713153
0.798766, 0.164555, -1.824941, 3.201138
0.798766, -0.164555, -1.824941, 3.504448
0.532511, 0.000000, -1.926641, 3.462186
-0.226691, 0.980718, -1.726938, 2.747348
-0.241366, 0.745862, -1.838735, 2.997636
-0.252897, 0.468896, -1.926576, 3.277260
-0.259318, 0.160268, -1.975495, 3.577580
-0.505793, 0.625195, -1.829978, 3.188721
-0.777955, 0.480803, -1.777394, 3.393407
-0.740789, 0.763055, -1.692481, 3.101212
-0.259318, -0.160268, -1.975495, 3.884657
-0.252897, -0.468896, -1.926576, 4.182325
-0.241366, -0.745862, -1.838735, 4.456631
-0.226691, -0.980718, -1.726938, 4.698906
-0.505793, -0.625195, -1.829978, 4.418988
-0.740789, -0.763055, -1.692481, 4.633567
-0.777955, -0.480803, -1.777394, 4.344732
-1.037273, -0.320535, -1.678343, 4.236609
-1.234648, -0.457833, -1.503844, 4.409308
-1.264483, -0.156299, -1.540184, 4.105242
-1.448196, 0.000000, -1.377767, 3.964622
-1.586836, -0.140103, -1.207409, 4.107265
-1.586836, 0.140103, -1.207409, 3.826854
-1.264483, 0.156299, -1.540184, 3.793552
-1.234648, 0.457833, -1.503844, 3.489154
-1.037273, 0.320535, -1.678343, 3.599538
-0.532511, 0.000000, -1.926641, 3.806173
-0.798766, -0.164555, -1.824941, 4.031360
-0.798766, 0.164555, -1.824941, 3.708430
0.140103, -1.207409, 1.586836, 3.812490
-0.140103, -1.207409, 1.586836, 3.906140
0.000000, -1.377767, 1.448196, 4.067694
-0.156299, -1.540184, 1.264483, 4.351680
-0.457833, -1.503844, 1.234648, 4.436418
-0.320535, -1.678343, 1.037273, 4.655176
0.156299, -1.540184, 1.264483, 4.234999
0.320535, -1.678343, 1.037273, 4.394392
0.457833, -1.503844, 1.234648, 4.097174
-0.480803, -1.777394, 0.777955, 4.963078
-0.763055, -1.692481, 0.740789, 4.996021
-0.625195, -1.829978, 0.505793, 5.256956
-0.745862, -1.838735, 0.241366, 5.518173
-0.980718, -1.726938, 0.226691, 5.453085
-0.840616, -1.813527, 0.000000, 5.727908
-0.468896, -1.926576, 0.252897, 5.493991
-0.305222, -1.975438, 0.000000, 5.661269
-0.160268, -1.975495, 0.259318, 5.364649
0.160268, -1.975495, 0.259318, 5.158908
0.305222, -1.975438, 0.000000, 5.197542
0.468896, -1.926576, 0.252897, 4.918613
0.745862, -1.838735, 0.241366, 4.675510
0.840616, -1.813527, 0.000000, 4.687169
0.980718, -1.726938, 0.226691, 4.448185
0.625195, -1.829978, 0.505793, 4.624424
0.763055, -1.692481, 0.740789, 4.332753
0.480803, -1.777394, 0.777955, 4.528948
-0.164555, -1.824941, 0.798766, 4.866935
0.000000, -1.926641, 0.532511, 5.044243
0.164555, -1.824941, 0.798766, 4.715028
-0.140103, -1.207409, -1.586836, 4.914810
0.140103, -1.207409, -1.586836, 4.781294
0.000000, -1.377767, -1.448196, 5.042000
0.156299, -1.540184, -1.264483, 5.137083
0.457833, -1.503844, -1.234648, 4.907302
0.320535, -1.678343, -1.037273, 5.170085
-0.156299, -1.540184, -1.264483, 5.333048
-0.320535, -1.678343, -1.037273, 5.645915
-0.457833, -1.503844, -1.234648, 5.458044
0.480803, -1.777394, -0.777955, 5.123403
0.763055, -1.692481, -0.740789, 4.833639
0.625195, -1.829978, -0.505793, 5.007931
0.745862, -1.838735, -0.241366, 4.853236
0.980718, -1.726938, -0.226691, 4.597193
0.468896, -1.926576, -0.252897, 5.137083
0.160268, -1.975495, -0.259318, 5.437457
-0.160268, -1.975495, -0.259318, 5.731980
-0.468896, -1.926576, -0.252897, 5.966744
-0.745862, -1.838735, -0.241366, 5.988614
-0.980718, -1.726938, -0.226691, 5.815029
-0.625195, -1.829978, -0.505793, 6.279661
-0.763055, -1.692481, -0.740789, 5.974186
-0.480803, -1.777394, -0.777955, 5.966794
0.164555, -1.824941, -0.798766, 5.430944
0.000000, -1.926641, -0.532511, 5.643796
-0.164555, -1.824941, -0.798766, 5.732012
-1.207409, 1.586836, 0.140103, 1.962345
-1.207409, 1.586836, -0.140103, 2.046462
-1.377767, 1.448196, 0.000000, 2.211967
-1.540184, 1.264483, -0.156299, 2.492199
-1.503844, 1.234648, -0.457833, 2.588764
-1.678343, 1.037273, -0.320535, 2.794538
-1.540184, 1.264483, 0.156299, 2.408140
-1.678343, 1.037273, 0.320535, 2.628478
-1.503844, 1.234648, 0.457833, 2.343089
-1.777394, 0.777955, -0.480803, 3.105192
-1.692481, 0.740789, -0.763055, 3.184085
-1.829978, 0.505793, -0.625195, 3.408146
-1.838735, 0.241366, -0.745862, 3.689603
-1.726938, 0.226691, -0.980718, 3.729092
-1.813527, 0.000000, -0.840616, 3.941044
-1.926576, 0.252897, -0.468896, 3.634568
-1.975438, 0.000000, -0.305222, 3.849758
-1.975495, 0.259318, -0.160268, 3.564036
-1.975495, 0.259318, 0.160268, 3.481412
-1.975438, 0.000000, 0.305222, 3.687279
-1.926576, 0.252897, 0.468896, 3.392910
-1.838735, 0.241366, 0.745862, 3.305423
-1.813527, 0.000000, 0.840616, 3.496230
-1.726938, 0.226691, 0.980718, 3.224300
-1.829978, 0.505793, 0.625195, 3.090940
-1.692481, 0.740789, 0.763055, 2.796227
-1.777394, 0.777955, 0.480803, 2.860966
-1.824941, 0.798766, -0.164555, 3.020919
-1.926641, 0.532511, 0.000000, 3.254981
-1.824941, 0.798766, 0.164555, 2.937366
-1.207409, -1.586836, -0.140103, 5.546294
-1.207409, -1.586836, 0.140103, 5.368878
-1.377767, -1.448196, 0.000000, 5.285606
-1.540184, -1.264483, 0.156299, 4.994570
-1.503844, -1.234648, 0.457833, 4.813480
-1.678343, -1.037273, 0.320535, 4.681711
-1.540184, -1.264483, -0.156299, 5.133015
-1.678343, -1.037273, -0.320535, 4.922653
-1.503844, -1.234648, -0.457833, 5.204318
-1.777394, -0.777955, 0.480803, 4.360838
-1.692481, -0.740789, 0.763055, 4.203846
-1.829978, -0.505793, 0.625195, 4.047976
-1.838735, -0.241366, 0.745862, 3.756932
-1.726938, -0.226691, 0.980718, 3.644697
-1.926576, -0.252897, 0.468896, 3.871521
-1.975495, -0.259318, 0.160268, 3.978999
-1.975495, -0.259318, -0.160268, 4.068749
-1.926576, -0.252897, -0.468896, 4.132944
-1.838735, -0.241366, -0.745862, 4.169589
-1.726938, -0.226691, -0.980718, 4.182282
-1.829978, -0.505793, -0.625195, 4.418988
-1.692481, -0.740789, -0.763055, 4.691751
-1.777394, -0.777955, -0.480803, 4.676617
-1.824941, -0.798766, 0.164555, 4.503631
-1.926641, -0.532511, 0.000000, 4.292830
-1.824941, -0.798766, -0.164555, 4.613433
1.207409, 1.586836, -0.140103, 0.910783
1.207409, 1.586836, 0.140103, 0.733367
1.377767, 1.448196, 0.000000, 0.994055
1.540184, 1.264483, 0.156299, 1.146646
1.503844, 1.234648, 0.457833, 1.075343
1.678343, 1.037273, 0.320535, 1.357008
1.540184, 1.264483, -0.156299, 1.285091
1.678343, 1.037273, -0.320535, 1.597950
1.503844, 1.234648, -0.457833, 1.466181
1.777394, 0.777955, 0.480803, 1.603044
1.692481, 0.740789, 0.763055, 1.587910
1.829978, 0.505793, 0.625195, 1.860673
1.838735, 0.241366, 0.745862, 2.110072
1.726938, 0.226691, 0.980718, 2.097379
1.813527, 0.000000, 0.840616, 2.338617
1.926576, 0.252897, 0.468896, 2.146717
1.975438, 0.000000, 0.305222, 2.429903
1.975495, 0.259318, 0.160268, 2.210912
1.975495, 0.259318, -0.160268, 2.300662
1.975438, 0.000000, -0.305222, 2.592382
1.926576, 0.252897, -0.468896, 2.408140
1.838735, 0.241366, -0.745862, 2.522729
1.813527, 0.000000, -0.840616, 2.783431
1.726938, 0.226691, -0.980718, 2.634964
1.829978, 0.505793, -0.625195, 2.231685
1.692481, 0.740789, -0.763055, 2.075815
1.777394, 0.777955, -0.480803, 1.918823
1.824941, 0.798766, 0.164555, 1.666228
1.926641, 0.532511, 0.000000, 1.986831
1.824941, 0.798766, -0.164555, 1.776030
1.207409, -1.586836, 0.140103, 4.233199
1.207409, -1.586836, -0.140103, 4.317317
1.377767, -1.448196, 0.000000, 4.067694
1.540184, -1.264483, -0.156299, 3.871521
1.503844, -1.234648, -0.457833, 3.936572
1.678343, -1.037273, -0.320535, 3.651183
1.540184, -1.264483, 0.156299, 3.787462
1.678343, -1.037273, 0.320535, 3.485123
1.503844, -1.234648, 0.457833, 3.690897
1.777394, -0.777955, -0.480803, 3.418695
1.692481, -0.740789, -0.763055, 3.483434
1.829978, -0.505793, -0.625195, 3.188721
1.838735, -0.241366, -0.745862, 2.974238
1.726938, -0.226691, -0.980718, 3.055361
1.926576, -0.252897, -0.468896, 2.886751
1.975495, -0.259318, -0.160268, 2.798249
1.975495, -0.259318, 0.160268, 2.715625
1.926576, -0.252897, 0.468896, 2.645093
1.838735, -0.241366, 0.745862, 2.590058
1.726938, -0.226691, 0.980718, 2.550569
1.829978, -0.505793, 0.625195, 2.871515
1.692481, -0.740789, 0.763055, 3.095576
1.777394, -0.777955, 0.480803, 3.174469
1.824941, -0.798766, -0.164555, 3.342295
1.926641, -0.532511, 0.000000, 3.024680
1.824941, -0.798766, 0.164555, 3.258742
-0.390538, 1.136401, 1.597369, 1.694786
-0.565494, 1.287287, 1.420782, 1.642526
-0.740121, 1.419025, 1.197541, 1.629515
-0.662092, 1.034390, 1.577081, 1.927981
-0.938222, 0.900388, 1.518076, 2.189436
-0.900388, 1.518076, 0.938222, 1.663676
-1.034390, 1.577081, 0.662092, 1.740466
-1.136401, 1.597369, 0.390538, 1.845470
-1.287287, 1.420782, 0.565494, 2.044662
-1.419025, 1.197541, 0.740121, 2.273130
-1.518076, 0.938222, 0.900388, 2.517879
-1.577081, 0.662092, 1.034390, 2.762983
-1.597369, 0.390538, 1.136401, 2.994223
-1.420782, 0.565494, 1.287287, 2.738068
-1.197541, 0.740121, 1.419025, 2.464992
-1.026175, 1.292430, 1.127875, 1.917381
-1.292430, 1.127875, 1.026175, 2.219678
-1.127875, 1.026175, 1.292430, 2.190850
0.390538, 1.136401, 1.597369, 1.339314
0.662092, 1.034390, 1.577081, 1.361048
0.938222, 0.900388, 1.518076, 1.440524
0.565494, 1.287287, 1.420782, 1.078532
0.740121, 1.419025, 1.197541, 0.818482
1.197541, 0.740121, 1.419025, 1.573040
1.420782, 0.565494, 1.287287, 1.740467
1.597369, 0.390538, 1.136401, 1.920986
1.577081, 0.662092, 1.034390, 1.642526
1.518076, 0.938222, 0.900388, 1.347557
1.419025, 1.197541, 0.740121, 1.053820
1.287287, 1.420782, 0.565494, 0.785670
1.136401, 1.597369, 0.390538, 0.575327
1.034390, 1.577081, 0.662092, 0.507153
0.900388, 1.518076, 0.938222, 0.602283
1.127875, 1.026175, 1.292430, 1.252282
1.292430, 1.127875, 1.026175, 1.113878
1.026175, 1.292430, 1.127875, 0.922904
-0.390538, 1.136401, -1.597369, 2.619958
-0.662092, 1.034390, -1.577081, 2.797317
-0.938222, 0.900388, -1.518076, 2.992973
-0.565494, 1.287287, -1.420782, 2.486109
-0.740121, 1.419025, -1.197541, 2.355231
-1.197541, 0.740121, -1.419025, 3.195882
-1.420782, 0.565494, -1.287287, 3.392910
-1.597369, 0.390538, -1.136401, 3.572837
-1.577081, 0.662092, -1.034390, 3.288831
-1.518076, 0.938222, -0.900388, 2.983372
-1.419025, 1.197541, -0.740121, 2.670285
-1.287287, 1.420782, -0.565494, 2.365608
-1.136401, 1.597369, -0.390538, 2.083161
-1.034390, 1.577081, -0.662092, 2.146717
-0.900388, 1.518076, -0.938222, 2.238852
-1.127875, 1.026175, -1.292430, 2.879433
-1.292430, 1.127875, -1.026175, 2.769034
-1.026175, 1.292430, -1.127875, 2.554640
0.390538, 1.136401, -1.597369, 2.362018
0.565494, 1.287287, -1.420782, 2.097336
0.740121, 1.419025, -1.197541, 1.817987
0.662092, 1.034390, -1.577081, 2.365608
0.938222, 0.900388, -1.518076, 2.388647
0.900388, 1.518076, -0.938222, 1.540577
1.034390, 1.577081, -0.662092, 1.285091
1.136401, 1.597369, -0.390538, 1.070504
1.287287, 1.420782, -0.565494, 1.349678
1.419025, 1.197541, -0.740121, 1.653764
1.518076, 0.938222, -0.900388, 1.967912
1.577081, 0.662092, -1.034390, 2.275469
1.597369, 0.390538, -1.136401, 2.562226
1.420782, 0.565494, -1.287287, 2.492199
1.197541, 0.740121, -1.419025, 2.432061
1.026175, 1.292430, -1.127875, 1.829113
1.292430, 1.127875, -1.026175, 1.881132
1.127875, 1.026175, -1.292430, 2.132536
-0.390538, -1.136401, -1.597369, 4.940347
-0.565494, -1.287287, -1.420782, 5.201129
-0.740121, -1.419025, -1.197541, 5.461179
-0.662092, -1.034390, -1.577081, 4.918613
-0.938222, -0.900388, -1.518076, 4.839137
-0.900388, -1.518076, -0.938222, 5.677378
-1.034390, -1.577081, -0.662092, 5.772509
-1.136401, -1.597369, -0.390538, 5.704334
-1.287287, -1.420782, -0.565494, 5.493991
-1.419025, -1.197541, -0.740121, 5.225841
-1.518076, -0.938222, -0.900388, 4.932104
-1.577081, -0.662092, -1.034390, 4.637135
-1.597369, -0.390538, -1.136401, 4.358675
-1.420782, -0.565494, -1.287287, 4.539195
-1.197541, -0.740121, -1.419025, 4.706621
-1.026175, -1.292430, -1.127875, 5.356757
-1.292430, -1.127875, -1.026175, 5.165783
-1.127875, -1.026175, -1.292430, 5.027379
0.390538, -1.136401, -1.597369, 4.584875
0.662092, -1.034390, -1.577081, 4.351680
0.938222, -0.900388, -1.518076, 4.090225
0.565494, -1.287287, -1.420782, 4.637135
0.740121, -1.419025, -1.197541, 4.650146
1.197541, -0.740121, -1.419025, 3.814670
1.420782, -0.565494, -1.287287, 3.541593
1.597369, -0.390538, -1.136401, 3.285438
1.577081, -0.662092, -1.034390, 3.516678
1.518076, -0.938222, -0.900388, 3.761783
1.419025, -1.197541, -0.740121, 4.006531
1.287287, -1.420782, -0.565494, 4.234999
1.136401, -1.597369, -0.390538, 4.434191
1.034390, -1.577081, -0.662092, 4.539195
0.900388, -1.518076, -0.938222, 4.615985
1.127875, -1.026175, -1.292430, 4.088812
1.292430, -1.127875, -1.026175, 4.059983
1.026175, -1.292430, -1.127875, 4.362280
-0.390538, -1.136401, 1.597369, 3.917643
-0.662092, -1.034390, 1.577081, 3.914053
-0.938222, -0.900388, 1.518076, 3.891014
-0.565494, -1.287287, 1.420782, 4.182325
-0.740121, -1.419025, 1.197541, 4.461674
-1.197541, -0.740121, 1.419025, 3.847600
-1.420782, -0.565494, 1.287287, 3.787462
-1.597369, -0.390538, 1.136401, 3.717435
-1.577081, -0.662092, 1.034390, 4.004192
-1.518076, -0.938222, 0.900388, 4.311749
-1.419025, -1.197541, 0.740121, 4.625897
-1.287287, -1.420782, 0.565494, 4.929983
-1.136401, -1.597369, 0.390538, 5.209157
-1.034390, -1.577081, 0.662092, 4.994570
-0.900388, -1.518076, 0.938222, 4.739084
-1.127875, -1.026175, 1.292430, 4.147125
-1.292430, -1.127875, 1.026175, 4.398529
-1.026175, -1.292430, 1.127875, 4.450548
0.390538, -1.136401, 1.597369, 3.659703
0.565494, -1.287287, 1.420782, 3.793552
0.740121, -1.419025, 1.197541, 3.924430
0.662092, -1.034390, 1.577081, 3.482344
0.938222, -0.900388, 1.518076, 3.286688
0.900388, -1.518076, 0.938222, 4.040809
1.034390, -1.577081, 0.662092, 4.132944
1.136401, -1.597369, 0.390538, 4.196500
1.287287, -1.420782, 0.565494, 3.914053
1.419025, -1.197541, 0.740121, 3.609376
1.518076, -0.938222, 0.900388, 3.296289
1.577081, -0.662092, 1.034390, 2.990830
1.597369, -0.390538, 1.136401, 2.706824
1.420782, -0.565494, 1.287287, 2.886751
1.197541, -0.740121, 1.419025, 3.083779
1.026175, -1.292430, 1.127875, 3.725021
1.292430, -1.127875, 1.026175, 3.510627
1.127875, -1.026175, 1.292430, 3.400228

graph:
0, 162, 0.238783
0, 163, 0.238783
0, 274, 0.238783
0, 275, 0.238783
0, 304, 0.238783
1, 192, 0.238783
1, 193, 0.238783
1, 218, 0.238783
1, 219, 0.238783
1, 248, 0.238783
2, 240, 0.238783
2, 241, 0.238783
2, 258, 0.238783
2, 330, 0.238783
2, 331, 0.238783
3, 175, 0.238783
3, 176, 0.238783
3, 211, 0.238783
3, 386, 0.238783
3, 387, 0.238783
4, 343, 0.238783
4, 344, 0.238783
4, 379, 0.238783
4, 416, 0.238783
4, 417, 0.238783
5, 184, 0.238783
5, 185, 0.238783
5, 205, 0.238783
5, 442, 0.238783
5, 443, 0.238783
6, 352, 0.238783
6, 353, 0.238783
6, 373, 0.238783
6, 472, 0.238783
6, 473, 0.238783
7, 296, 0.238783
7, 297, 0.238783
7, 314, 0.238783
7, 360, 0.238783
7, 361, 0.238783
8, 266, 0.238783
8, 267, 0.238783
8, 455, 0.238783
8, 456, 0.238783
8, 491, 0.238783
9, 231, 0.238783
9, 232, 0.238783
9, 408, 0.238783
9, 409, 0.238783
9, 429, 0.238783
10, 322, 0.238783
10, 323, 0.238783
10, 399, 0.238783
10, 400, 0.238783
10, 435, 0.238783
11, 287, 0.238783
11, 288, 0.238783
11, 464, 0.238783
11, 465, 0.238783
11, 485, 0.238783
12, 169, 0.305742
12, 170, 0.306121
12, 187, 0.306121
12, 188, 0.305742
12, 554, 0.305742
12, 557, 0.305742
13, 166, 0.306121
13, 167, 0.305742
13, 171, 0.305742
13, 172, 0.306121
13, 538, 0.305742
13, 548, 0.305742
14, 178, 0.306121
14, 179, 0.305742
14, 180, 0.305742
14, 181, 0.306121
14, 207, 0.305742
14, 208, 0.305742
15, 199, 0.305742
15, 200, 0.306121
15, 213, 0.306121
15, 214, 0.305742
15, 500, 0.305742
15, 503, 0.305742
16, 196, 0.306121
16, 197, 0.305742
16, 201, 0.305742
16, 202, 0.306121
16, 520, 0.305742
16, 530, 0.305742
17, 225, 0.305742
17, 226, 0.306121
17, 243, 0.306121
17, 244, 0.305742
17, 251, 0.305742
17, 255, 0.305742
18, 222, 0.306121
18, 223, 0.305742
18, 227, 0.305742
18, 228, 0.306121
18, 502, 0.305742
18, 512, 0.305742
19, 234, 0.306121
19, 235, 0.305742
19, 236, 0.305742
19, 237, 0.306121
19, 608, 0.305742
19, 611, 0.305742
20, 253, 0.305742
20, 254, 0.306121
20, 269, 0.306121
20, 270, 0.305742
20, 518, 0.305742
20, 521, 0.305742
21, 260, 0.306121
21, 261, 0.305742
21, 262, 0.305742
21, 263, 0.306121
21, 628, 0.305742
21, 638, 0.305742
22, 281, 0.305742
22, 282, 0.306121
22, 299, 0.306121
22, 300, 0.305742
22, 307, 0.305742
22, 311, 0.305742
23, 278, 0.306121
23, 279, 0.305742
23, 283, 0.305742
23, 284, 0.306121
23, 556, 0.305742
23, 566, 0.305742
24, 290, 0.306121
24, 291, 0.305742
24, 292, 0.305742
24, 293, 0.306121
24, 590, 0.305742
24, 593, 0.305742
25, 309, 0.305742
25, 310, 0.306121
25, 325, 0.306121
25, 326, 0.305742
25, 536, 0.305742
25, 539, 0.305742
26, 316, 0.306121
26, 317, 0.305742
26, 318, 0.305742
26, 319, 0.306121
26, 574, 0.305742
26, 584, 0.305742
27, 337, 0.305742
27, 338, 0.306121
27, 355, 0.306121
27, 356, 0.305742
27, 626, 0.305742
27, 629, 0.305742
28, 334, 0.306121
28, 335, 0.305742
28, 339, 0.305742
28, 340, 0.306121
28, 610, 0.305742
28, 620, 0.305742
29, 346, 0.306121
29, 347, 0.305742
29, 348, 0.305742
29, 349, 0.306121
29, 375, 0.305742
29, 376, 0.305742
30, 367, 0.305742
30, 368, 0.306121
30, 381, 0.306121
30, 382, 0.305742
30, 572, 0.305742
30, 575, 0.305742
31, 364, 0.306121
31, 365, 0.305742
31, 369, 0.305742
31, 370, 0.306121
31, 592, 0.305742
31, 602, 0.305742
32, 393, 0.305742
32, 394, 0.306121
32, 411, 0.306121
32, 412, 0.305742
32, 507, 0.305742
32, 508, 0.305742
33, 390, 0.306121
33, 391, 0.305742
33, 395, 0.305742
33, 396, 0.306121
33, 543, 0.305742
33, 544, 0.305742
34, 402, 0.306121
34, 403, 0.305742
34, 404, 0.305742
34, 405, 0.306121
34, 431, 0.305742
34, 432, 0.305742
35, 423, 0.305742
35, 424, 0.306121
35, 437, 0.306121
35, 438, 0.305742
35, 579, 0.305742
35, 580, 0.305742
36, 420, 0.306121
36, 421, 0.305742
36, 425, 0.305742
36, 426, 0.306121
36, 615, 0.305742
36, 616, 0.305742
37, 449, 0.305742
37, 450, 0.306121
37, 467, 0.306121
37, 468, 0.305742
37, 561, 0.305742
37, 562, 0.305742
38, 446, 0.306121
38, 447, 0.305742
38, 451, 0.305742
38, 452, 0.306121
38, 525, 0.305742
38, 526, 0.305742
39, 458, 0.306121
39, 459, 0.305742
39, 460, 0.305742
39, 461, 0.306121
39, 487, 0.305742
39, 488, 0.305742
40, 479, 0.305742
40, 480, 0.306121
40, 493, 0.306121
40, 494, 0.305742
40, 633, 0.305742
40, 634, 0.305742
41, 476, 0.306121
41, 477, 0.305742
41, 481, 0.305742
41, 482, 0.306121
41, 597, 0.305742
41, 598, 0.305742
42, 162, 0.268320
42, 164, 0.295888
42, 168, 0.280966
42, 170, 0.292399
42, 552, 0.295888
42, 553, 0.280966
43, 163, 0.268320
43, 164, 0.295888
43, 165, 0.280966
43, 166, 0.292399
43, 534, 0.295888
43, 537, 0.280966
44, 165, 0.309372
44, 167, 0.321577
44, 168, 0.309372
44, 169, 0.321577
44, 189, 0.325821
44, 191, 0.325821
45, 171, 0.321577
45, 173, 0.309372
45, 177, 0.309372
45, 179, 0.321577
45, 189, 0.325821
45, 190, 0.325821
46, 172, 0.292399
46, 173, 0.280966
46, 174, 0.295888
46, 175, 0.268319
46, 546, 0.295888
46, 547, 0.280966
47, 174, 0.295888
47, 176, 0.268319
47, 177, 0.280966
47, 178, 0.292399
47, 209, 0.280966
47, 210, 0.295888
48, 180, 0.321577
48, 182, 0.309372
48, 186, 0.309372
48, 188, 0.321577
48, 190, 0.325821
48, 191, 0.325821
49, 181, 0.292399
49, 182, 0.280966
49, 183, 0.295888
49, 184, 0.268319
49, 204, 0.295888
49, 206, 0.280966
50, 183, 0.295888
50, 185, 0.268319
50, 186, 0.280966
50, 187, 0.292399
50, 558, 0.280966
50, 559, 0.295888
51, 192, 0.268320
51, 194, 0.295888
51, 198, 0.280966
51, 200, 0.292399
51, 498, 0.295888
51, 499, 0.280966
52, 193, 0.268320
52, 194, 0.295888
52, 195, 0.280966
52, 196, 0.292399
52, 516, 0.295888
52, 519, 0.280966
53, 195, 0.309372
53, 197, 0.321577
53, 198, 0.309372
53, 199, 0.321577
53, 215, 0.325821
53, 217, 0.325821
54, 201, 0.321577
54, 203, 0.309372
54, 206, 0.309372
54, 207, 0.321577
54, 215, 0.325821
54, 216, 0.325821
55, 202, 0.292399
55, 203, 0.280966
55, 204, 0.295888
55, 205, 0.268319
55, 528, 0.295888
55, 529, 0.280966
56, 208, 0.321577
56, 209, 0.309372
56, 212, 0.309372
56, 214, 0.321577
56, 216, 0.325821
56, 217, 0.325821
57, 210, 0.295888
57, 211, 0.268319
57, 212, 0.280966
57, 213, 0.292399
57, 504, 0.280966
57, 505, 0.295888
58, 218, 0.268319
58, 220, 0.295888
58, 224, 0.280966
58, 226, 0.292399
58, 249, 0.295888
58, 250, 0.280966
59, 219, 0.268319
59, 220, 0.295888
59, 221, 0.280966
59, 222, 0.292399
59, 498, 0.295888
59, 501, 0.280966
60, 221, 0.309372
60, 223, 0.321577
60, 224, 0.309372
60, 225, 0.321577
60, 245, 0.325821
60, 247, 0.325821
61, 227, 0.321577
61, 229, 0.309372
61, 233, 0.309372
61, 235, 0.321577
61, 245, 0.325821
61, 246, 0.325821
62, 228, 0.292399
62, 229, 0.280966
62, 230, 0.295888
62, 231, 0.268320
62, 510, 0.295888
62, 511, 0.280966
63, 230, 0.295888
63, 232, 0.268320
63, 233, 0.280966
63, 234, 0.292399
63, 612, 0.280966
63, 613, 0.295888
64, 236, 0.321577
64, 238, 0.309372
64, 242, 0.309372
64, 244, 0.321577
64, 246, 0.325821
64, 247, 0.325821
65, 237, 0.292399
65, 238, 0.280966
65, 239, 0.295888
65, 240, 0.268319
65, 606, 0.295888
65, 607, 0.280966
66, 239, 0.295888
66, 241, 0.268319
66, 242, 0.280966
66, 243, 0.292399
66, 256, 0.280966
66, 257, 0.295888
67, 248, 0.268319
67, 249, 0.295888
67, 252, 0.280966
67, 254, 0.292399
67, 516, 0.295888
67, 517, 0.280966
68, 250, 0.309372
68, 251, 0.321577
68, 252, 0.309372
68, 253, 0.321577
68, 271, 0.325821
68, 273, 0.325821
69, 255, 0.321577
69, 256, 0.309372
69, 259, 0.309372
69, 261, 0.321577
69, 271, 0.325821
69, 272, 0.325821
70, 257, 0.295888
70, 258, 0.268319
70, 259, 0.280966
70, 260, 0.292399
70, 624, 0.295888
70, 627, 0.280966
71, 262, 0.321577
71, 264, 0.309372
71, 268, 0.309372
71, 270, 0.321577
71, 272, 0.325821
71, 273, 0.325821
72, 263, 0.292399
72, 264, 0.280966
72, 265, 0.295888
72, 266, 0.268320
72, 636, 0.295888
72, 637, 0.280966
73, 265, 0.295888
73, 267, 0.268320
73, 268, 0.280966
73, 269, 0.292399
73, 522, 0.280966
73, 523, 0.295888
74, 274, 0.268319
74, 276, 0.295888
74, 280, 0.280966
74, 282, 0.292399
74, 305, 0.295888
74, 306, 0.280966
75, 275, 0.268319
75, 276, 0.295888
75, 277, 0.280966
75, 278, 0.292399
75, 552, 0.295888
75, 555, 0.280966
76, 277, 0.309372
76, 279, 0.321577
76, 280, 0.309372
76, 281, 0.321577
76, 301, 0.325821
76, 303, 0.325821
77, 283, 0.321577
77, 285, 0.309372
77, 289, 0.309372
77, 291, 0.321577
77, 301, 0.325821
77, 302, 0.325821
78, 284, 0.292399
78, 285, 0.280966
78, 286, 0.295888
78, 287, 0.268320
78, 564, 0.295888
78, 565, 0.280966
79, 286, 0.295888
79, 288, 0.268320
79, 289, 0.280966
79, 290, 0.292399
79, 594, 0.280966
79, 595, 0.295888
80, 292, 0.321577
80, 294, 0.309372
80, 298, 0.309372
80, 300, 0.321577
80, 302, 0.325821
80, 303, 0.325821
81, 293, 0.292399
81, 294, 0.280966
81, 295, 0.295888
81, 296, 0.268319
81, 588, 0.295888
81, 589, 0.280966
82, 295, 0.295888
82, 297, 0.268319
82, 298, 0.280966
82, 299, 0.292399
82, 312, 0.280966
82, 313, 0.295888
83, 304, 0.268319
83, 305, 0.295888
83, 308, 0.280966
83, 310, 0.292399
83, 534, 0.295888
83, 535, 0.280966
84, 306, 0.309372
84, 307, 0.321577
84, 308, 0.309372
84, 309, 0.321577
84, 327, 0.325821
84, 329, 0.325821
85, 311, 0.321577
85, 312, 0.309372
85, 315, 0.309372
85, 317, 0.321577
85, 327, 0.325821
85, 328, 0.325821
86, 313, 0.295888
86, 314, 0.268319
86, 315, 0.280966
86, 316, 0.292399
86, 570, 0.295888
86, 573, 0.280966
87, 318, 0.321577
87, 320, 0.309372
87, 324, 0.309372
87, 326, 0.321577
87, 328, 0.325821
87, 329, 0.325821
88, 319, 0.292399
88, 320, 0.280966
88, 321, 0.295888
88, 322, 0.268320
88, 582, 0.295888
88, 583, 0.280966
89, 321, 0.295888
89, 323, 0.268320
89, 324, 0.280966
89, 325, 0.292399
89, 540, 0.280966
89, 541, 0.295888
90, 330, 0.268320
90, 332, 0.295888
90, 336, 0.280966
90, 338, 0.292399
90, 624, 0.295888
90, 625, 0.280966
91, 331, 0.268320
91, 332, 0.295888
91, 333, 0.280966
91, 334, 0.292399
91, 606, 0.295888
91, 609, 0.280966
92, 333, 0.309372
92, 335, 0.321577
92, 336, 0.309372
92, 337, 0.321577
92, 357, 0.325821
92, 359, 0.325821
93, 339, 0.321577
93, 341, 0.309372
93, 345, 0.309372
93, 347, 0.321577
93, 357, 0.325821
93, 358, 0.325821
94, 340, 0.292399
94, 341, 0.280966
94, 342, 0.295888
94, 343, 0.268319
94, 618, 0.295888
94, 619, 0.280966
95, 342, 0.295888
95, 344, 0.268319
95, 345, 0.280966
95, 346, 0.292399
95, 377, 0.280966
95, 378, 0.295888
96, 348, 0.321577
96, 350, 0.309372
96, 354, 0.309372
96, 356, 0.321577
96, 358, 0.325821
96, 359, 0.325821
97, 349, 0.292399
97, 350, 0.280966
97, 351, 0.295888
97, 352, 0.268319
97, 372, 0.295888
97, 374, 0.280966
98, 351, 0.295888
98, 353, 0.268319
98, 354, 0.280966
98, 355, 0.292399
98, 630, 0.280966
98, 631, 0.295888
99, 360, 0.268320
99, 362, 0.295888
99, 366, 0.280966
99, 368, 0.292399
99, 570, 0.295888
99, 571, 0.280966
100, 361, 0.268320
100, 362, 0.295888
100, 363, 0.280966
100, 364, 0.292399
100, 588, 0.295888
100, 591, 0.280966
101, 363, 0.309372
101, 365, 0.321577
101, 366, 0.309372
101, 367, 0.321577
101, 383, 0.325821
101, 385, 0.325821
102, 369, 0.321577
102, 371, 0.309372
102, 374, 0.309372
102, 375, 0.321577
102, 383, 0.325821
102, 384, 0.325821
103, 370, 0.292399
103, 371, 0.280966
103, 372, 0.295888
103, 373, 0.268319
103, 600, 0.295888
103, 601, 0.280966
104, 376, 0.321577
104, 377, 0.309372
104, 380, 0.309372
104, 382, 0.321577
104, 384, 0.325821
104, 385, 0.325821
105, 378, 0.295888
105, 379, 0.268319
105, 380, 0.280966
105, 381, 0.292399
105, 576, 0.280966
105, 577, 0.295888
106, 386, 0.268320
106, 388, 0.295888
106, 392, 0.280966
106, 394, 0.292399
106, 505, 0.295888
106, 506, 0.280966
107, 387, 0.268320
107, 388, 0.295888
107, 389, 0.280966
107, 390, 0.292399
107, 545, 0.280966
107, 546, 0.295888
108, 389, 0.309372
108, 391, 0.321577
108, 392, 0.309372
108, 393, 0.321577
108, 413, 0.325821
108, 415, 0.325821
109, 395, 0.321577
109, 397, 0.309372
109, 401, 0.309372
109, 403, 0.321577
109, 413, 0.325821
109, 414, 0.325821
110, 396, 0.292399
110, 397, 0.280966
110, 398, 0.295888
110, 399, 0.268319
110, 541, 0.295888
110, 542, 0.280966
111, 398, 0.295888
111, 400, 0.268319
111, 401, 0.280966
111, 402, 0.292399
111, 433, 0.280966
111, 434, 0.295888
112, 404, 0.321577
112, 406, 0.309372
112, 410, 0.309372
112, 412, 0.321577
112, 414, 0.325821
112, 415, 0.325821
113, 405, 0.292399
113, 406, 0.280966
113, 407, 0.295888
113, 408, 0.268319
113, 428, 0.295888
113, 430, 0.280966
114, 407, 0.295888
114, 409, 0.268319
114, 410, 0.280966
114, 411, 0.292399
114, 509, 0.280966
114, 510, 0.295888
115, 416, 0.268320
115, 418, 0.295888
115, 422, 0.280966
115, 424, 0.292399
115, 577, 0.295888
115, 578, 0.280966
116, 417, 0.268320
116, 418, 0.295888
116, 419, 0.280966
116, 420, 0.292399
116, 617, 0.280966
116, 618, 0.295888
117, 419, 0.309372
117, 421, 0.321577
117, 422, 0.309372
117, 423, 0.321577
117, 439, 0.325821
117, 441, 0.325821
118, 425, 0.321577
118, 427, 0.309372
118, 430, 0.309372
118, 431, 0.321577
118, 439, 0.325821
118, 440, 0.325821
119, 426, 0.292399
119, 427, 0.280966
119, 428, 0.295888
119, 429, 0.268319
119, 613, 0.295888
119, 614, 0.280966
120, 432, 0.321577
120, 433, 0.309372
120, 436, 0.309372
120, 438, 0.321577
120, 440, 0.325821
120, 441, 0.325821
121, 434, 0.295888
121, 435, 0.268319
121, 436, 0.280966
121, 437, 0.292399
121, 581, 0.280966
121, 582, 0.295888
122, 442, 0.268320
122, 444, 0.295888
122, 448, 0.280966
122, 450, 0.292399
122, 559, 0.295888
122, 560, 0.280966
123, 443, 0.268320
123, 444, 0.295888
123, 445, 0.280966
123, 446, 0.292399
123, 527, 0.280966
123, 528, 0.295888
124, 445, 0.309372
124, 447, 0.321577
124, 448, 0.309372
124, 449, 0.321577
124, 469, 0.325821
124, 471, 0.325821
125, 451, 0.321577
125, 453, 0.309372
125, 457, 0.309372
125, 459, 0.321577
125, 469, 0.325821
125, 470, 0.325821
126, 452, 0.292399
126, 453, 0.280966
126, 454, 0.295888
126, 455, 0.268319
126, 523, 0.295888
126, 524, 0.280966
127, 454, 0.295888
127, 456, 0.268319
127, 457, 0.280966
127, 458, 0.292399
127, 489, 0.280966
127, 490, 0.295888
128, 460, 0.321577
128, 462, 0.309372
128, 466, 0.309372
128, 468, 0.321577
128, 470, 0.325821
128, 471, 0.325821
129, 461, 0.292399
129, 462, 0.280966
129, 463, 0.295888
129, 464, 0.268319
129, 484, 0.295888
129, 486, 0.280966
130, 463, 0.295888
130, 465, 0.268319
130, 466, 0.280966
130, 467, 0.292399
130, 563, 0.280966
130, 564, 0.295888
131, 472, 0.268320
131, 474, 0.295888
131, 478, 0.280966
131, 480, 0.292399
131, 631, 0.295888
131, 632, 0.280966
132, 473, 0.268320
132, 474, 0.295888
132, 475, 0.280966
132, 476, 0.292399
132, 599, 0.280966
132, 600, 0.295888
133, 475, 0.309372
133, 477, 0.321577
133, 478, 0.309372
133, 479, 0.321577
133, 495, 0.325821
133, 497, 0.325821
134, 481, 0.321577
134, 483, 0.309372
134, 486, 0.309372
134, 487, 0.321577
134, 495, 0.325821
134, 496, 0.325821
135, 482, 0.292399
135, 483, 0.280966
135, 484, 0.295888
135, 485, 0.268319
135, 595, 0.295888
135, 596, 0.280966
136, 488, 0.321577
136, 489, 0.309372
136, 492, 0.309372
136, 494, 0.321577
136, 496, 0.325821
136, 497, 0.325821
137, 490, 0.295888
137, 491, 0.268319
137, 492, 0.280966
137, 493, 0.292399
137, 635, 0.280966
137, 636, 0.295888
138, 499, 0.309372
138, 500, 0.321577
138, 501, 0.309372
138, 502, 0.321577
138, 513, 0.325821
138, 515, 0.325821
139, 503, 0.321577
139, 504, 0.309372
139, 506, 0.309372
139, 507, 0.321577
139, 513, 0.325821
139, 514, 0.325821
140, 508, 0.321577
140, 509, 0.309372
140, 511, 0.309372
140, 512, 0.321577
140, 514, 0.325821
140, 515, 0.325821
141, 517, 0.309372
141, 518, 0.321577
141, 519, 0.309372
141, 520, 0.321577
141, 531, 0.325821
141, 533, 0.325821
142, 521, 0.321577
142, 522, 0.309372
142, 524, 0.309372
142, 525, 0.321577
142, 531, 0.325821
142, 532, 0.325821
143, 526, 0.321577
143, 527, 0.309372
143, 529, 0.309372
143, 530, 0.321577
143, 532, 0.325821
143, 533, 0.325821
144, 535, 0.309372
144, 536, 0.321577
144, 537, 0.309372
144, 538, 0.321577
144, 549, 0.325821
144, 551, 0.325821
145, 539, 0.321577
145, 540, 0.309372
145, 542, 0.309372
145, 543, 0.321577
145, 549, 0.325821
145, 550, 0.325821
146, 544, 0.321577
146, 545, 0.309372
146, 547, 0.309372
146, 548, 0.321577
146, 550, 0.325821
146, 551, 0.325821
147, 553, 0.309372
147, 554, 0.321577
147, 555, 0.309372
147, 556, 0.321577
147, 567, 0.325821
147, 569, 0.325821
148, 557, 0.321577
148, 558, 0.309372
148, 560, 0.309372
148, 561, 0.321577
148, 567, 0.325821
148, 568, 0.325821
149, 562, 0.321577
149, 563, 0.309372
149, 565, 0.309372
149, 566, 0.321577
149, 568, 0.325821
149, 569, 0.325821
150, 571, 0.309372
150, 572, 0.321577
150, 573, 0.309372
150, 574, 0.321577
150, 585, 0.325821
150, 587, 0.325821
151, 575, 0.321577
151, 576, 0.309372
151, 578, 0.309372
151, 579, 0.321577
151, 585, 0.325821
151, 586, 0.325821
152, 580, 0.321577
152, 581, 0.309372
152, 583, 0.309372
152, 584, 0.321577
152, 586, 0.325821
152, 587, 0.325821
153, 589, 0.309372
153, 590, 0.321577
153, 591, 0.309372
153, 592, 0.321577
153, 603, 0.325821
153, 605, 0.325821
154, 593, 0.321577
154, 594, 0.309372
154, 596, 0.309372
154, 597, 0.321577
154, 603, 0.325821
154, 604, 0.325821
155, 598, 0.321577
155, 599, 0.309372
155, 601, 0.309372
155, 602, 0.321577
155, 604, 0.325821
155, 605, 0.325821
156, 607, 0.309372
156, 608, 0.321577
156, 609, 0.309372
156, 610, 0.321577
156, 621, 0.325821
156, 623, 0.325821
157, 611, 0.321577
157, 612, 0.309372
157, 614, 0.309372
157, 615, 0.321577
157, 621, 0.325821
157, 622, 0.325821
158, 616, 0.321577
158, 617, 0.309372
158, 619, 0.309372
158, 620, 0.321577
158, 622, 0.325821
158, 623, 0.325821
159, 625, 0.309372
159, 626, 0.321577
159, 627, 0.309372
159, 628, 0.321577
159, 639, 0.325821
159, 641, 0.325821
160, 629, 0.321577
160, 630, 0.309372
160, 632, 0.309372
160, 633, 0.321577
160, 639, 0.325821
160, 640, 0.325821
161, 634, 0.321577
161, 635, 0.309372
161, 637, 0.309372
161, 638, 0.321577
161, 640, 0.325821
161, 641, 0.325821
162, 163, 0.280205
162, 164, 0.260521
162, 275, 0.280205
162, 552, 0.260521
163, 164, 0.260521
163, 304, 0.280205
163, 534, 0.260521
164, 165, 0.290790
164, 168, 0.290790
165, 166, 0.305178
165, 167, 0.312548
165, 168, 0.312597
166, 167, 0.297082
166, 537, 0.305178
166, 538, 0.297082
167, 171, 0.320535
167, 189, 0.320478
168, 169, 0.312548
168, 170, 0.305178
169, 170, 0.297082
169, 188, 0.320535
169, 191, 0.320478
170, 553, 0.305178
170, 554, 0.297082
171, 172, 0.297082
171, 173, 0.312548
171, 189, 0.320478
172, 173, 0.305178
172, 547, 0.305178
172, 548, 0.297082
173, 174, 0.290790
173, 177, 0.312597
174, 175, 0.260521
174, 176, 0.260521
174, 177, 0.290790
175, 176, 0.280205
175, 387, 0.280205
175, 546, 0.260521
176, 210, 0.260521
176, 211, 0.280205
177, 178, 0.305178
177, 179, 0.312548
178, 179, 0.297082
178, 208, 0.297082
178, 209, 0.305178
179, 180, 0.320535
179, 190, 0.320478
180, 181, 0.297082
180, 182, 0.312548
180, 190, 0.320478
181, 182, 0.305178
181, 206, 0.305178
181, 207, 0.297082
182, 183, 0.290790
182, 186, 0.312597
183, 184, 0.260521
183, 185, 0.260521
183, 186, 0.290790
184, 185, 0.280205
184, 204, 0.260521
184, 205, 0.280205
185, 442, 0.280205
185, 559, 0.260521
186, 187, 0.305178
186, 188, 0.312548
187, 188, 0.297082
187, 557, 0.297082
187, 558, 0.305178
188, 191, 0.320478
189, 190, 0.329110
189, 191, 0.329110
190, 191, 0.329110
192, 193, 0.280205
192, 194, 0.260521
192, 219, 0.280205
192, 498, 0.260521
193, 194, 0.260521
193, 248, 0.280205
193, 516, 0.260521
194, 195, 0.290790
194, 198, 0.290790
195, 196, 0.305178
195, 197, 0.312548
195, 198, 0.312597
196, 197, 0.297082
196, 519, 0.305178
196, 520, 0.297082
197, 201, 0.320535
197, 215, 0.320478
198, 199, 0.312548
198, 200, 0.305178
199, 200, 0.297082
199, 214, 0.320535
199, 217, 0.320478
200, 499, 0.305178
200, 500, 0.297082
201, 202, 0.297082
201, 203, 0.312548
201, 215, 0.320478
202, 203, 0.305178
202, 529, 0.305178
202, 530, 0.297082
203, 204, 0.290790
203, 206, 0.312597
204, 205, 0.260521
204, 206, 0.290790
205, 443, 0.280205
205, 528, 0.260521
206, 207, 0.312548
207, 208, 0.320535
207, 216, 0.320478
208, 209, 0.312548
208, 216, 0.320478
209, 210, 0.290790
209, 212, 0.312597
210, 211, 0.260521
210, 212, 0.290790
211, 386, 0.280205
211, 505, 0.260521
212, 213, 0.305178
212, 214, 0.312548
213, 214, 0.297082
213, 503, 0.297082
213, 504, 0.305178
214, 217, 0.320478
215, 216, 0.329110
215, 217, 0.329110
216, 217, 0.329110
218, 219, 0.280205
218, 220, 0.260521
218, 248, 0.280205
218, 249, 0.260521
219, 220, 0.260521
219, 498, 0.260521
220, 221, 0.290790
220, 224, 0.290790
221, 222, 0.305178
221, 223, 0.312548
221, 224, 0.312597
222, 223, 0.297082
222, 501, 0.305178
222, 502, 0.297082
223, 227, 0.320535
223, 245, 0.320478
224, 225, 0.312548
224, 226, 0.305178
225, 226, 0.297082
225, 244, 0.320535
225, 247, 0.320478
226, 250, 0.305178
226, 251, 0.297082
227, 228, 0.297082
227, 229, 0.312548
227, 245, 0.320478
228, 229, 0.305178
228, 511, 0.305178
228, 512, 0.297082
229, 230, 0.290790
229, 233, 0.312597
230, 231, 0.260521
230, 232, 0.260521
230, 233, 0.290790
231, 232, 0.280205
231, 409, 0.280205
231, 510, 0.260521
232, 429, 0.280205
232, 613, 0.260521
233, 234, 0.305178
233, 235, 0.312548
234, 235, 0.297082
234, 611, 0.297082
234, 612, 0.305178
235, 236, 0.320535
235, 246, 0.320478
236, 237, 0.297082
236, 238, 0.312548
236, 246, 0.320478
237, 238, 0.305178
237, 607, 0.305178
237, 608, 0.297082
238, 239, 0.290790
238, 242, 0.312597
239, 240, 0.260521
239, 241, 0.260521
239, 242, 0.290790
240, 241, 0.280205
240, 331, 0.280205
240, 606, 0.260521
241, 257, 0.260521
241, 258, 0.280205
242, 243, 0.305178
242, 244, 0.312548
243, 244, 0.297082
243, 255, 0.297082
243, 256, 0.305178
244, 247, 0.320478
245, 246, 0.329110
245, 247, 0.329110
246, 247, 0.329110
248, 249, 0.260521
248, 516, 0.260521
249, 250, 0.290790
249, 252, 0.290790
250, 251, 0.312548
250, 252, 0.312597
251, 255, 0.320535
251, 271, 0.320478
252, 253, 0.312548
252, 254, 0.305178
253, 254, 0.297082
253, 270, 0.320535
253, 273, 0.320478
254, 517, 0.305178
254, 518, 0.297082
255, 256, 0.312548
255, 271, 0.320478
256, 257, 0.290790
256, 259, 0.312597
257, 258, 0.260521
257, 259, 0.290790
258, 330, 0.280205
258, 624, 0.260521
259, 260, 0.305178
259, 261, 0.312548
260, 261, 0.297082
260, 627, 0.305178
260, 628, 0.297082
261, 262, 0.320535
261, 272, 0.320478
262, 263, 0.297082
262, 264, 0.312548
262, 272, 0.320478
263, 264, 0.305178
263, 637, 0.305178
263, 638, 0.297082
264, 265, 0.290790
264, 268, 0.312597
265, 266, 0.260521
265, 267, 0.260521
265, 268, 0.290790
266, 267, 0.280205
266, 491, 0.280205
266, 636, 0.260521
267, 455, 0.280205
267, 523, 0.260521
268, 269, 0.305178
268, 270, 0.312548
269, 270, 0.297082
269, 521, 0.297082
269, 522, 0.305178
270, 273, 0.320478
271, 272, 0.329110
271, 273, 0.329110
272, 273, 0.329110
274, 275, 0.280205
274, 276, 0.260521
274, 304, 0.280205
274, 305, 0.260521
275, 276, 0.260521
275, 552, 0.260521
276, 277, 0.290790
276, 280, 0.290790
277, 278, 0.305178
277, 279, 0.312548
277, 280, 0.312597
278, 279, 0.297082
278, 555, 0.305178
278, 556, 0.297082
279, 283, 0.320535
279, 301, 0.320478
280, 281, 0.312548
280, 282, 0.305178
281, 282, 0.297082
281, 300, 0.320535
281, 303, 0.320478
282, 306, 0.305178
282, 307, 0.297082
283, 284, 0.297082
283, 285, 0.312548
283, 301, 0.320478
284, 285, 0.305178
284, 565, 0.305178
284, 566, 0.297082
285, 286, 0.290790
285, 289, 0.312597
286, 287, 0.260521
286, 288, 0.260521
286, 289, 0.290790
287, 288, 0.280205
287, 465, 0.280205
287, 564, 0.260521
288, 485, 0.280205
288, 595, 0.260521
289, 290, 0.305178
289, 291, 0.312548
290, 291, 0.297082
290, 593, 0.297082
290, 594, 0.305178
291, 292, 0.320535
291, 302, 0.320478
292, 293, 0.297082
292, 294, 0.312548
292, 302, 0.320478
293, 294, 0.305178
293, 589, 0.305178
293, 590, 0.297082
294, 295, 0.290790
294, 298, 0.312597
295, 296, 0.260521
295, 297, 0.260521
295, 298, 0.290790
296, 297, 0.280205
296, 361, 0.280205
296, 588, 0.260521
297, 313, 0.260521
297, 314, 0.280205
298, 299, 0.305178
298, 300, 0.312548
299, 300, 0.297082
299, 311, 0.297082
299, 312, 0.305178
300, 303, 0.320478
301, 302, 0.329110
301, 303, 0.329110
302, 303, 0.329110
304, 305, 0.260521
304, 534, 0.260521
305, 306, 0.290790
305, 308, 0.290790
306, 307, 0.312548
306, 308, 0.312597
307, 311, 0.320535
307, 327, 0.320478
308, 309, 0.312548
308, 310, 0.305178
309, 310, 0.297082
309, 326, 0.320535
309, 329, 0.320478
310, 535, 0.305178
310, 536, 0.297082
311, 312, 0.312548
311, 327, 0.320478
312, 313, 0.290790
312, 315, 0.312597
313, 314, 0.260521
313, 315, 0.290790
314, 360, 0.280205
314, 570, 0.260521
315, 316, 0.305178
315, 317, 0.312548
316, 317, 0.297082
316, 573, 0.305178
316, 574, 0.297082
317, 318, 0.320535
317, 328, 0.320478
318, 319, 0.297082
318, 320, 0.312548
318, 328, 0.320478
319, 320, 0.305178
319, 583, 0.305178
319, 584, 0.297082
320, 321, 0.290790
320, 324, 0.312597
321, 322, 0.260521
321, 323, 0.260521
321, 324, 0.290790
322, 323, 0.280205
322, 435, 0.280205
322, 582, 0.260521
323, 399, 0.280205
323, 541, 0.260521
324, 325, 0.305178
324, 326, 0.312548
325, 326, 0.297082
325, 539, 0.297082
325, 540, 0.305178
326, 329, 0.320478
327, 328, 0.329110
327, 329, 0.329110
328, 329, 0.329110
330, 331, 0.280205
330, 332, 0.260521
330, 624, 0.260521
331, 332, 0.260521
331, 606, 0.260521
332, 333, 0.290790
332, 336, 0.290790
333, 334, 0.305178
333, 335, 0.312548
333, 336, 0.312597
334, 335, 0.297082
334, 609, 0.305178
334, 610, 0.297082
335, 339, 0.320535
335, 357, 0.320478
336, 337, 0.312548
336, 338, 0.305178
337, 338, 0.297082
337, 356, 0.320535
337, 359, 0.320478
338, 625, 0.305178
338, 626, 0.297082
339, 340, 0.297082
339, 341, 0.312548
339, 357, 0.320478
340, 341, 0.305178
340, 619, 0.305178
340, 620, 0.297082
341, 342, 0.290790
341, 345, 0.312597
342, 343, 0.260521
342, 344, 0.260521
342, 345, 0.290790
343, 344, 0.280205
343, 417, 0.280205
343, 618, 0.260521
344, 378, 0.260521
344, 379, 0.280205
345, 346, 0.305178
345, 347, 0.312548
346, 347, 0.297082
346, 376, 0.297082
346, 377, 0.305178
347, 348, 0.320535
347, 358, 0.320478
348, 349, 0.297082
348, 350, 0.312548
348, 358, 0.320478
349, 350, 0.305178
349, 374, 0.305178
349, 375, 0.297082
350, 351, 0.290790
350, 354, 0.312597
351, 352, 0.260521
351, 353, 0.260521
351, 354, 0.290790
352, 353, 0.280205
352, 372, 0.260521
352, 373, 0.280205
353, 472, 0.280205
353, 631, 0.260521
354, 355, 0.305178
354, 356, 0.312548
355, 356, 0.297082
355, 629, 0.297082
355, 630, 0.305178
356, 359, 0.320478
357, 358, 0.329110
357, 359, 0.329110
358, 359, 0.329110
360, 361, 0.280205
360, 362, 0.260521
360, 570, 0.260521
361, 362, 0.260521
361, 588, 0.260521
362, 363, 0.290790
362, 366, 0.290790
363, 364, 0.305178
363, 365, 0.312548
363, 366, 0.312597
364, 365, 0.297082
364, 591, 0.305178
364, 592, 0.297082
365, 369, 0.320535
365, 383, 0.320478
366, 367, 0.312548
366, 368, 0.305178
367, 368, 0.297082
367, 382, 0.320535
367, 385, 0.320478
368, 571, 0.305178
368, 572, 0.297082
369, 370, 0.297082
369, 371, 0.312548
369, 383, 0.320478
370, 371, 0.305178
370, 601, 0.305178
370, 602, 0.297082
371, 372, 0.290790
371, 374, 0.312597
372, 373, 0.260521
372, 374, 0.290790
373, 473, 0.280205
373, 600, 0.260521
374, 375, 0.312548
375, 376, 0.320535
375, 384, 0.320478
376, 377, 0.312548
376, 384, 0.320478
377, 378, 0.290790
377, 380, 0.312597
378, 379, 0.260521
378, 380, 0.290790
379, 416, 0.280205
379, 577, 0.260521
380, 381, 0.305178
380, 382, 0.312548
381, 382, 0.297082
381, 575, 0.297082
381, 576, 0.305178
382, 385, 0.320478
383, 384, 0.329110
383, 385, 0.329110
384, 385, 0.329110
386, 387, 0.280205
386, 388, 0.260521
386, 505, 0.260521
387, 388, 0.260521
387, 546, 0.260521
388, 389, 0.290790
388, 392, 0.290790
389, 390, 0.305178
389, 391, 0.312548
389, 392, 0.312597
390, 391, 0.297082
390, 544, 0.297082
390, 545, 0.305178
391, 395, 0.320535
391, 413, 0.320478
392, 393, 0.312548
392, 394, 0.305178
393, 394, 0.297082
393, 412, 0.320535
393, 415, 0.320478
394, 506, 0.305178
394, 507, 0.297082
395, 396, 0.297082
395, 397, 0.312548
395, 413, 0.320478
396, 397, 0.305178
396, 542, 0.305178
396, 543, 0.297082
397, 398, 0.290790
397, 401, 0.312598
398, 399, 0.260521
398, 400, 0.260521
398, 401, 0.290790
399, 400, 0.280205
399, 541, 0.260521
400, 434, 0.260521
400, 435, 0.280205
401, 402, 0.305178
401, 403, 0.312548
402, 403, 0.297082
402, 432, 0.297082
402, 433, 0.305178
403, 404, 0.320535
403, 414, 0.320478
404, 405, 0.297082
404, 406, 0.312548
404, 414, 0.320478
405, 406, 0.305178
405, 430, 0.305178
405, 431, 0.297082
406, 407, 0.290790
406, 410, 0.312598
407, 408, 0.260521
407, 409, 0.260521
407, 410, 0.290790
408, 409, 0.280205
408, 428, 0.260521
408, 429, 0.280205
409, 510, 0.260521
410, 411, 0.305178
410, 412, 0.312548
411, 412, 0.297082
411, 508, 0.297082
411, 509, 0.305178
412, 415, 0.320478
413, 414, 0.329110
413, 415, 0.329110
414, 415, 0.329110
416, 417, 0.280205
416, 418, 0.260521
416, 577, 0.260521
417, 418, 0.260521
417, 618, 0.260521
418, 419, 0.290790
418, 422, 0.290790
419, 420, 0.305178
419, 421, 0.312548
419, 422, 0.312597
420, 421, 0.297082
420, 616, 0.297082
420, 617, 0.305178
421, 425, 0.320535
421, 439, 0.320478
422, 423, 0.312548
422, 424, 0.305178
423, 424, 0.297082
423, 438, 0.320535
423, 441, 0.320478
424, 578, 0.305178
424, 579, 0.297082
425, 426, 0.297082
425, 427, 0.312548
425, 439, 0.320478
426, 427, 0.305178
426, 614, 0.305178
426, 615, 0.297082
427, 428, 0.290790
427, 430, 0.312598
428, 429, 0.260521
428, 430, 0.290790
429, 613, 0.260521
430, 431, 0.312548
431, 432, 0.320535
431, 440, 0.320478
432, 433, 0.312548
432, 440, 0.320478
433, 434, 0.290790
433, 436, 0.312598
434, 435, 0.260521
434, 436, 0.290790
435, 582, 0.260521
436, 437, 0.305178
436, 438, 0.312548
437, 438, 0.297082
437, 580, 0.297082
437, 581, 0.305178
438, 441, 0.320478
439, 440, 0.329110
439, 441, 0.329110
440, 441, 0.329110
442, 443, 0.280205
442, 444, 0.260521
442, 559, 0.260521
443, 444, 0.260521
443, 528, 0.260521
444, 445, 0.290790
444, 448, 0.290790
445, 446, 0.305178
445, 447, 0.312548
445, 448, 0.312597
446, 447, 0.297082
446, 526, 0.297082
446, 527, 0.305178
447, 451, 0.320535
447, 469, 0.320478
448, 449, 0.312548
448, 450, 0.305178
449, 450, 0.297082
449, 468, 0.320535
449, 471, 0.320478
450, 560, 0.305178
450, 561, 0.297082
451, 452, 0.297082
451, 453, 0.312548
451, 469, 0.320478
452, 453, 0.305178
452, 524, 0.305178
452, 525, 0.297082
453, 454, 0.290790
453, 457, 0.312598
454, 455, 0.260521
454, 456, 0.260521
454, 457, 0.290790
455, 456, 0.280205
455, 523, 0.260521
456, 490, 0.260521
456, 491, 0.280205
457, 458, 0.305178
457, 459, 0.312548
458, 459, 0.297082
458, 488, 0.297082
458, 489, 0.305178
459, 460, 0.320535
459, 470, 0.320478
460, 461, 0.297082
460, 462, 0.312548
460, 470, 0.320478
461, 462, 0.305178
461, 486, 0.305178
461, 487, 0.297082
462, 463, 0.290790
462, 466, 0.312598
463, 464, 0.260521
463, 465, 0.260521
463, 466, 0.290790
464, 465, 0.280205
464, 484, 0.260521
464, 485, 0.280205
465, 564, 0.260521
466, 467, 0.305178
466, 468, 0.312548
467, 468, 0.297082
467, 562, 0.297082
467, 563, 0.305178
468, 471, 0.320478
469, 470, 0.329110
469, 471, 0.329110
470, 471, 0.329110
472, 473, 0.280205
472, 474, 0.260521
472, 631, 0.260521
473, 474, 0.260521
473, 600, 0.260521
474, 475, 0.290790
474, 478, 0.290790
475, 476, 0.305178
475, 477, 0.312548
475, 478, 0.312597
476, 477, 0.297082
476, 598, 0.297082
476, 599, 0.305178
477, 481, 0.320535
477, 495, 0.320478
478, 479, 0.312548
478, 480, 0.305178
479, 480, 0.297082
479, 494, 0.320535
479, 497, 0.320478
480, 632, 0.305178
480, 633, 0.297082
481, 482, 0.297082
481, 483, 0.312548
481, 495, 0.320478
482, 483, 0.305178
482, 596, 0.305178
482, 597, 0.297082
483, 484, 0.290790
483, 486, 0.312598
484, 485, 0.260521
484, 486, 0.290790
485, 595, 0.260521
486, 487, 0.312548
487, 488, 0.320535
487, 496, 0.320478
488, 489, 0.312548
488, 496, 0.320478
489, 490, 0.290790
489, 492, 0.312598
490, 491, 0.260521
490, 492, 0.290790
491, 636, 0.260521
492, 493, 0.305178
492, 494, 0.312548
493, 494, 0.297082
493, 634, 0.297082
493, 635, 0.305178
494, 497, 0.320478
495, 496, 0.329110
495, 497, 0.329110
496, 497, 0.329110
498, 499, 0.290790
498, 501, 0.290790
499, 500, 0.312548
499, 501, 0.312597
500, 503, 0.320535
500, 513, 0.320478
501, 502, 0.312548
502, 512, 0.320535
502, 515, 0.320478
503, 504, 0.312548
503, 513, 0.320478
504, 505, 0.290790
504, 506, 0.312598
505, 506, 0.290790
506, 507, 0.312548
507, 508, 0.320535
507, 514, 0.320478
508, 509, 0.312548
508, 514, 0.320478
509, 510, 0.290790
509, 511, 0.312598
510, 511, 0.290790
511, 512, 0.312548
512, 515, 0.320478
513, 514, 0.329110
513, 515, 0.329110
514, 515, 0.329110
516, 517, 0.290790
516, 519, 0.290790
517, 518, 0.312548
517, 519, 0.312597
518, 521, 0.320535
518, 531, 0.320478
519, 520, 0.312548
520, 530, 0.320535
520, 533, 0.320478
521, 522, 0.312548
521, 531, 0.320478
522, 523, 0.290790
522, 524, 0.312598
523, 524, 0.290790
524, 525, 0.312548
525, 526, 0.320535
525, 532, 0.320478
526, 527, 0.312548
526, 532, 0.320478
527, 528, 0.290790
527, 529, 0.312598
528, 529, 0.290790
529, 530, 0.312548
530, 533, 0.320478
531, 532, 0.329110
531, 533, 0.329110
532, 533, 0.329110
534, 535, 0.290790
534, 537, 0.290790
535, 536, 0.312548
535, 537, 0.312597
536, 539, 0.320535
536, 549, 0.320478
537, 538, 0.312548
538, 548, 0.320535
538, 551, 0.320478
539, 540, 0.312548
539, 549, 0.320478
540, 541, 0.290790
540, 542, 0.312598
541, 542, 0.290790
542, 543, 0.312548
543, 544, 0.320535
543, 550, 0.320478
544, 545, 0.312548
544, 550, 0.320478
545, 546, 0.290790
545, 547, 0.312598
546, 547, 0.290790
547, 548, 0.312548
548, 551, 0.320478
549, 550, 0.329110
549, 551, 0.329110
550, 551, 0.329110
552, 553, 0.290790
552, 555, 0.290790
553, 554, 0.312548
553, 555, 0.312597
554, 557, 0.320535
554, 567, 0.320478
555, 556, 0.312548
556, 566, 0.320535
556, 569, 0.320478
557, 558, 0.312548
557, 567, 0.320478
558, 559, 0.290790
558, 560, 0.312598
559, 560, 0.290790
560, 561, 0.312548
561, 562, 0.320535
561, 568, 0.320478
562, 563, 0.312548
562, 568, 0.320478
563, 564, 0.290790
563, 565, 0.312598
564, 565, 0.290790
565, 566, 0.312548
566, 569, 0.320478
567, 568, 0.329110
567, 569, 0.329110
568, 569, 0.329110
570, 571, 0.290790
570, 573, 0.290790
571, 572, 0.312548
571, 573, 0.312597
572, 575, 0.320535
572, 585, 0.320478
573, 574, 0.312548
574, 584, 0.320535
574, 587, 0.320478
575, 576, 0.312548
575, 585, 0.320478
576, 577, 0.290790
576, 578, 0.312598
577, 578, 0.290790
578, 579, 0.312548
579, 580, 0.320535
579, 586, 0.320478
580, 581, 0.312548
580, 586, 0.320478
581, 582, 0.290790
581, 583, 0.312598
582, 583, 0.290790
583, 584, 0.312548
584, 587, 0.320478
585, 586, 0.329110
585, 587, 0.329110
586, 587, 0.329110
588, 589, 0.290790
588, 591, 0.290790
589, 590, 0.312548
589, 591, 0.312597
590, 593, 0.320535
590, 603, 0.320478
591, 592, 0.312548
592, 602, 0.320535
592, 605, 0.320478
593, 594, 0.312548
593, 603, 0.320478
594, 595, 0.290790
594, 596, 0.312598
595, 596, 0.290790
596, 597, 0.312548
597, 598, 0.320535
597, 604, 0.320478
598, 599, 0.312548
598, 604, 0.320478
599, 600, 0.290790
599, 601, 0.312598
600, 601, 0.290790
601, 602, 0.312548
602, 605, 0.320478
603, 604, 0.329110
603, 605, 0.329110
604, 605, 0.329110
606, 607, 0.290790
606, 609, 0.290790
607, 608, 0.312548
607, 609, 0.312597
608, 611, 0.320535
608, 621, 0.320478
609, 610, 0.312548
610, 620, 0.320535
610, 623, 0.320478
611, 612, 0.312548
611, 621, 0.320478
612, 613, 0.290790
612, 614, 0.312598
613, 614, 0.290790
614, 615, 0.312548
615, 616, 0.320535
615, 622, 0.320478
616, 617, 0.312548
616, 622, 0.320478
617, 618, 0.290790
617, 619, 0.312598
618, 619, 0.290790
619, 620, 0.312548
620, 623, 0.320478
621, 622, 0.329110
621, 623, 0.329110
622, 623, 0.329110
624, 625, 0.290790
624, 627, 0.290790
625, 626, 0.312548
625, 627, 0.312597
626, 629, 0.320535
626, 639, 0.320478
627, 628, 0.312548
628, 638, 0.320535
628, 641, 0.320478
629, 630, 0.312548
629, 639, 0.320478
630, 631, 0.290790
630, 632, 0.312598
631, 632, 0.290790
632, 633, 0.312548
633, 634, 0.320535
633, 640, 0.320478
634, 635, 0.312548
634, 640, 0.320478
635, 636, 0.290790
635, 637, 0.312598
636, 637, 0.290790
637, 638, 0.312548
638, 641, 0.320478
639, 640, 0.329110
639, 641, 0.329110
640, 641, 0.329110
