source_idx: 558
h_value: 0.750421

points:
0.000000, 2.628656, -4.253254, 4.001053
0.000000, 2.628656, 4.253254, 7.186853
0.000000, -2.628656, 4.253254, 11.706910
-2.628656, 4.253254, 0.000000, 5.801356
-2.628656, -4.253254, 0.000000, 14.014762
2.628656, 4.253254, 0.000000, 1.693201
2.628656, -4.253254, 0.000000, 9.906607
0.000000, -2.628656, -4.253254, 8.521111
4.253254, 0.000000, 2.628656, 6.507462
-4.253254, 0.000000, 2.628656, 11.161717
-4.253254, 0.000000, -2.628656, 9.200502
4.253254, 0.000000, -2.628656, 4.546246
1.545085, 4.045085, -2.500000, 1.348921
-1.545085, 4.045085, -2.500000, 4.355373
0.000000, 5.000000, 0.000000, 3.308221
-1.545085, 4.045085, 2.500000, 6.263426
1.545085, 4.045085, 2.500000, 4.429475
0.000000, 0.000000, 5.000000, 9.542026
-2.500000, 1.545085, 4.045085, 9.288093
-2.500000, -1.545085, 4.045085, 12.252297
2.500000, 1.545085, 4.045085, 6.670051
2.500000, -1.545085, 4.045085, 9.133081
0.000000, 0.000000, -5.000000, 6.165937
2.500000, 1.545085, -4.045085, 3.455667
2.500000, -1.545085, -4.045085, 6.419870
-2.500000, 1.545085, -4.045085, 6.574883
-2.500000, -1.545085, -4.045085, 9.037912
1.545085, -4.045085, 2.500000, 11.352590
-1.545085, -4.045085, 2.500000, 14.359042
0.000000, -5.000000, 0.000000, 12.399742
-1.545085, -4.045085, -2.500000, 11.278488
1.545085, -4.045085, -2.500000, 9.444537
-4.045085, 2.500000, 1.545085, 8.488278
-4.045085, 2.500000, -1.545085, 7.462616
-5.000000, 0.000000, 0.000000, 10.573530
-4.045085, -2.500000, -1.545085, 11.807084
-4.045085, -2.500000, 1.545085, 13.637756
4.045085, 2.500000, -1.545085, 2.070208
4.045085, 2.500000, 1.545085, 3.900880
5.000000, 0.000000, 0.000000, 5.134433
4.045085, -2.500000, 1.545085, 8.245347
4.045085, -2.500000, -1.545085, 7.219685
0.738105, 3.408592, -3.582835, 2.758777
-0.738105, 3.408592, -3.582835, 3.985233
0.000000, 4.253254, -2.628655, 2.818462
-0.812299, 4.755282, -1.314328, 3.588151
-2.214314, 4.320939, -1.194278, 5.050529
-1.476209, 4.777113, 0.000000, 4.630043
0.812299, 4.755282, -1.314328, 1.994259
1.476209, 4.777113, 0.000000, 2.178255
2.214314, 4.320939, -1.194278, 0.703390
-0.738105, 3.408592, 3.582835, 6.723768
0.738105, 3.408592, 3.582835, 5.921713
0.000000, 4.253254, 2.628655, 5.253232
0.812299, 4.755282, 1.314328, 3.633518
2.214314, 4.320939, 1.194278, 2.941476
-0.812299, 4.755282, 1.314328, 4.765079
-2.214314, 4.320939, 1.194278, 5.939881
0.000000, 1.476209, 4.777113, 8.272097
-1.194278, 2.214314, 4.320939, 8.156365
-1.314328, 0.812299, 4.755282, 9.497790
-2.628655, 0.000000, 4.253254, 10.788712
-3.582835, 0.738105, 3.408592, 10.358107
-3.582835, -0.738105, 3.408592, 11.823463
-1.314328, -0.812299, 4.755282, 10.942885
-1.194278, -2.214314, 4.320939, 12.164874
0.000000, -1.476209, 4.777113, 10.762254
1.194278, 2.214314, 4.320939, 6.914621
1.314328, 0.812299, 4.755282, 8.108156
1.314328, -0.812299, 4.755282, 9.415066
1.194278, -2.214314, 4.320939, 10.541850
2.628655, 0.000000, 4.253254, 7.902505
3.582835, -0.738105, 3.408592, 7.711283
3.582835, 0.738105, 3.408592, 6.531223
0.000000, 1.476209, -4.777113, 4.945709
1.194278, 2.214314, -4.320939, 3.543090
1.314328, 0.812299, -4.755282, 4.765079
2.628655, 0.000000, -4.253254, 4.919251
3.582835, 0.738105, -3.408592, 3.884501
3.582835, -0.738105, -3.408592, 5.349856
1.314328, -0.812299, -4.755282, 6.210173
1.194278, -2.214314, -4.320939, 7.551599
0.000000, -1.476209, -4.777113, 7.435866
-1.194278, 2.214314, -4.320939, 5.166113
-1.314328, 0.812299, -4.755282, 6.292897
-1.314328, -0.812299, -4.755282, 7.599807
-1.194278, -2.214314, -4.320939, 8.793343
-2.628655, 0.000000, -4.253254, 7.805459
-3.582835, -0.738105, -3.408592, 9.176740
-3.582835, 0.738105, -3.408592, 7.996680
0.738105, -3.408592, 3.582835, 11.722730
-0.738105, -3.408592, 3.582835, 12.949186
0.000000, -4.253254, 2.628655, 12.889501
-0.812299, -4.755282, 1.314328, 13.713704
-2.214314, -4.320939, 1.194278, 15.004573
-1.476209, -4.777113, 0.000000, 13.529709
0.812299, -4.755282, 1.314328, 12.119813
1.476209, -4.777113, 0.000000, 11.077921
2.214314, -4.320939, 1.194278, 10.657434
-0.738105, -3.408592, -3.582835, 9.786250
0.738105, -3.408592, -3.582835, 8.984195
0.000000, -4.253254, -2.628655, 10.454731
0.812299, -4.755282, -1.314328, 10.942885
2.214314, -4.320939, -1.194278, 9.768082
-0.812299, -4.755282, -1.314328, 12.074445
-2.214314, -4.320939, -1.194278, 12.766487
-3.408592, 3.582835, 0.738105, 7.031867
-3.408592, 3.582835, -0.738105, 6.531223
-4.253254, 2.628655, 0.000000, 7.981028
-4.755282, 1.314328, -0.812299, 9.019249
-4.320939, 1.194278, -2.214314, 8.415468
-4.777113, 0.000000, -1.476209, 9.893162
-4.755282, 1.314328, 0.812299, 9.580983
-4.777113, 0.000000, 1.476209, 11.022980
-4.320939, 1.194278, 2.214314, 9.941292
-3.408592, -3.582835, -0.738105, 13.122314
-3.408592, -3.582835, 0.738105, 14.420573
-4.253254, -2.628655, 0.000000, 12.981662
-4.755282, -1.314328, 0.812299, 12.119813
-4.320939, -1.194278, 2.214314, 12.346115
-4.755282, -1.314328, -0.812299, 11.363958
-4.320939, -1.194278, -2.214314, 10.408510
3.408592, 3.582835, -0.738105, 1.287390
3.408592, 3.582835, 0.738105, 2.585649
4.253254, 2.628655, 0.000000, 2.726301
4.755282, 1.314328, 0.812299, 4.344005
4.320939, 1.194278, 2.214314, 5.299453
4.777113, 0.000000, 1.476209, 5.814801
4.755282, 1.314328, -0.812299, 3.588151
4.777113, 0.000000, -1.476209, 4.684983
4.320939, 1.194278, -2.214314, 3.361848
3.408592, -3.582835, 0.738105, 9.176740
3.408592, -3.582835, -0.738105, 8.676096
4.253254, -2.628655, 0.000000, 7.726935
4.755282, -1.314328, -0.812299, 6.126980
4.320939, -1.194278, -2.214314, 5.766671
4.755282, -1.314328, 0.812299, 6.688714
4.320939, -1.194278, 2.214314, 7.292495
-2.126627, 2.938926, 3.440955, 7.775468
-2.938926, 3.440955, 2.126627, 7.363599
-3.440955, 2.126627, 2.938926, 8.938708
2.126627, 2.938926, 3.440955, 5.487057
3.440955, 2.126627, 2.938926, 5.253232
2.938926, 3.440955, 2.126627, 3.932975
-2.126627, 2.938926, -3.440955, 5.398439
-3.440955, 2.126627, -2.938926, 6.978825
-2.938926, 3.440955, -2.126627, 5.906719
2.126627, 2.938926, -3.440955, 2.115712
2.938926, 3.440955, -2.126627, 0.774640
3.440955, 2.126627, -2.938926, 2.406471
-2.126627, -2.938926, -3.440955, 10.220906
-2.938926, -3.440955, -2.126627, 11.774988
-3.440955, -2.126627, -2.938926, 10.454731
2.126627, -2.938926, -3.440955, 7.932495
3.440955, -2.126627, -2.938926, 6.769255
2.938926, -3.440955, -2.126627, 8.344364
-2.126627, -2.938926, 3.440955, 13.592251
-3.440955, -2.126627, 2.938926, 13.301493
-2.938926, -3.440955, 2.126627, 14.933324
2.126627, -2.938926, 3.440955, 10.309524
2.938926, -3.440955, 2.126627, 9.801244
3.440955, -2.126627, 2.938926, 8.729138
0.350453, 3.020217, -3.969316, 3.414042
-0.350453, 3.020217, -3.969316, 3.954105
0.000000, 3.446350, -3.622523, 3.350164
-0.390966, 3.852620, -3.162982, 3.404530
-1.145224, 3.761719, -3.088353, 4.117545
-0.801787, 4.198213, -2.594638, 3.603330
0.390966, 3.852620, -3.162982, 2.697842
0.801787, 4.198213, -2.594638, 2.047353
1.145224, 3.761719, -3.088353, 2.055195
-1.202681, 4.445979, -1.945979, 3.934808
-1.908707, 4.233578, -1.853012, 4.678507
-1.563865, 4.577511, -1.265193, 4.353608
-1.865702, 4.599417, -0.603754, 4.805160
-2.453172, 4.319769, -0.567045, 5.434038
-2.102719, 4.536361, 0.000000, 5.246391
-1.172899, 4.819142, -0.632597, 4.108619
-0.763483, 4.941366, 0.000000, 3.972004
-0.400894, 4.941511, -0.648660, 3.370784
0.400894, 4.941511, -0.648660, 2.636029
0.763483, 4.941366, 0.000000, 2.689866
1.172899, 4.819142, -0.632597, 1.965277
1.865702, 4.599417, -0.603754, 1.439124
2.102719, 4.536361, 0.000000, 1.834446
2.453172, 4.319769, -0.567045, 1.162231
1.563865, 4.577511, -1.265193, 1.268593
1.908707, 4.233578, -1.853012, 0.764116
1.202681, 4.445979, -1.945979, 1.506553
-0.411618, 4.564913, -1.998035, 3.132462
0.000000, 4.819306, -1.332024, 2.786257
0.411618, 4.564913, -1.998035, 2.308556
-0.350453, 3.020217, 3.969316, 6.962484
0.350453, 3.020217, 3.969316, 6.591106
0.000000, 3.446350, 3.622523, 6.310361
0.390966, 3.852620, 3.162982, 5.582344
1.145224, 3.761719, 3.088353, 5.192451
0.801787, 4.198213, 2.594638, 4.799750
-0.390966, 3.852620, 3.162982, 6.023729
-0.801787, 4.198213, 2.594638, 5.754884
-1.145224, 3.761719, 3.088353, 6.484591
1.202681, 4.445979, 1.945979, 3.997116
1.908707, 4.233578, 1.853012, 3.667509
1.563865, 4.577511, 1.265193, 3.214531
1.865702, 4.599417, 0.603754, 2.486533
2.453172, 4.319769, 0.567045, 2.278236
1.172899, 4.819142, 0.632597, 2.868223
0.400894, 4.941511, 0.648660, 3.394423
-0.400894, 4.941511, 0.648660, 4.009859
-1.172899, 4.819142, 0.632597, 4.654293
-1.865702, 4.599417, 0.603754, 5.278141
-2.453172, 4.319769, 0.567045, 5.849824
-1.563865, 4.577511, 1.265193, 5.369805
-1.908707, 4.233578, 1.853012, 6.078167
-1.202681, 4.445979, 1.945979, 5.530383
0.411618, 4.564913, 1.998035, 4.442568
0.000000, 4.819306, 1.332024, 4.167908
-0.411618, 4.564913, 1.998035, 4.969866
0.000000, 2.102719, 4.536361, 7.697534
-0.567045, 2.453172, 4.319769, 7.642690
-0.603754, 1.865702, 4.599417, 8.218204
-1.265193, 1.563865, 4.577511, 8.796630
-1.853012, 1.908707, 4.233578, 8.713473
-1.945979, 1.202681, 4.445979, 9.409734
-0.632596, 1.172898, 4.819142, 8.858950
-0.648660, 0.400894, 4.941511, 9.542026
0.000000, 0.763483, 4.941366, 8.895868
-2.594638, 0.801787, 4.198213, 10.021950
-3.088353, 1.145224, 3.761719, 9.846954
-3.162982, 0.390966, 3.852620, 10.593439
-3.622523, 0.000000, 3.446350, 11.091698
-3.969316, 0.350453, 3.020217, 10.799349
-3.969316, -0.350453, 3.020217, 11.499433
-3.162982, -0.390966, 3.852620, 11.354355
-3.088353, -1.145224, 3.761719, 12.090880
-2.594638, -0.801787, 4.198213, 11.546439
-1.945979, -1.202681, 4.445979, 11.631889
-1.853012, -1.908707, 4.233578, 12.275139
-1.265193, -1.563865, 4.577511, 11.599345
-0.603754, -1.865702, 4.599417, 11.468620
-0.567045, -2.453172, 4.319769, 11.959944
0.000000, -2.102719, 4.536361, 11.276699
-0.632596, -1.172898, 4.819142, 10.885306
0.000000, -0.763483, 4.941366, 10.175624
-0.648660, -0.400894, 4.941511, 10.231302
-1.998035, 0.411618, 4.564913, 10.155654
-1.998035, -0.411618, 4.564913, 10.911820
-1.332024, 0.000000, 4.819306, 10.227765
0.567045, 2.453172, 4.319769, 7.052449
0.603754, 1.865702, 4.599417, 7.592896
0.632596, 1.172898, 4.819142, 8.197749
0.648660, 0.400894, 4.941511, 8.845279
1.265193, 1.563865, 4.577511, 7.481273
1.945979, 1.202681, 4.445979, 7.369965
1.853012, 1.908707, 4.233578, 6.783268
0.648660, -0.400894, 4.941511, 9.501019
0.632596, -1.172898, 4.819142, 10.125619
0.603754, -1.865702, 4.599417, 10.686051
0.567045, -2.453172, 4.319769, 11.163273
1.265193, -1.563865, 4.577511, 10.016098
1.853012, -1.908707, 4.233578, 9.856409
1.945979, -1.202681, 4.445979, 9.288093
2.594638, -0.801787, 4.198213, 8.536591
3.088353, -1.145224, 3.761719, 8.406491
3.162982, -0.390966, 3.852620, 7.801759
3.622523, 0.000000, 3.446350, 7.118268
3.969316, -0.350453, 3.020217, 7.073648
3.969316, 0.350453, 3.020217, 6.507597
3.162982, 0.390966, 3.852620, 7.182815
3.088353, 1.145224, 3.761719, 6.584652
2.594638, 0.801787, 4.198213, 7.267938
1.332024, 0.000000, 4.819306, 8.766036
1.998035, -0.411618, 4.564913, 8.660322
1.998035, 0.411618, 4.564913, 8.007336
0.000000, 2.102719, -4.536361, 4.431264
0.567045, 2.453172, -4.319769, 3.748020
0.603754, 1.865702, -4.599417, 4.239343
1.265193, 1.563865, -4.577511, 4.108619
1.853012, 1.908707, -4.233578, 3.432824
1.945979, 1.202681, -4.445979, 4.076074
0.632596, 1.172898, -4.819142, 4.822657
0.648660, 0.400894, -4.941511, 5.476661
0.000000, 0.763483, -4.941366, 5.532339
2.594638, 0.801787, -4.198213, 4.161524
3.088353, 1.145224, -3.761719, 3.617083
3.162982, 0.390966, -3.852620, 4.353608
3.622523, 0.000000, -3.446350, 4.616265
3.969316, 0.350453, -3.020217, 4.208530
3.969316, -0.350453, -3.020217, 4.908615
3.162982, -0.390966, -3.852620, 5.114524
3.088353, -1.145224, -3.761719, 5.861009
2.594638, -0.801787, -4.198213, 5.686014
1.945979, -1.202681, -4.445979, 6.298229
1.853012, -1.908707, -4.233578, 6.994490
1.265193, -1.563865, -4.577511, 6.911333
0.603754, -1.865702, -4.599417, 7.489759
0.567045, -2.453172, -4.319769, 8.065273
0.000000, -2.102719, -4.536361, 8.010429
0.632596, -1.172898, -4.819142, 6.849013
0.000000, -0.763483, -4.941366, 6.812095
0.648660, -0.400894, -4.941511, 6.165937
1.998035, 0.411618, -4.564913, 4.796144
1.998035, -0.411618, -4.564913, 5.552309
1.332024, 0.000000, -4.819306, 5.480198
-0.567045, 2.453172, -4.319769, 4.544691
-0.603754, 1.865702, -4.599417, 5.021913
-0.632596, 1.172898, -4.819142, 5.582344
-0.648660, 0.400894, -4.941511, 6.206944
-1.265193, 1.563865, -4.577511, 5.691865
-1.945979, 1.202681, -4.445979, 6.419870
-1.853012, 1.908707, -4.233578, 5.851555
-0.648660, -0.400894, -4.941511, 6.862685
-0.632596, -1.172898, -4.819142, 7.510214
-0.603754, -1.865702, -4.599417, 8.115068
-0.567045, -2.453172, -4.319769, 8.655514
-1.265193, -1.563865, -4.577511, 8.226691
-1.853012, -1.908707, -4.233578, 8.924695
-1.945979, -1.202681, -4.445979, 8.337998
-2.594638, -0.801787, -4.198213, 8.440025
-3.088353, -1.145224, -3.761719, 9.123311
-3.162982, -0.390966, -3.852620, 8.525148
-3.622523, 0.000000, -3.446350, 8.589696
-3.969316, -0.350453, -3.020217, 9.200367
-3.969316, 0.350453, -3.020217, 8.634315
-3.162982, 0.390966, -3.852620, 7.906204
-3.088353, 1.145224, -3.761719, 7.301472
-2.594638, 0.801787, -4.198213, 7.171372
-1.332024, 0.000000, -4.819306, 6.941927
-1.998035, -0.411618, -4.564913, 7.700627
-1.998035, 0.411618, -4.564913, 7.047641
0.350453, -3.020217, 3.969316, 11.753859
-0.350453, -3.020217, 3.969316, 12.293921
0.000000, -3.446350, 3.622523, 12.357799
-0.390966, -3.852620, 3.162982, 13.010121
-1.145224, -3.761719, 3.088353, 13.652769
-0.801787, -4.198213, 2.594638, 13.660611
0.390966, -3.852620, 3.162982, 12.303433
0.801787, -4.198213, 2.594638, 12.104633
1.145224, -3.761719, 3.088353, 11.590418
-1.202681, -4.445979, 1.945979, 14.201410
-1.908707, -4.233578, 1.853012, 14.943847
-1.563865, -4.577511, 1.265193, 14.439370
-1.865702, -4.599417, 0.603754, 14.268840
-2.453172, -4.319769, 0.567045, 14.545732
-2.102719, -4.536361, 0.000000, 13.873517
-1.172899, -4.819142, 0.632597, 13.742686
-0.763483, -4.941366, 0.000000, 13.018097
-0.400894, -4.941511, 0.648660, 13.071934
0.400894, -4.941511, 0.648660, 12.337179
0.763483, -4.941366, 0.000000, 11.735960
1.172899, -4.819142, 0.632597, 11.599345
1.865702, -4.599417, 0.603754, 10.902803
2.102719, -4.536361, 0.000000, 10.461573
2.453172, -4.319769, 0.567045, 10.273925
1.563865, -4.577511, 1.265193, 11.354355
1.908707, -4.233578, 1.853012, 11.029456
1.202681, -4.445979, 1.945979, 11.773155
-0.411618, -4.564913, 1.998035, 13.399408
0.000000, -4.819306, 1.332024, 12.921706
0.411618, -4.564913, 1.998035, 12.575501
-0.350453, -3.020217, -3.969316, 9.116857
0.350453, -3.020217, -3.969316, 8.745479
0.000000, -3.446350, -3.622523, 9.397602
0.390966, -3.852620, -3.162982, 9.684234
1.145224, -3.761719, -3.088353, 9.223372
0.801787, -4.198213, -2.594638, 9.953079
-0.390966, -3.852620, -3.162982, 10.125619
-0.801787, -4.198213, -2.594638, 10.908214
-1.145224, -3.761719, -3.088353, 10.515512
1.202681, -4.445979, -1.945979, 10.177581
1.908707, -4.233578, -1.853012, 9.629797
1.563865, -4.577511, -1.265193, 10.338158
1.865702, -4.599417, -0.603754, 10.429822
2.453172, -4.319769, -0.567045, 9.858139
1.172899, -4.819142, -0.632597, 11.053670
0.400894, -4.941511, -0.648660, 11.698105
-0.400894, -4.941511, -0.648660, 12.313540
-1.172899, -4.819142, -0.632597, 12.839740
-1.865702, -4.599417, -0.603754, 13.221430
-2.453172, -4.319769, -0.567045, 13.429727
-1.563865, -4.577511, -1.265193, 12.493432
-1.908707, -4.233578, -1.853012, 12.040454
-1.202681, -4.445979, -1.945979, 11.710847
0.411618, -4.564913, -1.998035, 10.738097
0.000000, -4.819306, -1.332024, 11.540055
-0.411618, -4.564913, -1.998035, 11.265395
-3.020217, 3.969316, 0.350453, 6.380002
-3.020217, 3.969316, -0.350453, 6.135460
-3.446350, 3.622523, 0.000000, 6.770857
-3.852620, 3.162982, -0.390966, 7.220927
-3.761719, 3.088353, -1.145224, 6.980183
-4.198213, 2.594638, -0.801787, 7.713774
-3.852620, 3.162982, 0.390966, 7.481272
-4.198213, 2.594638, 0.801787, 8.245347
-3.761719, 3.088353, 1.145224, 7.743284
-4.445979, 1.945979, -1.202681, 8.221331
-4.233578, 1.853012, -1.908707, 7.950583
-4.577511, 1.265193, -1.563865, 8.710746
-4.599417, 0.603754, -1.865702, 9.154393
-4.319769, 0.567045, -2.453172, 8.835738
-4.536361, 0.000000, -2.102719, 9.536573
-4.819142, 0.632597, -1.172899, 9.489203
-4.941366, 0.000000, -0.763483, 10.248683
-4.941511, 0.648660, -0.400894, 9.816582
-4.941511, 0.648660, 0.400894, 10.107691
-4.941366, 0.000000, 0.763483, 10.837960
-4.819142, 0.632597, 1.172899, 10.338158
-4.599417, 0.603754, 1.865702, 10.497138
-4.536361, 0.000000, 2.102719, 11.126703
-4.319769, 0.567045, 2.453172, 10.588936
-4.577511, 1.265193, 1.563865, 9.790625
-4.233578, 1.853012, 1.908707, 9.232421
-4.445979, 1.945979, 1.202681, 9.028505
-4.564912, 1.998035, -0.411618, 8.505342
-4.819306, 1.332024, 0.000000, 9.317779
-4.564912, 1.998035, 0.411618, 8.781493
-3.020217, -3.969316, -0.350453, 13.640364
-3.020217, -3.969316, 0.350453, 14.327806
-3.446350, -3.622523, 0.000000, 13.803176
-3.852620, -3.162982, 0.390966, 13.742686
-3.761719, -3.088353, 1.145224, 14.161116
-4.198213, -2.594638, 0.801787, 13.419149
-3.852620, -3.162982, -0.390966, 13.149765
-4.198213, -2.594638, -0.801787, 12.414658
-3.761719, -3.088353, -1.145224, 12.497062
-4.445979, -1.945979, 1.202681, 12.904509
-4.233578, -1.853012, 1.908707, 13.001147
-4.577511, -1.265193, 1.563865, 12.303433
-4.599417, -0.603754, 1.865702, 11.695334
-4.319769, -0.567045, 2.453172, 11.724498
-4.819142, -0.632597, 1.172899, 11.567548
-4.941511, -0.648660, 0.400894, 11.328725
-4.941511, -0.648660, -0.400894, 10.992147
-4.819142, -0.632597, -1.172899, 10.593439
-4.599417, -0.603754, -1.865702, 10.174943
-4.319769, -0.567045, -2.453172, 9.770830
-4.577511, -1.265193, -1.563865, 10.885306
-4.233578, -1.853012, -1.908707, 11.097269
-4.445979, -1.945979, -1.202681, 11.644471
-4.564912, -1.998035, 0.411618, 12.617684
-4.819306, -1.332024, 0.000000, 11.794186
-4.564912, -1.998035, -0.411618, 12.174166
3.020217, 3.969316, -0.350453, 1.380158
3.020217, 3.969316, 0.350453, 2.067600
3.446350, 3.622523, 0.000000, 1.904788
3.852620, 3.162982, 0.390966, 2.558198
3.761719, 3.088353, 1.145224, 3.210902
4.198213, 2.594638, 0.801787, 3.293305
3.852620, 3.162982, -0.390966, 1.965277
4.198213, 2.594638, -0.801787, 2.288814
3.761719, 3.088353, -1.145224, 1.546848
4.445979, 1.945979, 1.202681, 4.063492
4.233578, 1.853012, 1.908707, 4.610694
4.577511, 1.265193, 1.563865, 4.822657
4.599417, 0.603754, 1.865702, 5.533020
4.319769, 0.567045, 2.453172, 5.937133
4.536361, 0.000000, 2.102719, 6.171390
4.819142, 0.632597, 1.172899, 5.114524
4.941366, 0.000000, 0.763483, 5.459280
4.941511, 0.648660, 0.400894, 4.715817
4.941511, 0.648660, -0.400894, 4.379238
4.941366, 0.000000, -0.763483, 4.870003
4.819142, 0.632597, -1.172899, 4.140415
4.599417, 0.603754, -1.865702, 4.012629
4.536361, 0.000000, -2.102719, 4.581261
4.319769, 0.567045, -2.453172, 3.983465
4.577511, 1.265193, -1.563865, 3.404530
4.233578, 1.853012, -1.908707, 2.706816
4.445979, 1.945979, -1.202681, 2.803454
4.564912, 1.998035, 0.411618, 3.533797
4.819306, 1.332024, 0.000000, 3.913777
4.564912, 1.998035, -0.411618, 3.090279
3.020217, -3.969316, 0.350453, 9.572504
3.020217, -3.969316, -0.350453, 9.327962
3.446350, -3.622523, 0.000000, 8.937106
3.852620, -3.162982, -0.390966, 8.226691
3.761719, -3.088353, -1.145224, 7.964679
4.198213, -2.594638, -0.801787, 7.462616
3.852620, -3.162982, 0.390966, 8.487037
4.198213, -2.594638, 0.801787, 7.994189
3.761719, -3.088353, 1.145224, 8.727781
4.445979, -1.945979, -1.202681, 6.679458
4.233578, -1.853012, -1.908707, 6.475542
4.577511, -1.265193, -1.563865, 5.917338
4.599417, -0.603754, -1.865702, 5.210825
4.319769, -0.567045, -2.453172, 5.119027
4.819142, -0.632597, -1.172899, 5.369805
4.941511, -0.648660, -0.400894, 5.600272
4.941511, -0.648660, 0.400894, 5.891382
4.819142, -0.632597, 1.172899, 6.218760
4.599417, -0.603754, 1.865702, 6.553570
4.319769, -0.567045, 2.453172, 6.872225
4.577511, -1.265193, 1.563865, 6.997217
4.233578, -1.853012, 1.908707, 7.757380
4.445979, -1.945979, 1.202681, 7.486632
4.564912, -1.998035, -0.411618, 6.926470
4.819306, -1.332024, 0.000000, 6.390184
4.564912, -1.998035, 0.411618, 7.202622
-0.976894, 2.842596, 3.995663, 7.439767
-1.414529, 3.220024, 3.553949, 7.220927
-1.851340, 3.549553, 2.995532, 6.999549
-1.656159, 2.587427, 3.944915, 7.976278
-2.346872, 2.252234, 3.797319, 8.551533
-2.252234, 3.797319, 2.346872, 6.792872
-2.587427, 3.944915, 1.656159, 6.616443
-2.842596, 3.995663, 0.976894, 6.478779
-3.220024, 3.553949, 1.414529, 7.182815
-3.549553, 2.995532, 1.851340, 7.940627
-3.797319, 2.346872, 2.252234, 8.717698
-3.944915, 1.656159, 2.587427, 9.473969
-3.995663, 0.976894, 2.842596, 10.174943
-3.553949, 1.414529, 3.220024, 9.684234
-2.995532, 1.851340, 3.549553, 9.133081
-2.566877, 3.232889, 2.821271, 7.565944
-3.232889, 2.821271, 2.566877, 8.151427
-2.821271, 2.566877, 3.232889, 8.360427
0.976894, 2.842596, 3.995663, 6.409161
1.656159, 2.587427, 3.944915, 6.233994
2.346872, 2.252234, 3.797319, 6.083565
1.414529, 3.220024, 3.553949, 5.691865
1.851340, 3.549553, 2.995532, 4.922542
2.995532, 1.851340, 3.549553, 5.974970
3.553949, 1.414529, 3.220024, 5.917338
3.995663, 0.976894, 2.842596, 5.908359
3.944915, 1.656159, 2.587427, 5.246282
3.797319, 2.346872, 2.252234, 4.547517
3.549553, 2.995532, 1.851340, 3.853605
3.220024, 3.553949, 1.414529, 3.214531
2.842596, 3.995663, 0.976894, 2.677762
2.587427, 3.944915, 1.656159, 3.376088
2.252234, 3.797319, 2.346872, 4.136729
2.821271, 2.566877, 3.232889, 5.334332
3.232889, 2.821271, 2.566877, 4.575349
2.566877, 3.232889, 2.821271, 4.705470
-0.976894, 2.842596, -3.995663, 4.560133
-1.656159, 2.587427, -3.944915, 5.246282
-2.346872, 2.252234, -3.797319, 5.990870
-1.414529, 3.220024, -3.553949, 4.654293
-1.851340, 3.549553, -2.995532, 4.840036
-2.995532, 1.851340, -3.549553, 6.758993
-3.553949, 1.414529, -3.220024, 7.510214
-3.995663, 0.976894, -2.842596, 8.209668
-3.944915, 1.656159, -2.587427, 7.731686
-3.797319, 2.346872, -2.252234, 7.219685
-3.549553, 2.995532, -1.851340, 6.704067
-3.220024, 3.553949, -1.414529, 6.218760
-2.842596, 3.995663, -0.976894, 5.790846
-2.587427, 3.944915, -1.656159, 5.439098
-2.252234, 3.797319, -2.346872, 5.110496
-2.821271, 2.566877, -3.232889, 6.187190
-3.232889, 2.821271, -2.566877, 6.431684
-2.566877, 3.232889, -2.821271, 5.623908
0.976894, 2.842596, -3.995663, 3.095889
1.414529, 3.220024, -3.553949, 2.367862
1.851340, 3.549553, -2.995532, 1.585255
1.656159, 2.587427, -3.944915, 2.858048
2.346872, 2.252234, -3.797319, 2.775498
2.252234, 3.797319, -2.346872, 0.782607
2.587427, 3.944915, -1.656159, 0.000000
2.842596, 3.995663, -0.976894, 0.728027
3.220024, 3.553949, -1.414529, 0.782731
3.549553, 2.995532, -1.851340, 1.369972
3.797319, 2.346872, -2.252234, 2.106693
3.944915, 1.656159, -2.587427, 2.858048
3.995663, 0.976894, -2.842596, 3.568065
3.553949, 1.414529, -3.220024, 3.181110
2.995532, 1.851340, -3.549553, 2.892268
2.566877, 3.232889, -2.821271, 1.369890
3.232889, 2.821271, -2.566877, 1.590555
2.821271, 2.566877, -3.232889, 2.122982
-0.976894, -2.842596, -3.995663, 9.298803
-1.414529, -3.220024, -3.553949, 10.016098
-1.851340, -3.549553, -2.995532, 10.785421
-1.656159, -2.587427, -3.944915, 9.473969
-2.346872, -2.252234, -3.797319, 9.624398
-2.252234, -3.797319, -2.346872, 11.571234
-2.587427, -3.944915, -1.656159, 12.331875
-2.842596, -3.995663, -0.976894, 13.030201
-3.220024, -3.553949, -1.414529, 12.493432
-3.549553, -2.995532, -1.851340, 11.854359
-3.797319, -2.346872, -2.252234, 11.160446
-3.944915, -1.656159, -2.587427, 10.461681
-3.995663, -0.976894, -2.842596, 9.799604
-3.553949, -1.414529, -3.220024, 9.790625
-2.995532, -1.851340, -3.549553, 9.732994
-2.566877, -3.232889, -2.821271, 11.002494
-3.232889, -2.821271, -2.566877, 11.132615
-2.821271, -2.566877, -3.232889, 10.373632
0.976894, -2.842596, -3.995663, 8.268196
1.656159, -2.587427, -3.944915, 7.731686
2.346872, -2.252234, -3.797319, 7.156430
1.414529, -3.220024, -3.553949, 8.487037
1.851340, -3.549553, -2.995532, 8.708414
2.995532, -1.851340, -3.549553, 6.574883
3.553949, -1.414529, -3.220024, 6.023729
3.995663, -0.976894, -2.842596, 5.533020
3.944915, -1.656159, -2.587427, 6.233994
3.797319, -2.346872, -2.252234, 6.990266
3.549553, -2.995532, -1.851340, 7.767336
3.220024, -3.553949, -1.414529, 8.525148
2.842596, -3.995663, -0.976894, 9.229184
2.587427, -3.944915, -1.656159, 9.091520
2.252234, -3.797319, -2.346872, 8.915092
2.821271, -2.566877, -3.232889, 7.347536
3.232889, -2.821271, -2.566877, 7.556537
2.566877, -3.232889, -2.821271, 8.142019
-0.976894, -2.842596, 3.995663, 12.612074
-1.656159, -2.587427, 3.944915, 12.849915
-2.346872, -2.252234, 3.797319, 12.932465
-1.414529, -3.220024, 3.553949, 13.340101
-1.851340, -3.549553, 2.995532, 14.122708
-2.995532, -1.851340, 3.549553, 12.815695
-3.553949, -1.414529, 3.220024, 12.526853
-3.995663, -0.976894, 2.842596, 12.139898
-3.944915, -1.656159, 2.587427, 12.849915
-3.797319, -2.346872, 2.252234, 13.601271
-3.549553, -2.995532, 1.851340, 14.337992
-3.220024, -3.553949, 1.414529, 14.925232
-2.842596, -3.995663, 0.976894, 14.979936
-2.587427, -3.944915, 1.656159, 15.707963
-2.252234, -3.797319, 2.346872, 14.925357
-2.821271, -2.566877, 3.232889, 13.584981
-3.232889, -2.821271, 2.566877, 14.117408
-2.566877, -3.232889, 2.821271, 14.338073
0.976894, -2.842596, 3.995663, 11.147830
1.414529, -3.220024, 3.553949, 11.053670
1.851340, -3.549553, 2.995532, 10.867927
1.656159, -2.587427, 3.944915, 10.461681
2.346872, -2.252234, 3.797319, 9.717093
2.252234, -3.797319, 2.346872, 10.597468
2.587427, -3.944915, 1.656159, 10.268866
2.842596, -3.995663, 0.976894, 9.917117
3.220024, -3.553949, 1.414529, 9.489203
3.549553, -2.995532, 1.851340, 9.003896
3.797319, -2.346872, 2.252234, 8.488278
3.944915, -1.656159, 2.587427, 7.976278
3.995663, -0.976894, 2.842596, 7.498295
3.553949, -1.414529, 3.220024, 8.197749
2.995532, -1.851340, 3.549553, 8.948970
2.566877, -3.232889, 2.821271, 10.084055
3.232889, -2.821271, 2.566877, 9.276279
2.821271, -2.566877, 3.232889, 9.520773

graph:
0, 162, 0.597293
0, 163, 0.597293
0, 274, 0.597293
0, 275, 0.597293
0, 304, 0.597293
1, 192, 0.597293
1, 193, 0.597293
1, 218, 0.597293
1, 219, 0.597293
1, 248, 0.597293
2, 240, 0.597293
2, 241, 0.597293
2, 258, 0.597293
2, 330, 0.597293
2, 331, 0.597293
3, 175, 0.597293
3, 176, 0.597293
3, 211, 0.597293
3, 386, 0.597293
3, 387, 0.597293
4, 343, 0.597293
4, 344, 0.597293
4, 379, 0.597293
4, 416, 0.597293
4, 417, 0.597293
5, 184, 0.597293
5, 185, 0.597293
5, 205, 0.597293
5, 442, 0.597293
5, 443, 0.597293
6, 352, 0.597293
6, 353, 0.597293
6, 373, 0.597293
6, 472, 0.597293
6, 473, 0.597293
7, 296, 0.597293
7, 297, 0.597293
7, 314, 0.597293
7, 360, 0.597293
7, 361, 0.597293
8, 266, 0.597293
8, 267, 0.597293
8, 455, 0.597293
8, 456, 0.597293
8, 491, 0.597293
9, 231, 0.597293
9, 232, 0.597293
9, 408, 0.597293
9, 409, 0.597293
9, 429, 0.597293
10, 322, 0.597293
10, 323, 0.597293
10, 399, 0.597293
10, 400, 0.597293
10, 435, 0.597293
11, 287, 0.597293
11, 288, 0.597293
11, 464, 0.597293
11, 465, 0.597293
11, 485, 0.597293
12, 169, 0.764785
12, 170, 0.765731
12, 187, 0.765731
12, 188, 0.764785
12, 554, 0.764785
12, 557, 0.764785
13, 166, 0.765731
13, 167, 0.764785
13, 171, 0.764785
13, 172, 0.765731
13, 538, 0.764785
13, 548, 0.764785
14, 178, 0.765731
14, 179, 0.764785
14, 180, 0.764785
14, 181, 0.765731
14, 207, 0.764785
14, 208, 0.764785
15, 199, 0.764785
15, 200, 0.765731
15, 213, 0.765731
15, 214, 0.764785
15, 500, 0.764785
15, 503, 0.764785
16, 196, 0.765731
16, 197, 0.764785
16, 201, 0.764785
16, 202, 0.765731
16, 520, 0.764785
16, 530, 0.764785
17, 225, 0.764785
17, 226, 0.765731
17, 243, 0.765731
17, 244, 0.764785
17, 251, 0.764785
17, 255, 0.764785
18, 222, 0.765731
18, 223, 0.764785
18, 227, 0.764785
18, 228, 0.765731
18, 502, 0.764785
18, 512, 0.764785
19, 234, 0.765731
19, 235, 0.764785
19, 236, 0.764785
19, 237, 0.765731
19, 608, 0.764785
19, 611, 0.764785
20, 253, 0.764785
20, 254, 0.765731
20, 269, 0.765731
20, 270, 0.764785
20, 518, 0.764785
20, 521, 0.764785
21, 260, 0.765731
21, 261, 0.764785
21, 262, 0.764785
21, 263, 0.765731
21, 628, 0.764785
21, 638, 0.764785
22, 281, 0.764785
22, 282, 0.765731
22, 299, 0.765731
22, 300, 0.764785
22, 307, 0.764785
22, 311, 0.764785
23, 278, 0.765731
23, 279, 0.764785
23, 283, 0.764785
23, 284, 0.765731
23, 556, 0.764785
23, 566, 0.764785
24, 290, 0.765731
24, 291, 0.764785
24, 292, 0.764785
24, 293, 0.765731
24, 590, 0.764785
24, 593, 0.764785
25, 309, 0.764785
25, 310, 0.765731
25, 325, 0.765731
25, 326, 0.764785
25, 536, 0.764785
25, 539, 0.764785
26, 316, 0.765731
26, 317, 0.764785
26, 318, 0.764785
26, 319, 0.765731
26, 574, 0.764785
26, 584, 0.764785
27, 337, 0.764785
27, 338, 0.765731
27, 355, 0.765731
27, 356, 0.764785
27, 626, 0.764785
27, 629, 0.764785
28, 334, 0.765731
28, 335, 0.764785
28, 339, 0.764785
28, 340, 0.765731
28, 610, 0.764785
28, 620, 0.764785
29, 346, 0.765731
29, 347, 0.764785
29, 348, 0.764785
29, 349, 0.765731
29, 375, 0.764785
29, 376, 0.764785
30, 367, 0.764785
30, 368, 0.765731
30, 381, 0.765731
30, 382, 0.764785
30, 572, 0.764785
30, 575, 0.764785
31, 364, 0.765731
31, 365, 0.764785
31, 369, 0.764785
31, 370, 0.765731
31, 592, 0.764785
31, 602, 0.764785
32, 393, 0.764785
32, 394, 0.765731
32, 411, 0.765731
32, 412, 0.764785
32, 507, 0.764785
32, 508, 0.764785
33, 390, 0.765731
33, 391, 0.764785
33, 395, 0.764785
33, 396, 0.765731
33, 543, 0.764785
33, 544, 0.764785
34, 402, 0.765731
34, 403, 0.764785
34, 404, 0.764785
34, 405, 0.765731
34, 431, 0.764785
34, 432, 0.764785
35, 423, 0.764785
35, 424, 0.765731
35, 437, 0.765731
35, 438, 0.764785
35, 579, 0.764785
35, 580, 0.764785
36, 420, 0.765731
36, 421, 0.764785
36, 425, 0.764785
36, 426, 0.765731
36, 615, 0.764785
36, 616, 0.764785
37, 449, 0.764785
37, 450, 0.765731
37, 467, 0.765731
37, 468, 0.764785
37, 561, 0.764785
37, 562, 0.764785
38, 446, 0.765731
38, 447, 0.764785
38, 451, 0.764785
38, 452, 0.765731
38, 525, 0.764785
38, 526, 0.764785
39, 458, 0.765731
39, 459, 0.764785
39, 460, 0.764785
39, 461, 0.765731
39, 487, 0.764785
39, 488, 0.764785
40, 479, 0.764785
40, 480, 0.765731
40, 493, 0.765731
40, 494, 0.764785
40, 633, 0.764785
40, 634, 0.764785
41, 476, 0.765731
41, 477, 0.764785
41, 481, 0.764785
41, 482, 0.765731
41, 597, 0.764785
41, 598, 0.764785
42, 162, 0.671175
42, 164, 0.740135
42, 168, 0.702810
42, 170, 0.731408
42, 552, 0.740134
42, 553, 0.702810
43, 163, 0.671175
43, 164, 0.740135
43, 165, 0.702810
43, 166, 0.731408
43, 534, 0.740134
43, 537, 0.702810
44, 165, 0.773865
44, 167, 0.804394
44, 168, 0.773865
44, 169, 0.804394
44, 189, 0.815011
44, 191, 0.815011
45, 171, 0.804394
45, 173, 0.773865
45, 177, 0.773865
45, 179, 0.804394
45, 189, 0.815011
45, 190, 0.815011
46, 172, 0.731408
46, 173, 0.702810
46, 174, 0.740135
46, 175, 0.671175
46, 546, 0.740135
46, 547, 0.702810
47, 174, 0.740134
47, 176, 0.671175
47, 177, 0.702810
47, 178, 0.731408
47, 209, 0.702810
47, 210, 0.740134
48, 180, 0.804394
48, 182, 0.773865
48, 186, 0.773865
48, 188, 0.804394
48, 190, 0.815011
48, 191, 0.815011
49, 181, 0.731408
49, 182, 0.702810
49, 183, 0.740134
49, 184, 0.671175
49, 204, 0.740134
49, 206, 0.702810
50, 183, 0.740135
50, 185, 0.671175
50, 186, 0.702810
50, 187, 0.731408
50, 558, 0.702810
50, 559, 0.740135
51, 192, 0.671175
51, 194, 0.740135
51, 198, 0.702810
51, 200, 0.731408
51, 498, 0.740134
51, 499, 0.702810
52, 193, 0.671175
52, 194, 0.740135
52, 195, 0.702810
52, 196, 0.731408
52, 516, 0.740134
52, 519, 0.702810
53, 195, 0.773865
53, 197, 0.804394
53, 198, 0.773865
53, 199, 0.804394
53, 215, 0.815011
53, 217, 0.815011
54, 201, 0.804394
54, 203, 0.773865
54, 206, 0.773865
54, 207, 0.804394
54, 215, 0.815011
54, 216, 0.815011
55, 202, 0.731408
55, 203, 0.702810
55, 204, 0.740135
55, 205, 0.671175
55, 528, 0.740135
55, 529, 0.702810
56, 208, 0.804394
56, 209, 0.773865
56, 212, 0.773865
56, 214, 0.804394
56, 216, 0.815011
56, 217, 0.815011
57, 210, 0.740135
57, 211, 0.671175
57, 212, 0.702810
57, 213, 0.731408
57, 504, 0.702810
57, 505, 0.740135
58, 218, 0.671175
58, 220, 0.740134
58, 224, 0.702810
58, 226, 0.731408
58, 249, 0.740134
58, 250, 0.702810
59, 219, 0.671175
59, 220, 0.740135
59, 221, 0.702810
59, 222, 0.731408
59, 498, 0.740135
59, 501, 0.702810
60, 221, 0.773865
60, 223, 0.804394
60, 224, 0.773865
60, 225, 0.804394
60, 245, 0.815011
60, 247, 0.815011
61, 227, 0.804394
61, 229, 0.773865
61, 233, 0.773865
61, 235, 0.804394
61, 245, 0.815011
61, 246, 0.815011
62, 228, 0.731408
62, 229, 0.702810
62, 230, 0.740135
62, 231, 0.671175
62, 510, 0.740134
62, 511, 0.702810
63, 230, 0.740135
63, 232, 0.671175
63, 233, 0.702810
63, 234, 0.731408
63, 612, 0.702810
63, 613, 0.740134
64, 236, 0.804394
64, 238, 0.773865
64, 242, 0.773865
64, 244, 0.804394
64, 246, 0.815011
64, 247, 0.815011
65, 237, 0.731408
65, 238, 0.702810
65, 239, 0.740135
65, 240, 0.671175
65, 606, 0.740135
65, 607, 0.702810
66, 239, 0.740134
66, 241, 0.671175
66, 242, 0.702810
66, 243, 0.731408
66, 256, 0.702810
66, 257, 0.740134
67, 248, 0.671175
67, 249, 0.740135
67, 252, 0.702810
67, 254, 0.731408
67, 516, 0.740135
67, 517, 0.702810
68, 250, 0.773865
68, 251, 0.804394
68, 252, 0.773865
68, 253, 0.804394
68, 271, 0.815011
68, 273, 0.815011
69, 255, 0.804394
69, 256, 0.773865
69, 259, 0.773865
69, 261, 0.804394
69, 271, 0.815011
69, 272, 0.815011
70, 257, 0.740135
70, 258, 0.671175
70, 259, 0.702810
70, 260, 0.731408
70, 624, 0.740135
70, 627, 0.702810
71, 262, 0.804394
71, 264, 0.773865
71, 268, 0.773865
71, 270, 0.804394
71, 272, 0.815011
71, 273, 0.815011
72, 263, 0.731408
72, 264, 0.702810
72, 265, 0.740135
72, 266, 0.671175
72, 636, 0.740134
72, 637, 0.702810
73, 265, 0.740135
73, 267, 0.671175
73, 268, 0.702810
73, 269, 0.731408
73, 522, 0.702810
73, 523, 0.740134
74, 274, 0.671175
74, 276, 0.740134
74, 280, 0.702810
74, 282, 0.731408
74, 305, 0.740134
74, 306, 0.702810
75, 275, 0.671175
75, 276, 0.740135
75, 277, 0.702810
75, 278, 0.731408
75, 552, 0.740135
75, 555, 0.702810
76, 277, 0.773865
76, 279, 0.804394
76, 280, 0.773865
76, 281, 0.804394
76, 301, 0.815011
76, 303, 0.815011
77, 283, 0.804394
77, 285, 0.773865
77, 289, 0.773865
77, 291, 0.804394
77, 301, 0.815011
77, 302, 0.815011
78, 284, 0.731408
78, 285, 0.702810
78, 286, 0.740135
78, 287, 0.671175
78, 564, 0.740134
78, 565, 0.702810
79, 286, 0.740135
79, 288, 0.671175
79, 289, 0.702810
79, 290, 0.731408
79, 594, 0.702810
79, 595, 0.740134
80, 292, 0.804394
80, 294, 0.773865
80, 298, 0.773865
80, 300, 0.804394
80, 302, 0.815011
80, 303, 0.815011
81, 293, 0.731408
81, 294, 0.702810
81, 295, 0.740135
81, 296, 0.671175
81, 588, 0.740135
81, 589, 0.702810
82, 295, 0.740134
82, 297, 0.671175
82, 298, 0.702810
82, 299, 0.731408
82, 312, 0.702810
82, 313, 0.740134
83, 304, 0.671175
83, 305, 0.740135
83, 308, 0.702810
83, 310, 0.731408
83, 534, 0.740135
83, 535, 0.702810
84, 306, 0.773865
84, 307, 0.804394
84, 308, 0.773865
84, 309, 0.804394
84, 327, 0.815011
84, 329, 0.815011
85, 311, 0.804394
85, 312, 0.773865
85, 315, 0.773865
85, 317, 0.804394
85, 327, 0.815011
85, 328, 0.815011
86, 313, 0.740135
86, 314, 0.671175
86, 315, 0.702810
86, 316, 0.731408
86, 570, 0.740135
86, 573, 0.702810
87, 318, 0.804394
87, 320, 0.773865
87, 324, 0.773865
87, 326, 0.804394
87, 328, 0.815011
87, 329, 0.815011
88, 319, 0.731408
88, 320, 0.702810
88, 321, 0.740135
88, 322, 0.671175
88, 582, 0.740134
88, 583, 0.702810
89, 321, 0.740135
89, 323, 0.671175
89, 324, 0.702810
89, 325, 0.731408
89, 540, 0.702810
89, 541, 0.740134
90, 330, 0.671175
90, 332, 0.740135
90, 336, 0.702810
90, 338, 0.731408
90, 624, 0.740134
90, 625, 0.702810
91, 331, 0.671175
91, 332, 0.740135
91, 333, 0.702810
91, 334, 0.731408
91, 606, 0.740134
91, 609, 0.702810
92, 333, 0.773865
92, 335, 0.804394
92, 336, 0.773865
92, 337, 0.804394
92, 357, 0.815011
92, 359, 0.815011
93, 339, 0.804394
93, 341, 0.773865
93, 345, 0.773865
93, 347, 0.804394
93, 357, 0.815011
93, 358, 0.815011
94, 340, 0.731408
94, 341, 0.702810
94, 342, 0.740135
94, 343, 0.671175
94, 618, 0.740135
94, 619, 0.702810
95, 342, 0.740134
95, 344, 0.671175
95, 345, 0.702810
95, 346, 0.731408
95, 377, 0.702810
95, 378, 0.740134
96, 348, 0.804394
96, 350, 0.773865
96, 354, 0.773865
96, 356, 0.804394
96, 358, 0.815011
96, 359, 0.815011
97, 349, 0.731408
97, 350, 0.702810
97, 351, 0.740134
97, 352, 0.671175
97, 372, 0.740134
97, 374, 0.702810
98, 351, 0.740135
98, 353, 0.671175
98, 354, 0.702810
98, 355, 0.731408
98, 630, 0.702810
98, 631, 0.740135
99, 360, 0.671175
99, 362, 0.740135
99, 366, 0.702810
99, 368, 0.731408
99, 570, 0.740134
99, 571, 0.702810
100, 361, 0.671175
100, 362, 0.740135
100, 363, 0.702810
100, 364, 0.731408
100, 588, 0.740134
100, 591, 0.702810
101, 363, 0.773865
101, 365, 0.804394
101, 366, 0.773865
101, 367, 0.804394
101, 383, 0.815011
101, 385, 0.815011
102, 369, 0.804394
102, 371, 0.773865
102, 374, 0.773865
102, 375, 0.804394
102, 383, 0.815011
102, 384, 0.815011
103, 370, 0.731408
103, 371, 0.702810
103, 372, 0.740135
103, 373, 0.671175
103, 600, 0.740135
103, 601, 0.702810
104, 376, 0.804394
104, 377, 0.773865
104, 380, 0.773865
104, 382, 0.804394
104, 384, 0.815011
104, 385, 0.815011
105, 378, 0.740135
105, 379, 0.671175
105, 380, 0.702810
105, 381, 0.731408
105, 576, 0.702810
105, 577, 0.740135
106, 386, 0.671175
106, 388, 0.740135
106, 392, 0.702810
106, 394, 0.731408
106, 505, 0.740134
106, 506, 0.702810
107, 387, 0.671175
107, 388, 0.740135
107, 389, 0.702810
107, 390, 0.731408
107, 545, 0.702810
107, 546, 0.740134
108, 389, 0.773865
108, 391, 0.804394
108, 392, 0.773865
108, 393, 0.804394
108, 413, 0.815011
108, 415, 0.815011
109, 395, 0.804394
109, 397, 0.773865
109, 401, 0.773865
109, 403, 0.804394
109, 413, 0.815011
109, 414, 0.815011
110, 396, 0.731408
110, 397, 0.702810
110, 398, 0.740135
110, 399, 0.671175
110, 541, 0.740135
110, 542, 0.702810
111, 398, 0.740134
111, 400, 0.671175
111, 401, 0.702810
111, 402, 0.731408
111, 433, 0.702810
111, 434, 0.740134
112, 404, 0.804394
112, 406, 0.773865
112, 410, 0.773865
112, 412, 0.804394
112, 414, 0.815011
112, 415, 0.815011
113, 405, 0.731408
113, 406, 0.702810
113, 407, 0.740134
113, 408, 0.671175
113, 428, 0.740134
113, 430, 0.702810
114, 407, 0.740135
114, 409, 0.671175
114, 410, 0.702810
114, 411, 0.731408
114, 509, 0.702810
114, 510, 0.740135
115, 416, 0.671175
115, 418, 0.740135
115, 422, 0.702810
115, 424, 0.731408
115, 577, 0.740134
115, 578, 0.702810
116, 417, 0.671175
116, 418, 0.740135
116, 419, 0.702810
116, 420, 0.731408
116, 617, 0.702810
116, 618, 0.740134
117, 419, 0.773865
117, 421, 0.804394
117, 422, 0.773865
117, 423, 0.804394
117, 439, 0.815011
117, 441, 0.815011
118, 425, 0.804394
118, 427, 0.773865
118, 430, 0.773865
118, 431, 0.804394
118, 439, 0.815011
118, 440, 0.815011
119, 426, 0.731408
119, 427, 0.702810
119, 428, 0.740135
119, 429, 0.671175
119, 613, 0.740135
119, 614, 0.702810
120, 432, 0.804394
120, 433, 0.773865
120, 436, 0.773865
120, 438, 0.804394
120, 440, 0.815011
120, 441, 0.815011
121, 434, 0.740135
121, 435, 0.671175
121, 436, 0.702810
121, 437, 0.731408
121, 581, 0.702810
121, 582, 0.740135
122, 442, 0.671175
122, 444, 0.740135
122, 448, 0.702810
122, 450, 0.731408
122, 559, 0.740134
122, 560, 0.702810
123, 443, 0.671175
123, 444, 0.740135
123, 445, 0.702810
123, 446, 0.731408
123, 527, 0.702810
123, 528, 0.740134
124, 445, 0.773865
124, 447, 0.804394
124, 448, 0.773865
124, 449, 0.804394
124, 469, 0.815011
124, 471, 0.815011
125, 451, 0.804394
125, 453, 0.773865
125, 457, 0.773865
125, 459, 0.804394
125, 469, 0.815011
125, 470, 0.815011
126, 452, 0.731408
126, 453, 0.702810
126, 454, 0.740135
126, 455, 0.671175
126, 523, 0.740135
126, 524, 0.702810
127, 454, 0.740134
127, 456, 0.671175
127, 457, 0.702810
127, 458, 0.731408
127, 489, 0.702810
127, 490, 0.740134
128, 460, 0.804394
128, 462, 0.773865
128, 466, 0.773865
128, 468, 0.804394
128, 470, 0.815011
128, 471, 0.815011
129, 461, 0.731408
129, 462, 0.702810
129, 463, 0.740134
129, 464, 0.671175
129, 484, 0.740134
129, 486, 0.702810
130, 463, 0.740135
130, 465, 0.671175
130, 466, 0.702810
130, 467, 0.731408
130, 563, 0.702810
130, 564, 0.740135
131, 472, 0.671175
131, 474, 0.740135
131, 478, 0.702810
131, 480, 0.731408
131, 631, 0.740134
131, 632, 0.702810
132, 473, 0.671175
132, 474, 0.740135
132, 475, 0.702810
132, 476, 0.731408
132, 599, 0.702810
132, 600, 0.740134
133, 475, 0.773865
133, 477, 0.804394
133, 478, 0.773865
133, 479, 0.804394
133, 495, 0.815011
133, 497, 0.815011
134, 481, 0.804394
134, 483, 0.773865
134, 486, 0.773865
134, 487, 0.804394
134, 495, 0.815011
134, 496, 0.815011
135, 482, 0.731408
135, 483, 0.702810
135, 484, 0.740135
135, 485, 0.671175
135, 595, 0.740135
135, 596, 0.702810
136, 488, 0.804394
136, 489, 0.773865
136, 492, 0.773865
136, 494, 0.804394
136, 496, 0.815011
136, 497, 0.815011
137, 490, 0.740135
137, 491, 0.671175
137, 492, 0.702810
137, 493, 0.731408
137, 635, 0.702810
137, 636, 0.740135
138, 499, 0.773865
138, 500, 0.804394
138, 501, 0.773865
138, 502, 0.804394
138, 513, 0.815011
138, 515, 0.815011
139, 503, 0.804394
139, 504, 0.773865
139, 506, 0.773865
139, 507, 0.804394
139, 513, 0.815011
139, 514, 0.815011
140, 508, 0.804394
140, 509, 0.773865
140, 511, 0.773865
140, 512, 0.804394
140, 514, 0.815010
140, 515, 0.815011
141, 517, 0.773865
141, 518, 0.804394
141, 519, 0.773865
141, 520, 0.804394
141, 531, 0.815011
141, 533, 0.815011
142, 521, 0.804394
142, 522, 0.773865
142, 524, 0.773865
142, 525, 0.804394
142, 531, 0.815011
142, 532, 0.815010
143, 526, 0.804394
143, 527, 0.773865
143, 529, 0.773865
143, 530, 0.804394
143, 532, 0.815011
143, 533, 0.815011
144, 535, 0.773865
144, 536, 0.804394
144, 537, 0.773865
144, 538, 0.804394
144, 549, 0.815011
144, 551, 0.815011
145, 539, 0.804394
145, 540, 0.773865
145, 542, 0.773865
145, 543, 0.804394
145, 549, 0.815011
145, 550, 0.815010
146, 544, 0.804394
146, 545, 0.773865
146, 547, 0.773865
146, 548, 0.804394
146, 550, 0.815011
146, 551, 0.815011
147, 553, 0.773865
147, 554, 0.804394
147, 555, 0.773865
147, 556, 0.804394
147, 567, 0.815011
147, 569, 0.815011
148, 557, 0.804394
148, 558, 0.773865
148, 560, 0.773865
148, 561, 0.804394
148, 567, 0.815011
148, 568, 0.815011
149, 562, 0.804394
149, 563, 0.773865
149, 565, 0.773865
149, 566, 0.804394
149, 568, 0.815010
149, 569, 0.815011
150, 571, 0.773865
150, 572, 0.804394
150, 573, 0.773865
150, 574, 0.804394
150, 585, 0.815011
150, 587, 0.815011
151, 575, 0.804394
151, 576, 0.773865
151, 578, 0.773865
151, 579, 0.804394
151, 585, 0.815011
151, 586, 0.815011
152, 580, 0.804394
152, 581, 0.773865
152, 583, 0.773865
152, 584, 0.804394
152, 586, 0.815010
152, 587, 0.815011
153, 589, 0.773865
153, 590, 0.804394
153, 591, 0.773865
153, 592, 0.804394
153, 603, 0.815011
153, 605, 0.815011
154, 593, 0.804394
154, 594, 0.773865
154, 596, 0.773865
154, 597, 0.804394
154, 603, 0.815011
154, 604, 0.815010
155, 598, 0.804394
155, 599, 0.773865
155, 601, 0.773865
155, 602, 0.804394
155, 604, 0.815011
155, 605, 0.815011
156, 607, 0.773865
156, 608, 0.804394
156, 609, 0.773865
156, 610, 0.804394
156, 621, 0.815011
156, 623, 0.815011
157, 611, 0.804394
157, 612, 0.773865
157, 614, 0.773865
157, 615, 0.804394
157, 621, 0.815011
157, 622, 0.815010
158, 616, 0.804394
158, 617, 0.773865
158, 619, 0.773865
158, 620, 0.804394
158, 622, 0.815011
158, 623, 0.815011
159, 625, 0.773865
159, 626, 0.804394
159, 627, 0.773865
159, 628, 0.804394
159, 639, 0.815011
159, 641, 0.815011
160, 629, 0.804394
160, 630, 0.773865
160, 632, 0.773865
160, 633, 0.804394
160, 639, 0.815011
160, 640, 0.815011
161, 634, 0.804394
161, 635, 0.773865
161, 637, 0.773865
161, 638, 0.804394
161, 640, 0.815010
161, 641, 0.815011
162, 163, 0.700906
162, 164, 0.651669
162, 275, 0.700906
162, 552, 0.651668
163, 164, 0.651669
163, 304, 0.700906
163, 534, 0.651668
164, 165, 0.727384
164, 168, 0.727384
165, 166, 0.763373
165, 167, 0.781808
165, 168, 0.781932
166, 167, 0.743122
166, 537, 0.763373
166, 538, 0.743122
167, 171, 0.801787
167, 189, 0.801646
168, 169, 0.781808
168, 170, 0.763373
169, 170, 0.743122
169, 188, 0.801787
169, 191, 0.801646
170, 553, 0.763373
170, 554, 0.743122
171, 172, 0.743122
171, 173, 0.781808
171, 189, 0.801646
172, 173, 0.763373
172, 547, 0.763373
172, 548, 0.743122
173, 174, 0.727384
173, 177, 0.781932
174, 175, 0.651669
174, 176, 0.651669
174, 177, 0.727384
175, 176, 0.700906
175, 387, 0.700906
175, 546, 0.651669
176, 210, 0.651669
176, 211, 0.700906
177, 178, 0.763373
177, 179, 0.781808
178, 179, 0.743122
178, 208, 0.743122
178, 209, 0.763373
179, 180, 0.801787
179, 190, 0.801646
180, 181, 0.743122
180, 182, 0.781808
180, 190, 0.801646
181, 182, 0.763373
181, 206, 0.763373
181, 207, 0.743122
182, 183, 0.727384
182, 186, 0.781932
183, 184, 0.651669
183, 185, 0.651669
183, 186, 0.727384
184, 185, 0.700906
184, 204, 0.651669
184, 205, 0.700906
185, 442, 0.700906
185, 559, 0.651669
186, 187, 0.763373
186, 188, 0.781808
187, 188, 0.743122
187, 557, 0.743122
187, 558, 0.763373
188, 191, 0.801646
189, 190, 0.823236
189, 191, 0.823236
190, 191, 0.823236
192, 193, 0.700906
192, 194, 0.651669
192, 219, 0.700906
192, 498, 0.651668
193, 194, 0.651669
193, 248, 0.700906
193, 516, 0.651668
194, 195, 0.727384
194, 198, 0.727384
195, 196, 0.763373
195, 197, 0.781808
195, 198, 0.781932
196, 197, 0.743122
196, 519, 0.763373
196, 520, 0.743122
197, 201, 0.801787
197, 215, 0.801646
198, 199, 0.781808
198, 200, 0.763373
199, 200, 0.743122
199, 214, 0.801787
199, 217, 0.801646
200, 499, 0.763373
200, 500, 0.743122
201, 202, 0.743122
201, 203, 0.781808
201, 215, 0.801646
202, 203, 0.763373
202, 529, 0.763373
202, 530, 0.743122
203, 204, 0.727384
203, 206, 0.781932
204, 205, 0.651669
204, 206, 0.727384
205, 443, 0.700906
205, 528, 0.651669
206, 207, 0.781808
207, 208, 0.801787
207, 216, 0.801646
208, 209, 0.781808
208, 216, 0.801646
209, 210, 0.727384
209, 212, 0.781932
210, 211, 0.651669
210, 212, 0.727384
211, 386, 0.700906
211, 505, 0.651669
212, 213, 0.763373
212, 214, 0.781808
213, 214, 0.743122
213, 503, 0.743122
213, 504, 0.763373
214, 217, 0.801646
215, 216, 0.823236
215, 217, 0.823236
216, 217, 0.823236
218, 219, 0.700906
218, 220, 0.651669
218, 248, 0.700906
218, 249, 0.651669
219, 220, 0.651669
219, 498, 0.651669
220, 221, 0.727384
220, 224, 0.727384
221, 222, 0.763373
221, 223, 0.781808
221, 224, 0.781932
222, 223, 0.743122
222, 501, 0.763373
222, 502, 0.743122
223, 227, 0.801787
223, 245, 0.801646
224, 225, 0.781808
224, 226, 0.763373
225, 226, 0.743122
225, 244, 0.801787
225, 247, 0.801646
226, 250, 0.763373
226, 251, 0.743122
227, 228, 0.743122
227, 229, 0.781808
227, 245, 0.801646
228, 229, 0.763373
228, 511, 0.763373
228, 512, 0.743122
229, 230, 0.727384
229, 233, 0.781932
230, 231, 0.651669
230, 232, 0.651669
230, 233, 0.727384
231, 232, 0.700906
231, 409, 0.700906
231, 510, 0.651668
232, 429, 0.700906
232, 613, 0.651668
233, 234, 0.763373
233, 235, 0.781808
234, 235, 0.743122
234, 611, 0.743122
234, 612, 0.763373
235, 236, 0.801787
235, 246, 0.801646
236, 237, 0.743122
236, 238, 0.781808
236, 246, 0.801646
237, 238, 0.763373
237, 607, 0.763373
237, 608, 0.743122
238, 239, 0.727384
238, 242, 0.781932
239, 240, 0.651669
239, 241, 0.651669
239, 242, 0.727384
240, 241, 0.700906
240, 331, 0.700906
240, 606, 0.651669
241, 257, 0.651669
241, 258, 0.700906
242, 243, 0.763373
242, 244, 0.781808
243, 244, 0.743122
243, 255, 0.743122
243, 256, 0.763373
244, 247, 0.801646
245, 246, 0.823236
245, 247, 0.823236
246, 247, 0.823236
248, 249, 0.651669
248, 516, 0.651669
249, 250, 0.727384
249, 252, 0.727384
250, 251, 0.781808
250, 252, 0.781932
251, 255, 0.801787
251, 271, 0.801646
252, 253, 0.781808
252, 254, 0.763373
253, 254, 0.743122
253, 270, 0.801787
253, 273, 0.801646
254, 517, 0.763373
254, 518, 0.743122
255, 256, 0.781808
255, 271, 0.801646
256, 257, 0.727384
256, 259, 0.781932
257, 258, 0.651669
257, 259, 0.727384
258, 330, 0.700906
258, 624, 0.651669
259, 260, 0.763373
259, 261, 0.781808
260, 261, 0.743122
260, 627, 0.763373
260, 628, 0.743122
261, 262, 0.801787
261, 272, 0.801646
262, 263, 0.743122
262, 264, 0.781808
262, 272, 0.801646
263, 264, 0.763373
263, 637, 0.763373
263, 638, 0.743122
264, 265, 0.727384
264, 268, 0.781932
265, 266, 0.651669
265, 267, 0.651669
265, 268, 0.727384
266, 267, 0.700906
266, 491, 0.700906
266, 636, 0.651668
267, 455, 0.700906
267, 523, 0.651668
268, 269, 0.763373
268, 270, 0.781808
269, 270, 0.743122
269, 521, 0.743122
269, 522, 0.763373
270, 273, 0.801646
271, 272, 0.823236
271, 273, 0.823236
272, 273, 0.823236
274, 275, 0.700906
274, 276, 0.651669
274, 304, 0.700906
274, 305, 0.651669
275, 276, 0.651669
275, 552, 0.651669
276, 277, 0.727384
276, 280, 0.727384
277, 278, 0.763373
277, 279, 0.781808
277, 280, 0.781932
278, 279, 0.743122
278, 555, 0.763373
278, 556, 0.743122
279, 283, 0.801787
279, 301, 0.801646
280, 281, 0.781808
280, 282, 0.763373
281, 282, 0.743122
281, 300, 0.801787
281, 303, 0.801646
282, 306, 0.763373
282, 307, 0.743122
283, 284, 0.743122
283, 285, 0.781808
283, 301, 0.801646
284, 285, 0.763373
284, 565, 0.763373
284, 566, 0.743122
285, 286, 0.727384
285, 289, 0.781932
286, 287, 0.651669
286, 288, 0.651669
286, 289, 0.727384
287, 288, 0.700906
287, 465, 0.700906
287, 564, 0.651668
288, 485, 0.700906
288, 595, 0.651668
289, 290, 0.763373
289, 291, 0.781808
290, 291, 0.743122
290, 593, 0.743122
290, 594, 0.763373
291, 292, 0.801787
291, 302, 0.801646
292, 293, 0.743122
292, 294, 0.781808
292, 302, 0.801646
293, 294, 0.763373
293, 589, 0.763373
293, 590, 0.743122
294, 295, 0.727384
294, 298, 0.781932
295, 296, 0.651669
295, 297, 0.651669
295, 298, 0.727384
296, 297, 0.700906
296, 361, 0.700906
296, 588, 0.651669
297, 313, 0.651669
297, 314, 0.700906
298, 299, 0.763373
298, 300, 0.781808
299, 300, 0.743122
299, 311, 0.743122
299, 312, 0.763373
300, 303, 0.801646
301, 302, 0.823236
301, 303, 0.823236
302, 303, 0.823236
304, 305, 0.651669
304, 534, 0.651669
305, 306, 0.727384
305, 308, 0.727384
306, 307, 0.781808
306, 308, 0.781932
307, 311, 0.801787
307, 327, 0.801646
308, 309, 0.781808
308, 310, 0.763373
309, 310, 0.743122
309, 326, 0.801787
309, 329, 0.801646
310, 535, 0.763373
310, 536, 0.743122
311, 312, 0.781808
311, 327, 0.801646
312, 313, 0.727384
312, 315, 0.781932
313, 314, 0.651669
313, 315, 0.727384
314, 360, 0.700906
314, 570, 0.651669
315, 316, 0.763373
315, 317, 0.781808
316, 317, 0.743122
316, 573, 0.763373
316, 574, 0.743122
317, 318, 0.801787
317, 328, 0.801646
318, 319, 0.743122
318, 320, 0.781808
318, 328, 0.801646
319, 320, 0.763373
319, 583, 0.763373
319, 584, 0.743122
320, 321, 0.727384
320, 324, 0.781932
321, 322, 0.651669
321, 323, 0.651669
321, 324, 0.727384
322, 323, 0.700906
322, 435, 0.700906
322, 582, 0.651668
323, 399, 0.700906
323, 541, 0.651668
324, 325, 0.763373
324, 326, 0.781808
325, 326, 0.743122
325, 539, 0.743122
325, 540, 0.763373
326, 329, 0.801646
327, 328, 0.823236
327, 329, 0.823236
328, 329, 0.823236
330, 331, 0.700906
330, 332, 0.651669
330, 624, 0.651668
331, 332, 0.651669
331, 606, 0.651668
332, 333, 0.727384
332, 336, 0.727384
333, 334, 0.763373
333, 335, 0.781808
333, 336, 0.781932
334, 335, 0.743122
334, 609, 0.763373
334, 610, 0.743122
335, 339, 0.801787
335, 357, 0.801646
336, 337, 0.781808
336, 338, 0.763373
337, 338, 0.743122
337, 356, 0.801787
337, 359, 0.801646
338, 625, 0.763373
338, 626, 0.743122
339, 340, 0.743122
339, 341, 0.781808
339, 357, 0.801646
340, 341, 0.763373
340, 619, 0.763373
340, 620, 0.743122
341, 342, 0.727384
341, 345, 0.781932
342, 343, 0.651669
342, 344, 0.651669
342, 345, 0.727384
343, 344, 0.700906
343, 417, 0.700906
343, 618, 0.651669
344, 378, 0.651669
344, 379, 0.700906
345, 346, 0.763373
345, 347, 0.781808
346, 347, 0.743122
346, 376, 0.743122
346, 377, 0.763373
347, 348, 0.801787
347, 358, 0.801646
348, 349, 0.743122
348, 350, 0.781808
348, 358, 0.801646
349, 350, 0.763373
349, 374, 0.763373
349, 375, 0.743122
350, 351, 0.727384
350, 354, 0.781932
351, 352, 0.651669
351, 353, 0.651669
351, 354, 0.727384
352, 353, 0.700906
352, 372, 0.651669
352, 373, 0.700906
353, 472, 0.700906
353, 631, 0.651669
354, 355, 0.763373
354, 356, 0.781808
355, 356, 0.743122
355, 629, 0.743122
355, 630, 0.763373
356, 359, 0.801646
357, 358, 0.823236
357, 359, 0.823236
358, 359, 0.823236
360, 361, 0.700906
360, 362, 0.651669
360, 570, 0.651668
361, 362, 0.651669
361, 588, 0.651668
362, 363, 0.727384
362, 366, 0.727384
363, 364, 0.763373
363, 365, 0.781808
363, 366, 0.781932
364, 365, 0.743122
364, 591, 0.763373
364, 592, 0.743122
365, 369, 0.801787
365, 383, 0.801646
366, 367, 0.781808
366, 368, 0.763373
367, 368, 0.743122
367, 382, 0.801787
367, 385, 0.801646
368, 571, 0.763373
368, 572, 0.743122
369, 370, 0.743122
369, 371, 0.781808
369, 383, 0.801646
370, 371, 0.763373
370, 601, 0.763373
370, 602, 0.743122
371, 372, 0.727384
371, 374, 0.781932
372, 373, 0.651669
372, 374, 0.727384
373, 473, 0.700906
373, 600, 0.651669
374, 375, 0.781808
375, 376, 0.801787
375, 384, 0.801646
376, 377, 0.781808
376, 384, 0.801646
377, 378, 0.727384
377, 380, 0.781932
378, 379, 0.651669
378, 380, 0.727384
379, 416, 0.700906
379, 577, 0.651669
380, 381, 0.763373
380, 382, 0.781808
381, 382, 0.743122
381, 575, 0.743122
381, 576, 0.763373
382, 385, 0.801646
383, 384, 0.823236
383, 385, 0.823236
384, 385, 0.823236
386, 387, 0.700906
386, 388, 0.651669
386, 505, 0.651669
387, 388, 0.651669
387, 546, 0.651669
388, 389, 0.727384
388, 392, 0.727384
389, 390, 0.763373
389, 391, 0.781808
389, 392, 0.781932
390, 391, 0.743122
390, 544, 0.743122
390, 545, 0.763373
391, 395, 0.801787
391, 413, 0.801646
392, 393, 0.781808
392, 394, 0.763373
393, 394, 0.743122
393, 412, 0.801787
393, 415, 0.801646
394, 506, 0.763373
394, 507, 0.743122
395, 396, 0.743122
395, 397, 0.781808
395, 413, 0.801646
396, 397, 0.763373
396, 542, 0.763373
396, 543, 0.743122
397, 398, 0.727384
397, 401, 0.781932
398, 399, 0.651669
398, 400, 0.651669
398, 401, 0.727384
399, 400, 0.700906
399, 541, 0.651669
400, 434, 0.651669
400, 435, 0.700906
401, 402, 0.763373
401, 403, 0.781808
402, 403, 0.743122
402, 432, 0.743122
402, 433, 0.763373
403, 404, 0.801787
403, 414, 0.801646
404, 405, 0.743122
404, 406, 0.781808
404, 414, 0.801646
405, 406, 0.763373
405, 430, 0.763373
405, 431, 0.743122
406, 407, 0.727384
406, 410, 0.781932
407, 408, 0.651669
407, 409, 0.651669
407, 410, 0.727384
408, 409, 0.700906
408, 428, 0.651669
408, 429, 0.700906
409, 510, 0.651669
410, 411, 0.763373
410, 412, 0.781808
411, 412, 0.743122
411, 508, 0.743122
411, 509, 0.763373
412, 415, 0.801646
413, 414, 0.823236
413, 415, 0.823236
414, 415, 0.823236
416, 417, 0.700906
416, 418, 0.651669
416, 577, 0.651669
417, 418, 0.651669
417, 618, 0.651669
418, 419, 0.727384
418, 422, 0.727384
419, 420, 0.763373
419, 421, 0.781808
419, 422, 0.781932
420, 421, 0.743122
420, 616, 0.743122
420, 617, 0.763373
421, 425, 0.801787
421, 439, 0.801646
422, 423, 0.781808
422, 424, 0.763373
423, 424, 0.743122
423, 438, 0.801787
423, 441, 0.801646
424, 578, 0.763373
424, 579, 0.743122
425, 426, 0.743122
425, 427, 0.781808
425, 439, 0.801646
426, 427, 0.763373
426, 614, 0.763373
426, 615, 0.743122
427, 428, 0.727384
427, 430, 0.781932
428, 429, 0.651669
428, 430, 0.727384
429, 613, 0.651669
430, 431, 0.781808
431, 432, 0.801787
431, 440, 0.801646
432, 433, 0.781808
432, 440, 0.801646
433, 434, 0.727384
433, 436, 0.781932
434, 435, 0.651669
434, 436, 0.727384
435, 582, 0.651669
436, 437, 0.763373
436, 438, 0.781808
437, 438, 0.743122
437, 580, 0.743122
437, 581, 0.763373
438, 441, 0.801646
439, 440, 0.823236
439, 441, 0.823236
440, 441, 0.823236
442, 443, 0.700906
442, 444, 0.651669
442, 559, 0.651669
443, 444, 0.651669
443, 528, 0.651669
444, 445, 0.727384
444, 448, 0.727384
445, 446, 0.763373
445, 447, 0.781808
445, 448, 0.781932
446, 447, 0.743122
446, 526, 0.743122
446, 527, 0.763373
447, 451, 0.801787
447, 469, 0.801646
448, 449, 0.781808
448, 450, 0.763373
449, 450, 0.743122
449, 468, 0.801787
449, 471, 0.801646
450, 560, 0.763373
450, 561, 0.743122
451, 452, 0.743122
451, 453, 0.781808
451, 469, 0.801646
452, 453, 0.763373
452, 524, 0.763373
452, 525, 0.743122
453, 454, 0.727384
453, 457, 0.781932
454, 455, 0.651669
454, 456, 0.651669
454, 457, 0.727384
455, 456, 0.700906
455, 523, 0.651669
456, 490, 0.651669
456, 491, 0.700906
457, 458, 0.763373
457, 459, 0.781808
458, 459, 0.743122
458, 488, 0.743122
458, 489, 0.763373
459, 460, 0.801787
459, 470, 0.801646
460, 461, 0.743122
460, 462, 0.781808
460, 470, 0.801646
461, 462, 0.763373
461, 486, 0.763373
461, 487, 0.743122
462, 463, 0.727384
462, 466, 0.781932
463, 464, 0.651669
463, 465, 0.651669
463, 466, 0.727384
464, 465, 0.700906
464, 484, 0.651669
464, 485, 0.700906
465, 564, 0.651669
466, 467, 0.763373
466, 468, 0.781808
467, 468, 0.743122
467, 562, 0.743122
467, 563, 0.763373
468, 471, 0.801646
469, 470, 0.823236
469, 471, 0.823236
470, 471, 0.823236
472, 473, 0.700906
472, 474, 0.651669
472, 631, 0.651669
473, 474, 0.651669
473, 600, 0.651669
474, 475, 0.727384
474, 478, 0.727384
475, 476, 0.763373
475, 477, 0.781808
475, 478, 0.781932
476, 477, 0.743122
476, 598, 0.743122
476, 599, 0.763373
477, 481, 0.801787
477, 495, 0.801646
478, 479, 0.781808
478, 480, 0.763373
479, 480, 0.743122
479, 494, 0.801787
479, 497, 0.801646
480, 632, 0.763373
480, 633, 0.743122
481, 482, 0.743122
481, 483, 0.781808
481, 495, 0.801646
482, 483, 0.763373
482, 596, 0.763373
482, 597, 0.743122
483, 484, 0.727384
483, 486, 0.781932
484, 485, 0.651669
484, 486, 0.727384
485, 595, 0.651669
486, 487, 0.781808
487, 488, 0.801787
487, 496, 0.801646
488, 489, 0.781808
488, 496, 0.801646
489, 490, 0.727384
489, 492, 0.781932
490, 491, 0.651669
490, 492, 0.727384
491, 636, 0.651669
492, 493, 0.763373
492, 494, 0.781808
493, 494, 0.743122
493, 634, 0.743122
493, 635, 0.763373
494, 497, 0.801646
495, 496, 0.823236
495, 497, 0.823236
496, 497, 0.823236
498, 499, 0.727384
498, 501, 0.727384
499, 500, 0.781808
499, 501, 0.781932
500, 503, 0.801787
500, 513, 0.801646
501, 502, 0.781808
502, 512, 0.801787
502, 515, 0.801646
503, 504, 0.781808
503, 513, 0.801646
504, 505, 0.727384
504, 506, 0.781932
505, 506, 0.727384
506, 507, 0.781808
507, 508, 0.801787
507, 514, 0.801646
508, 509, 0.781808
508, 514, 0.801646
509, 510, 0.727384
509, 511, 0.781932
510, 511, 0.727384
511, 512, 0.781808
512, 515, 0.801646
513, 514, 0.823236
513, 515, 0.823236
514, 515, 0.823236
516, 517, 0.727384
516, 519, 0.727384
517, 518, 0.781808
517, 519, 0.781932
518, 521, 0.801787
518, 531, 0.801646
519, 520, 0.781808
520, 530, 0.801787
520, 533, 0.801646
521, 522, 0.781808
521, 531, 0.801646
522, 523, 0.727384
522, 524, 0.781932
523, 524, 0.727384
524, 525, 0.781808
525, 526, 0.801787
525, 532, 0.801646
526, 527, 0.781808
526, 532, 0.801646
527, 528, 0.727384
527, 529, 0.781932
528, 529, 0.727384
529, 530, 0.781808
530, 533, 0.801646
531, 532, 0.823236
531, 533, 0.823236
532, 533, 0.823236
534, 535, 0.727384
534, 537, 0.727384
535, 536, 0.781808
535, 537, 0.781932
536, 539, 0.801787
536, 549, 0.801646
537, 538, 0.781808
538, 548, 0.801787
538, 551, 0.801646
539, 540, 0.781808
539, 549, 0.801646
540, 541, 0.727384
540, 542, 0.781932
541, 542, 0.727384
542, 543, 0.781808
543, 544, 0.801787
543, 550, 0.801646
544, 545, 0.781808
544, 550, 0.801646
545, 546, 0.727384
545, 547, 0.781932
546, 547, 0.727384
547, 548, 0.781808
548, 551, 0.801646
549, 550, 0.823236
549, 551, 0.823236
550, 551, 0.823236
552, 553, 0.727384
552, 555, 0.727384
553, 554, 0.781808
553, 555, 0.781932
554, 557, 0.801787
554, 567, 0.801646
555, 556, 0.781808
556, 566, 0.801787
556, 569, 0.801646
557, 558, 0.781808
557, 567, 0.801646
558, 559, 0.727384
558, 560, 0.781932
559, 560, 0.727384
560, 561, 0.781808
561, 562, 0.801787
561, 568, 0.801646
562, 563, 0.781808
562, 568, 0.801646
563, 564, 0.727384
563, 565, 0.781932
564, 565, 0.727384
565, 566, 0.781808
566, 569, 0.801646
567, 568, 0.823236
567, 569, 0.823236
568, 569, 0.823236
570, 571, 0.727384
570, 573, 0.727384
571, 572, 0.781808
571, 573, 0.781932
572, 575, 0.801787
572, 585, 0.801646
573, 574, 0.781808
574, 584, 0.801787
574, 587, 0.801646
575, 576, 0.781808
575, 585, 0.801646
576, 577, 0.727384
576, 578, 0.781932
577, 578, 0.727384
578, 579, 0.781808
579, 580, 0.801787
579, 586, 0.801646
580, 581, 0.781808
580, 586, 0.801646
581, 582, 0.727384
581, 583, 0.781932
582, 583, 0.727384
583, 584, 0.781808
584, 587, 0.801646
585, 586, 0.823236
585, 587, 0.823236
586, 587, 0.823236
588, 589, 0.727384
588, 591, 0.727384
589, 590, 0.781808
589, 591, 0.781932
590, 593, 0.801787
590, 603, 0.801646
591, 592, 0.781808
592, 602, 0.801787
592, 605, 0.801646
593, 594, 0.781808
593, 603, 0.801646
594, 595, 0.727384
594, 596, 0.781932
595, 596, 0.727384
596, 597, 0.781808
597, 598, 0.801787
597, 604, 0.801646
598, 599, 0.781808
598, 604, 0.801646
599, 600, 0.727384
599, 601, 0.781932
600, 601, 0.727384
601, 602, 0.781808
602, 605, 0.801646
603, 604, 0.823236
603, 605, 0.823236
604, 605, 0.823236
606, 607, 0.727384
606, 609, 0.727384
607, 608, 0.781808
607, 609, 0.781932
608, 611, 0.801787
608, 621, 0.801646
609, 610, 0.781808
610, 620, 0.801787
610, 623, 0.801646
611, 612, 0.781808
611, 621, 0.801646
612, 613, 0.727384
612, 614, 0.781932
613, 614, 0.727384
614, 615, 0.781808
615, 616, 0.801787
615, 622, 0.801646
616, 617, 0.781808
616, 622, 0.801646
617, 618, 0.727384
617, 619, 0.781932
618, 619, 0.727384
619, 620, 0.781808
620, 623, 0.801646
621, 622, 0.823236
621, 623, 0.823236
622, 623, 0.823236
624, 625, 0.727384
624, 627, 0.727384
625, 626, 0.781808
625, 627, 0.781932
626, 629, 0.801787
626, 639, 0.801646
627, 628, 0.781808
628, 638, 0.801787
628, 641, 0.801646
629, 630, 0.781808
629, 639, 0.801646
630, 631, 0.727384
630, 632, 0.781932
631, 632, 0.727384
632, 633, 0.781808
633, 634, 0.801787
633, 640, 0.801646
634, 635, 0.781808
634, 640, 0.801646
635, 636, 0.727384
635, 637, 0.781932
636, 637, 0.727384
637, 638, 0.781808
638, 641, 0.801646
639, 640, 0.823236
639, 641, 0.823236
640, 641, 0.823236
