source_idx: 25
h_value: 0.150084

points:
0.000000, 0.525731, -0.850651, 0.553574
0.000000, 0.525731, 0.850651, 2.124371
0.000000, -0.525731, 0.850651, 2.588018
-0.525731, 0.850651, 0.000000, 1.017222
-0.525731, -0.850651, 0.000000, 1.570796
0.525731, 0.850651, 0.000000, 1.570796
0.525731, -0.850651, 0.000000, 2.124371
0.000000, -0.525731, -0.850651, 1.017222
0.850651, 0.000000, 0.525731, 2.588018
-0.850651, 0.000000, 0.525731, 1.570796
-0.850651, 0.000000, -0.525731, 0.553574
0.850651, 0.000000, -0.525731, 1.570796
0.309017, 0.809017, -0.500000, 1.047198
-0.309017, 0.809017, -0.500000, 0.628319
0.000000, 1.000000, 0.000000, 1.256637
-0.309017, 0.809017, 0.500000, 1.570796
0.309017, 0.809017, 0.500000, 1.884956
0.000000, 0.000000, 1.000000, 2.513274
-0.500000, 0.309017, 0.809017, 1.884956
-0.500000, -0.309017, 0.809017, 2.094395
0.500000, 0.309017, 0.809017, 2.513274
0.500000, -0.309017, 0.809017, 3.141593
0.000000, 0.000000, -1.000000, 0.628319
0.500000, 0.309017, -0.809017, 1.047198
0.500000, -0.309017, -0.809017, 1.256637
-0.500000, 0.309017, -0.809017, 0.000000
-0.500000, -0.309017, -0.809017, 0.628319
0.309017, -0.809017, 0.500000, 2.513274
-0.309017, -0.809017, 0.500000, 2.094395
0.000000, -1.000000, 0.000000, 1.884956
-0.309017, -0.809017, -0.500000, 1.256637
0.309017, -0.809017, -0.500000, 1.570796
-0.809017, 0.500000, 0.309017, 1.256637
-0.809017, 0.500000, -0.309017, 0.628319
-1.000000, 0.000000, 0.000000, 1.047198
-0.809017, -0.500000, -0.309017, 1.047198
-0.809017, -0.500000, 0.309017, 1.570796
0.809017, 0.500000, -0.309017, 1.570796
0.809017, 0.500000, 0.309017, 2.094395
1.000000, 0.000000, 0.000000, 2.094395
0.809017, -0.500000, 0.309017, 2.513274
0.809017, -0.500000, -0.309017, 1.884956
0.147621, 0.681718, -0.716567, 0.771928
-0.147621, 0.681718, -0.716567, 0.527262
0.000000, 0.850651, -0.525731, 0.811804
-0.162460, 0.951057, -0.262866, 0.942478
-0.442863, 0.864188, -0.238856, 0.820688
-0.295242, 0.955423, 0.000000, 1.112007
0.162460, 0.951057, -0.262866, 1.131475
0.295242, 0.955423, 0.000000, 1.422634
0.442863, 0.864188, -0.238856, 1.329609
-0.147621, 0.681718, 0.716567, 1.870505
0.147621, 0.681718, 0.716567, 2.029585
0.000000, 0.850651, 0.525731, 1.733979
0.162460, 0.951057, 0.262866, 1.570796
0.442863, 0.864188, 0.238856, 1.718959
-0.162460, 0.951057, 0.262866, 1.407613
-0.442863, 0.864188, 0.238856, 1.271088
0.000000, 0.295242, 0.955423, 2.320905
-0.238856, 0.442863, 0.864188, 2.029585
-0.262866, 0.162460, 0.951057, 2.199115
-0.525731, 0.000000, 0.850651, 2.010118
-0.716567, 0.147621, 0.681718, 1.718959
-0.716567, -0.147621, 0.681718, 1.811984
-0.262866, -0.162460, 0.951057, 2.329789
-0.238856, -0.442863, 0.864188, 2.369664
0.000000, -0.295242, 0.955423, 2.614330
0.238856, 0.442863, 0.864188, 2.320905
0.262866, 0.162460, 0.951057, 2.588018
0.262866, -0.162460, 0.951057, 2.827433
0.238856, -0.442863, 0.864188, 2.841884
0.525731, 0.000000, 0.850651, 2.827433
0.716567, -0.147621, 0.681718, 2.841884
0.716567, 0.147621, 0.681718, 2.614330
0.000000, 0.295242, -0.955423, 0.527262
0.238856, 0.442863, -0.864188, 0.771928
0.262866, 0.162460, -0.951057, 0.811804
0.525731, 0.000000, -0.850651, 1.131475
0.716567, 0.147621, -0.681718, 1.329609
0.716567, -0.147621, -0.681718, 1.422634
0.262866, -0.162460, -0.951057, 0.942478
0.238856, -0.442863, -0.864188, 1.112007
0.000000, -0.295242, -0.955423, 0.820688
-0.238856, 0.442863, -0.864188, 0.299709
-0.262866, 0.162460, -0.951057, 0.314159
-0.262866, -0.162460, -0.951057, 0.553574
-0.238856, -0.442863, -0.864188, 0.820688
-0.525731, 0.000000, -0.850651, 0.314159
-0.716567, -0.147621, -0.681718, 0.527262
-0.716567, 0.147621, -0.681718, 0.299709
0.147621, -0.681718, 0.716567, 2.614330
-0.147621, -0.681718, 0.716567, 2.369664
0.000000, -0.850651, 0.525731, 2.329789
-0.162460, -0.951057, 0.262866, 2.010118
-0.442863, -0.864188, 0.238856, 1.811984
-0.295242, -0.955423, 0.000000, 1.718959
0.162460, -0.951057, 0.262866, 2.199115
0.295242, -0.955423, 0.000000, 2.029585
0.442863, -0.864188, 0.238856, 2.320905
-0.147621, -0.681718, -0.716567, 1.112007
0.147621, -0.681718, -0.716567, 1.271088
0.000000, -0.850651, -0.525731, 1.407613
0.162460, -0.951057, -0.262866, 1.733979
0.442863, -0.864188, -0.238856, 1.870505
-0.162460, -0.951057, -0.262866, 1.570796
-0.442863, -0.864188, -0.238856, 1.422634
-0.681718, 0.716567, 0.147621, 1.112007
-0.681718, 0.716567, -0.147621, 0.820688
-0.850651, 0.525731, 0.000000, 0.942478
-0.951057, 0.262866, -0.162460, 0.811804
-0.864188, 0.238856, -0.442863, 0.527262
-0.955423, 0.000000, -0.295242, 0.771928
-0.951057, 0.262866, 0.162460, 1.131475
-0.955423, 0.000000, 0.295242, 1.329609
-0.864188, 0.238856, 0.442863, 1.422634
-0.681718, -0.716567, -0.147621, 1.329609
-0.681718, -0.716567, 0.147621, 1.570796
-0.850651, -0.525731, 0.000000, 1.304805
-0.951057, -0.262866, 0.162460, 1.304805
-0.864188, -0.238856, 0.442863, 1.570796
-0.951057, -0.262866, -0.162460, 1.017222
-0.864188, -0.238856, -0.442863, 0.771928
0.681718, 0.716567, -0.147621, 1.570796
0.681718, 0.716567, 0.147621, 1.811984
0.850651, 0.525731, 0.000000, 1.836787
0.951057, 0.262866, 0.162460, 2.124371
0.864188, 0.238856, 0.442863, 2.369664
0.955423, 0.000000, 0.295242, 2.369664
0.951057, 0.262866, -0.162460, 1.836787
0.955423, 0.000000, -0.295242, 1.811984
0.864188, 0.238856, -0.442863, 1.570796
0.681718, -0.716567, 0.147621, 2.320905
0.681718, -0.716567, -0.147621, 2.029585
0.850651, -0.525731, 0.000000, 2.199115
0.951057, -0.262866, -0.162460, 2.010118
0.864188, -0.238856, -0.442863, 1.718959
0.951057, -0.262866, 0.162460, 2.329789
0.864188, -0.238856, 0.442863, 2.614330
-0.425325, 0.587785, 0.688191, 1.733979
-0.587785, 0.688191, 0.425325, 1.407613
-0.688191, 0.425325, 0.587785, 1.570796
0.425325, 0.587785, 0.688191, 2.199115
0.688191, 0.425325, 0.587785, 2.329789
0.587785, 0.688191, 0.425325, 2.010118
-0.425325, 0.587785, -0.688191, 0.314159
-0.688191, 0.425325, -0.587785, 0.314159
-0.587785, 0.688191, -0.425325, 0.553574
0.425325, 0.587785, -0.688191, 1.017222
0.587785, 0.688191, -0.425325, 1.304805
0.688191, 0.425325, -0.587785, 1.304805
-0.425325, -0.587785, -0.688191, 0.942478
-0.587785, -0.688191, -0.425325, 1.131475
-0.688191, -0.425325, -0.587785, 0.811804
0.425325, -0.587785, -0.688191, 1.407613
0.688191, -0.425325, -0.587785, 1.570796
0.587785, -0.688191, -0.425325, 1.733979
-0.425325, -0.587785, 0.688191, 2.124371
-0.688191, -0.425325, 0.587785, 1.836787
-0.587785, -0.688191, 0.425325, 1.836787
0.425325, -0.587785, 0.688191, 2.827433
0.587785, -0.688191, 0.425325, 2.588018
0.688191, -0.425325, 0.587785, 2.827433
0.070091, 0.604043, -0.793863, 0.653660
-0.070091, 0.604043, -0.793863, 0.527727
0.000000, 0.689270, -0.724505, 0.644945
-0.078193, 0.770524, -0.632596, 0.661644
-0.229045, 0.752344, -0.617671, 0.561015
-0.160357, 0.839643, -0.518928, 0.708308
0.078193, 0.770524, -0.632596, 0.780176
0.160357, 0.839643, -0.518928, 0.928412
0.229045, 0.752344, -0.617671, 0.905019
-0.240536, 0.889196, -0.389196, 0.781425
-0.381741, 0.846716, -0.370602, 0.719183
-0.312773, 0.915502, -0.253039, 0.871075
-0.373140, 0.919883, -0.120751, 0.966092
-0.490634, 0.863954, -0.113409, 0.922231
-0.420544, 0.907272, 0.000000, 1.057979
-0.234580, 0.963828, -0.126519, 1.026887
-0.152697, 0.988273, 0.000000, 1.179117
-0.080179, 0.988302, -0.129732, 1.103531
0.080179, 0.988302, -0.129732, 1.191499
0.152697, 0.988273, 0.000000, 1.339700
0.234580, 0.963828, -0.126519, 1.283974
0.373140, 0.919883, -0.120751, 1.374153
0.420544, 0.907272, 0.000000, 1.500648
0.490634, 0.863954, -0.113409, 1.457143
0.312773, 0.915502, -0.253039, 1.233187
0.381741, 0.846716, -0.370602, 1.191139
0.240536, 0.889196, -0.389196, 1.082214
-0.082324, 0.912983, -0.399607, 0.867707
0.000000, 0.963861, -0.266405, 1.031683
0.082324, 0.912983, -0.399607, 0.971267
-0.070091, 0.604043, 0.793863, 2.004841
0.070091, 0.604043, 0.793863, 2.083614
0.000000, 0.689270, 0.724505, 1.953188
0.078193, 0.770524, 0.632596, 1.888907
0.229045, 0.752344, 0.617671, 1.962476
0.160357, 0.839643, 0.518928, 1.813715
-0.078193, 0.770524, 0.632596, 1.807583
-0.160357, 0.839643, 0.518928, 1.651061
-0.229045, 0.752344, 0.617671, 1.724093
0.240536, 0.889196, 0.389196, 1.731849
0.381741, 0.846716, 0.370602, 1.801893
0.312773, 0.915502, 0.253039, 1.649069
0.373140, 0.919883, 0.120751, 1.570796
0.490634, 0.863954, 0.113409, 1.640944
0.234580, 0.963828, 0.126519, 1.492523
0.080179, 0.988302, 0.129732, 1.409744
-0.080179, 0.988302, 0.129732, 1.327878
-0.234580, 0.963828, 0.126519, 1.252685
-0.373140, 0.919883, 0.120751, 1.188405
-0.490634, 0.863954, 0.113409, 1.136752
-0.312773, 0.915502, 0.253039, 1.334010
-0.381741, 0.846716, 0.370602, 1.417500
-0.240536, 0.889196, 0.389196, 1.490531
0.082324, 0.912983, 0.399607, 1.653213
0.000000, 0.963861, 0.266405, 1.488379
-0.082324, 0.912983, 0.399607, 1.570796
0.000000, 0.420544, 0.907272, 2.219361
-0.113409, 0.490634, 0.863954, 2.083614
-0.120751, 0.373140, 0.919883, 2.175501
-0.253039, 0.312773, 0.915502, 2.114706
-0.370602, 0.381741, 0.846716, 1.962476
-0.389196, 0.240536, 0.889196, 2.038062
-0.126519, 0.234580, 0.963828, 2.270518
-0.129732, 0.080179, 0.988302, 2.360168
0.000000, 0.152697, 0.988273, 2.422409
-0.518928, 0.160357, 0.839643, 1.950094
-0.617671, 0.229045, 0.752344, 1.801893
-0.632596, 0.078193, 0.770524, 1.857619
-0.724505, 0.000000, 0.689270, 1.767440
-0.793863, 0.070091, 0.604043, 1.640944
-0.793863, -0.070091, 0.604043, 1.684450
-0.632596, -0.078193, 0.770524, 1.908405
-0.617671, -0.229045, 0.752344, 1.950454
-0.518928, -0.160357, 0.839643, 2.059379
-0.389196, -0.240536, 0.889196, 2.213181
-0.370602, -0.381741, 0.846716, 2.236574
-0.253039, -0.312773, 0.915502, 2.361417
-0.120751, -0.373140, 0.919883, 2.496647
-0.113409, -0.490634, 0.863954, 2.487932
0.000000, -0.420544, 0.907272, 2.613865
-0.126519, -0.234580, 0.963828, 2.479948
0.000000, -0.152697, 0.988273, 2.580578
-0.129732, -0.080179, 0.988302, 2.433285
-0.399607, 0.082324, 0.912983, 2.109910
-0.399607, -0.082324, 0.912983, 2.170326
-0.266405, 0.000000, 0.963861, 2.273886
0.113409, 0.490634, 0.863954, 2.219361
0.120751, 0.373140, 0.919883, 2.331277
0.126519, 0.234580, 0.963828, 2.450459
0.129732, 0.080179, 0.988302, 2.567421
0.253039, 0.312773, 0.915502, 2.450459
0.389196, 0.240536, 0.889196, 2.567421
0.370602, 0.381741, 0.846716, 2.422409
0.129732, -0.080179, 0.988302, 2.666381
0.126519, -0.234580, 0.963828, 2.727551
0.120751, -0.373140, 0.919883, 2.738579
0.113409, -0.490634, 0.863954, 2.707548
0.253039, -0.312773, 0.915502, 2.871808
0.370602, -0.381741, 0.846716, 2.988296
0.389196, -0.240536, 0.889196, 2.988486
0.518928, -0.160357, 0.839643, 2.988486
0.617671, -0.229045, 0.752344, 2.988296
0.632596, -0.078193, 0.770524, 2.871808
0.724505, 0.000000, 0.689270, 2.738579
0.793863, -0.070091, 0.604043, 2.707548
0.793863, 0.070091, 0.604043, 2.613865
0.632596, 0.078193, 0.770524, 2.727551
0.617671, 0.229045, 0.752344, 2.580578
0.518928, 0.160357, 0.839643, 2.666381
0.266405, 0.000000, 0.963861, 2.721332
0.399607, -0.082324, 0.912983, 2.871932
0.399607, 0.082324, 0.912983, 2.721332
0.000000, 0.420544, -0.907272, 0.527727
0.113409, 0.490634, -0.863954, 0.653660
0.120751, 0.373140, -0.919883, 0.644945
0.253039, 0.312773, -0.915502, 0.780176
0.370602, 0.381741, -0.846716, 0.905019
0.389196, 0.240536, -0.889196, 0.928412
0.126519, 0.234580, -0.963828, 0.661644
0.129732, 0.080179, -0.988302, 0.708308
0.000000, 0.152697, -0.988273, 0.561015
0.518928, 0.160357, -0.839643, 1.082214
0.617671, 0.229045, -0.752344, 1.191139
0.632596, 0.078193, -0.770524, 1.233187
0.724505, 0.000000, -0.689270, 1.374153
0.793863, 0.070091, -0.604043, 1.457143
0.793863, -0.070091, -0.604043, 1.500648
0.632596, -0.078193, -0.770524, 1.283974
0.617671, -0.229045, -0.752344, 1.339700
0.518928, -0.160357, -0.839643, 1.191499
0.389196, -0.240536, -0.889196, 1.103531
0.370602, -0.381741, -0.846716, 1.179117
0.253039, -0.312773, -0.915502, 1.026887
0.120751, -0.373140, -0.919883, 0.966092
0.113409, -0.490634, -0.863954, 1.057979
0.000000, -0.420544, -0.907272, 0.922231
0.126519, -0.234580, -0.963828, 0.871075
0.000000, -0.152697, -0.988273, 0.719183
0.129732, -0.080179, -0.988302, 0.781425
0.399607, 0.082324, -0.912983, 0.971267
0.399607, -0.082324, -0.912983, 1.031683
0.266405, 0.000000, -0.963861, 0.867707
-0.113409, 0.490634, -0.863954, 0.434045
-0.120751, 0.373140, -0.919883, 0.403013
-0.126519, 0.234580, -0.963828, 0.414042
-0.129732, 0.080179, -0.988302, 0.475212
-0.253039, 0.312773, -0.915502, 0.269784
-0.389196, 0.240536, -0.889196, 0.153106
-0.370602, 0.381741, -0.846716, 0.153296
-0.129732, -0.080179, -0.988302, 0.574172
-0.126519, -0.234580, -0.963828, 0.691133
-0.120751, -0.373140, -0.919883, 0.810315
-0.113409, -0.490634, -0.863954, 0.922231
-0.253039, -0.312773, -0.915502, 0.691133
-0.370602, -0.381741, -0.846716, 0.719183
-0.389196, -0.240536, -0.889196, 0.574172
-0.518928, -0.160357, -0.839643, 0.475212
-0.617671, -0.229045, -0.752344, 0.561015
-0.632596, -0.078193, -0.770524, 0.414042
-0.724505, 0.000000, -0.689270, 0.403013
-0.793863, -0.070091, -0.604043, 0.527727
-0.793863, 0.070091, -0.604043, 0.434045
-0.632596, 0.078193, -0.770524, 0.269784
-0.617671, 0.229045, -0.752344, 0.153296
-0.518928, 0.160357, -0.839643, 0.153106
-0.266405, 0.000000, -0.963861, 0.420261
-0.399607, -0.082324, -0.912983, 0.420261
-0.399607, 0.082324, -0.912983, 0.269661
0.070091, -0.604043, 0.793863, 2.613865
-0.070091, -0.604043, 0.793863, 2.487932
0.000000, -0.689270, 0.724505, 2.496647
-0.078193, -0.770524, 0.632596, 2.361417
-0.229045, -0.752344, 0.617671, 2.236574
-0.160357, -0.839643, 0.518928, 2.213181
0.078193, -0.770524, 0.632596, 2.479948
0.160357, -0.839643, 0.518928, 2.433285
0.229045, -0.752344, 0.617671, 2.580578
-0.240536, -0.889196, 0.389196, 2.059379
-0.381741, -0.846716, 0.370602, 1.950454
-0.312773, -0.915502, 0.253039, 1.908405
-0.373140, -0.919883, 0.120751, 1.767440
-0.490634, -0.863954, 0.113409, 1.684450
-0.420544, -0.907272, 0.000000, 1.640944
-0.234580, -0.963828, 0.126519, 1.857619
-0.152697, -0.988273, 0.000000, 1.801893
-0.080179, -0.988302, 0.129732, 1.950094
0.080179, -0.988302, 0.129732, 2.038062
0.152697, -0.988273, 0.000000, 1.962476
0.234580, -0.963828, 0.126519, 2.114706
0.373140, -0.919883, 0.120751, 2.175501
0.420544, -0.907272, 0.000000, 2.083614
0.490634, -0.863954, 0.113409, 2.219361
0.312773, -0.915502, 0.253039, 2.270518
0.381741, -0.846716, 0.370602, 2.422409
0.240536, -0.889196, 0.389196, 2.360168
-0.082324, -0.912983, 0.399607, 2.170326
0.000000, -0.963861, 0.266405, 2.109910
0.082324, -0.912983, 0.399607, 2.273886
-0.070091, -0.604043, -0.793863, 1.057979
0.070091, -0.604043, -0.793863, 1.136752
0.000000, -0.689270, -0.724505, 1.188405
0.078193, -0.770524, -0.632596, 1.334010
0.229045, -0.752344, -0.617671, 1.417500
0.160357, -0.839643, -0.518928, 1.490531
-0.078193, -0.770524, -0.632596, 1.252685
-0.160357, -0.839643, -0.518928, 1.327878
-0.229045, -0.752344, -0.617671, 1.179117
0.240536, -0.889196, -0.389196, 1.651061
0.381741, -0.846716, -0.370602, 1.724093
0.312773, -0.915502, -0.253039, 1.807582
0.373140, -0.919883, -0.120751, 1.953188
0.490634, -0.863954, -0.113409, 2.004841
0.234580, -0.963828, -0.126519, 1.888907
0.080179, -0.988302, -0.129732, 1.813715
-0.080179, -0.988302, -0.129732, 1.731849
-0.234580, -0.963828, -0.126519, 1.649069
-0.373140, -0.919883, -0.120751, 1.570796
-0.490634, -0.863954, -0.113409, 1.500648
-0.312773, -0.915502, -0.253039, 1.492523
-0.381741, -0.846716, -0.370602, 1.339700
-0.240536, -0.889196, -0.389196, 1.409744
0.082324, -0.912983, -0.399607, 1.570796
0.000000, -0.963861, -0.266405, 1.653213
-0.082324, -0.912983, -0.399607, 1.488379
-0.604043, 0.793863, 0.070091, 1.057979
-0.604043, 0.793863, -0.070091, 0.922231
-0.689270, 0.724505, 0.000000, 0.966092
-0.770524, 0.632596, -0.078193, 0.871075
-0.752344, 0.617671, -0.229045, 0.719183
-0.839643, 0.518928, -0.160357, 0.781425
-0.770524, 0.632596, 0.078193, 1.026887
-0.839643, 0.518928, 0.160357, 1.103531
-0.752344, 0.617671, 0.229045, 1.179117
-0.889196, 0.389196, -0.240536, 0.708308
-0.846716, 0.370602, -0.381741, 0.561015
-0.915502, 0.253039, -0.312773, 0.661644
-0.919883, 0.120751, -0.373140, 0.644945
-0.863954, 0.113409, -0.490634, 0.527727
-0.907272, 0.000000, -0.420544, 0.653660
-0.963828, 0.126519, -0.234580, 0.780176
-0.988273, 0.000000, -0.152697, 0.905019
-0.988302, 0.129732, -0.080179, 0.928412
-0.988302, 0.129732, 0.080179, 1.082214
-0.988273, 0.000000, 0.152697, 1.191139
-0.963828, 0.126519, 0.234580, 1.233187
-0.919883, 0.120751, 0.373140, 1.374153
-0.907272, 0.000000, 0.420544, 1.457143
-0.863954, 0.113409, 0.490634, 1.500648
-0.915502, 0.253039, 0.312773, 1.283974
-0.846716, 0.370602, 0.381741, 1.339700
-0.889196, 0.389196, 0.240536, 1.191499
-0.912982, 0.399607, -0.082324, 0.867707
-0.963861, 0.266405, 0.000000, 0.971267
-0.912982, 0.399607, 0.082324, 1.031683
-0.604043, -0.793863, -0.070091, 1.457143
-0.604043, -0.793863, 0.070091, 1.570796
-0.689270, -0.724505, 0.000000, 1.449750
-0.770524, -0.632596, 0.078193, 1.443937
-0.752344, -0.617671, 0.229045, 1.570796
-0.839643, -0.518928, 0.160357, 1.440698
-0.770524, -0.632596, -0.078193, 1.314977
-0.839643, -0.518928, -0.160357, 1.171038
-0.752344, -0.617671, -0.229045, 1.191139
-0.889196, -0.389196, 0.240536, 1.440698
-0.846716, -0.370602, 0.381741, 1.570796
-0.915502, -0.253039, 0.312773, 1.443937
-0.919883, -0.120751, 0.373140, 1.449750
-0.863954, -0.113409, 0.490634, 1.570796
-0.963828, -0.126519, 0.234580, 1.314977
-0.988302, -0.129732, 0.080179, 1.171038
-0.988302, -0.129732, -0.080179, 1.025200
-0.963828, -0.126519, -0.234580, 0.885895
-0.919883, -0.120751, -0.373140, 0.760481
-0.863954, -0.113409, -0.490634, 0.653660
-0.915502, -0.253039, -0.312773, 0.885895
-0.846716, -0.370602, -0.381741, 0.905019
-0.889196, -0.389196, -0.240536, 1.025200
-0.912982, -0.399607, 0.082324, 1.301135
-0.963861, -0.266405, 0.000000, 1.159708
-0.912982, -0.399607, -0.082324, 1.159708
0.604043, 0.793863, -0.070091, 1.570796
0.604043, 0.793863, 0.070091, 1.684450
0.689270, 0.724505, 0.000000, 1.691842
0.770524, 0.632596, 0.078193, 1.826616
0.752344, 0.617671, 0.229045, 1.950454
0.839643, 0.518928, 0.160357, 1.970555
0.770524, 0.632596, -0.078193, 1.697656
0.839643, 0.518928, -0.160357, 1.700895
0.752344, 0.617671, -0.229045, 1.570796
0.889196, 0.389196, 0.240536, 2.116392
0.846716, 0.370602, 0.381741, 2.236574
0.915502, 0.253039, 0.312773, 2.255698
0.919883, 0.120751, 0.373140, 2.381112
0.863954, 0.113409, 0.490634, 2.487932
0.907272, 0.000000, 0.420544, 2.487932
0.963828, 0.126519, 0.234580, 2.255698
0.988273, 0.000000, 0.152697, 2.236574
0.988302, 0.129732, 0.080179, 2.116392
0.988302, 0.129732, -0.080179, 1.970555
0.988273, 0.000000, -0.152697, 1.950454
0.963828, 0.126519, -0.234580, 1.826616
0.919883, 0.120751, -0.373140, 1.691842
0.907272, 0.000000, -0.420544, 1.684450
0.863954, 0.113409, -0.490634, 1.570796
0.915502, 0.253039, -0.312773, 1.697656
0.846716, 0.370602, -0.381741, 1.570796
0.889196, 0.389196, -0.240536, 1.700895
0.912982, 0.399607, 0.082324, 1.981884
0.963861, 0.266405, 0.000000, 1.981884
0.912982, 0.399607, -0.082324, 1.840457
0.604043, -0.793863, 0.070091, 2.219361
0.604043, -0.793863, -0.070091, 2.083614
0.689270, -0.724505, 0.000000, 2.175501
0.770524, -0.632596, -0.078193, 2.114706
0.752344, -0.617671, -0.229045, 1.962476
0.839643, -0.518928, -0.160357, 2.038062
0.770524, -0.632596, 0.078193, 2.270518
0.839643, -0.518928, 0.160357, 2.360168
0.752344, -0.617671, 0.229045, 2.422409
0.889196, -0.389196, -0.240536, 1.950094
0.846716, -0.370602, -0.381741, 1.801893
0.915502, -0.253039, -0.312773, 1.857619
0.919883, -0.120751, -0.373140, 1.767440
0.863954, -0.113409, -0.490634, 1.640945
0.963828, -0.126519, -0.234580, 1.908405
0.988302, -0.129732, -0.080179, 2.059379
0.988302, -0.129732, 0.080179, 2.213181
0.963828, -0.126519, 0.234580, 2.361417
0.919883, -0.120751, 0.373140, 2.496647
0.863954, -0.113409, 0.490634, 2.613865
0.915502, -0.253039, 0.312773, 2.479948
0.846716, -0.370602, 0.381741, 2.580578
0.889196, -0.389196, 0.240536, 2.433285
0.912982, -0.399607, -0.082324, 2.109910
0.963861, -0.266405, 0.000000, 2.170326
0.912982, -0.399607, 0.082324, 2.273886
-0.195379, 0.568519, 0.799133, 1.953188
-0.282906, 0.644005, 0.710790, 1.807583
-0.370268, 0.709911, 0.599106, 1.651061
-0.331232, 0.517485, 0.788983, 1.888907
-0.469374, 0.450447, 0.759464, 1.813715
-0.450447, 0.759464, 0.469374, 1.490531
-0.517485, 0.788983, 0.331232, 1.334010
-0.568519, 0.799133, 0.195379, 1.188405
-0.644005, 0.710790, 0.282906, 1.252685
-0.709911, 0.599106, 0.370268, 1.327878
-0.759464, 0.469374, 0.450447, 1.409744
-0.788983, 0.331232, 0.517485, 1.492523
-0.799133, 0.195379, 0.568519, 1.570796
-0.710790, 0.282906, 0.644005, 1.649069
-0.599106, 0.370268, 0.709911, 1.731849
-0.513375, 0.646578, 0.564254, 1.570796
-0.646578, 0.564254, 0.513375, 1.488379
-0.564254, 0.513375, 0.646578, 1.653213
0.195379, 0.568519, 0.799133, 2.175501
0.331232, 0.517485, 0.788983, 2.270518
0.469374, 0.450447, 0.759464, 2.360168
0.282906, 0.644005, 0.710790, 2.114706
0.370268, 0.709911, 0.599106, 2.038062
0.599106, 0.370268, 0.709911, 2.433285
0.710790, 0.282906, 0.644005, 2.479948
0.799133, 0.195379, 0.568519, 2.496647
0.788983, 0.331232, 0.517485, 2.361417
0.759464, 0.469374, 0.450447, 2.213181
0.709911, 0.599106, 0.370268, 2.059379
0.644005, 0.710790, 0.282906, 1.908405
0.568519, 0.799133, 0.195379, 1.767440
0.517485, 0.788983, 0.331232, 1.857619
0.450447, 0.759464, 0.469374, 1.950094
0.564254, 0.513375, 0.646578, 2.273886
0.646578, 0.564254, 0.513375, 2.170326
0.513375, 0.646578, 0.564254, 2.109910
-0.195379, 0.568519, -0.799133, 0.403013
-0.331232, 0.517485, -0.788983, 0.269784
-0.469374, 0.450447, -0.759464, 0.153106
-0.282906, 0.644005, -0.710790, 0.414042
-0.370268, 0.709911, -0.599106, 0.475212
-0.599106, 0.370268, -0.709911, 0.153106
-0.710790, 0.282906, -0.644005, 0.269784
-0.799133, 0.195379, -0.568519, 0.403013
-0.788983, 0.331232, -0.517485, 0.414042
-0.759464, 0.469374, -0.450447, 0.475212
-0.709911, 0.599106, -0.370268, 0.574172
-0.644005, 0.710790, -0.282906, 0.691133
-0.568519, 0.799133, -0.195379, 0.810315
-0.517485, 0.788983, -0.331232, 0.691133
-0.450447, 0.759464, -0.469374, 0.574172
-0.564254, 0.513375, -0.646578, 0.269661
-0.646578, 0.564254, -0.513375, 0.420261
-0.513375, 0.646578, -0.564254, 0.420261
0.195379, 0.568519, -0.799133, 0.760481
0.282906, 0.644005, -0.710790, 0.885895
0.370268, 0.709911, -0.599106, 1.025200
0.331232, 0.517485, -0.788983, 0.885895
0.469374, 0.450447, -0.759464, 1.025200
0.450447, 0.759464, -0.469374, 1.171038
0.517485, 0.788983, -0.331232, 1.314977
0.568519, 0.799133, -0.195379, 1.449750
0.644005, 0.710790, -0.282906, 1.443937
0.709911, 0.599106, -0.370268, 1.440698
0.759464, 0.469374, -0.450447, 1.440698
0.788983, 0.331232, -0.517485, 1.443937
0.799133, 0.195379, -0.568519, 1.449750
0.710790, 0.282906, -0.644005, 1.314977
0.599106, 0.370268, -0.709911, 1.171038
0.513375, 0.646578, -0.564254, 1.159708
0.646578, 0.564254, -0.513375, 1.301135
0.564254, 0.513375, -0.646578, 1.159708
-0.195379, -0.568519, -0.799133, 0.966092
-0.282906, -0.644005, -0.710790, 1.026887
-0.370268, -0.709911, -0.599106, 1.103531
-0.331232, -0.517485, -0.788983, 0.871075
-0.469374, -0.450447, -0.759464, 0.781425
-0.450447, -0.759464, -0.469374, 1.191499
-0.517485, -0.788983, -0.331232, 1.283974
-0.568519, -0.799133, -0.195379, 1.374153
-0.644005, -0.710790, -0.282906, 1.233187
-0.709911, -0.599106, -0.370268, 1.082214
-0.759464, -0.469374, -0.450447, 0.928412
-0.788983, -0.331232, -0.517485, 0.780176
-0.799133, -0.195379, -0.568519, 0.644945
-0.710790, -0.282906, -0.644005, 0.661644
-0.599106, -0.370268, -0.709911, 0.708308
-0.513375, -0.646578, -0.564254, 1.031683
-0.646578, -0.564254, -0.513375, 0.971267
-0.564254, -0.513375, -0.646578, 0.867707
0.195379, -0.568519, -0.799133, 1.188405
0.331232, -0.517485, -0.788983, 1.252685
0.469374, -0.450447, -0.759464, 1.327878
0.282906, -0.644005, -0.710790, 1.334010
0.370268, -0.709911, -0.599106, 1.490531
0.599106, -0.370268, -0.709911, 1.409744
0.710790, -0.282906, -0.644005, 1.492523
0.799133, -0.195379, -0.568519, 1.570796
0.788983, -0.331232, -0.517485, 1.649069
0.759464, -0.469374, -0.450447, 1.731849
0.709911, -0.599106, -0.370268, 1.813715
0.644005, -0.710790, -0.282906, 1.888907
0.568519, -0.799133, -0.195379, 1.953188
0.517485, -0.788983, -0.331232, 1.807583
0.450447, -0.759464, -0.469374, 1.651061
0.564254, -0.513375, -0.646578, 1.488380
0.646578, -0.564254, -0.513375, 1.653213
0.513375, -0.646578, -0.564254, 1.570796
-0.195379, -0.568519, 0.799133, 2.381112
-0.331232, -0.517485, 0.788983, 2.255698
-0.469374, -0.450447, 0.759464, 2.116392
-0.282906, -0.644005, 0.710790, 2.255698
-0.370268, -0.709911, 0.599106, 2.116392
-0.599106, -0.370268, 0.709911, 1.970555
-0.710790, -0.282906, 0.644005, 1.826616
-0.799133, -0.195379, 0.568519, 1.691842
-0.788983, -0.331232, 0.517485, 1.697656
-0.759464, -0.469374, 0.450447, 1.700895
-0.709911, -0.599106, 0.370268, 1.700895
-0.644005, -0.710790, 0.282906, 1.697656
-0.568519, -0.799133, 0.195379, 1.691842
-0.517485, -0.788983, 0.331232, 1.826616
-0.450447, -0.759464, 0.469374, 1.970555
-0.564254, -0.513375, 0.646578, 1.981884
-0.646578, -0.564254, 0.513375, 1.840457
-0.513375, -0.646578, 0.564254, 1.981884
0.195379, -0.568519, 0.799133, 2.738579
0.282906, -0.644005, 0.710790, 2.727551
0.370268, -0.709911, 0.599106, 2.666381
0.331232, -0.517485, 0.788983, 2.871808
0.469374, -0.450447, 0.759464, 2.988486
0.450447, -0.759464, 0.469374, 2.567421
0.517485, -0.788983, 0.331232, 2.450459
0.568519, -0.799133, 0.195379, 2.331277
0.644005, -0.710790, 0.282906, 2.450459
0.709911, -0.599106, 0.370268, 2.567421
0.759464, -0.469374, 0.450447, 2.666381
0.788983, -0.331232, 0.517485, 2.727551
0.799133, -0.195379, 0.568519, 2.738579
0.710790, -0.282906, 0.644005, 2.871808
0.599106, -0.370268, 0.709911, 2.988486
0.513375, -0.646578, 0.564254, 2.721332
0.646578, -0.564254, 0.513375, 2.721332
0.564254, -0.513375, 0.646578, 2.871932

graph:
0, 162, 0.119459
0, 163, 0.119459
0, 274, 0.119459
0, 275, 0.119459
0, 304, 0.119459
1, 192, 0.119459
1, 193, 0.119459
1, 218, 0.119459
1, 219, 0.119459
1, 248, 0.119459
2, 240, 0.119459
2, 241, 0.119459
2, 258, 0.119459
2, 330, 0.119459
2, 331, 0.119459
3, 175, 0.119459
3, 176, 0.119459
3, 211, 0.119459
3, 386, 0.119459
3, 387, 0.119459
4, 343, 0.119459
4, 344, 0.119459
4, 379, 0.119459
4, 416, 0.119459
4, 417, 0.119459
5, 184, 0.119459
5, 185, 0.119459
5, 205, 0.119459
5, 442, 0.119459
5, 443, 0.119459
6, 352, 0.119459
6, 353, 0.119459
6, 373, 0.119459
6, 472, 0.119459
6, 473, 0.119459
7, 296, 0.119459
7, 297, 0.119459
7, 314, 0.119459
7, 360, 0.119459
7, 361, 0.119459
8, 266, 0.119459
8, 267, 0.119459
8, 455, 0.119459
8, 456, 0.119459
8, 491, 0.119459
9, 231, 0.119459
9, 232, 0.119459
9, 408, 0.119459
9, 409, 0.119459
9, 429, 0.119459
10, 322, 0.119459
10, 323, 0.119459
10, 399, 0.119459
10, 400, 0.119459
10, 435, 0.119459
11, 287, 0.119459
11, 288, 0.119459
11, 464, 0.119459
11, 465, 0.119459
11, 485, 0.119459
12, 169, 0.152957
12, 170, 0.153146
12, 187, 0.153146
12, 188, 0.152957
12, 554, 0.152957
12, 557, 0.152957
13, 166, 0.153146
13, 167, 0.152957
13, 171, 0.152957
13, 172, 0.153146
13, 538, 0.152957
13, 548, 0.152957
14, 178, 0.153146
14, 179, 0.152957
14, 180, 0.152957
14, 181, 0.153146
14, 207, 0.152957
14, 208, 0.152957
15, 199, 0.152957
15, 200, 0.153146
15, 213, 0.153146
15, 214, 0.152957
15, 500, 0.152957
15, 503, 0.152957
16, 196, 0.153146
16, 197, 0.152957
16, 201, 0.152957
16, 202, 0.153146
16, 520, 0.152957
16, 530, 0.152957
17, 225, 0.152957
17, 226, 0.153146
17, 243, 0.153146
17, 244, 0.152957
17, 251, 0.152957
17, 255, 0.152957
18, 222, 0.153146
18, 223, 0.152957
18, 227, 0.152957
18, 228, 0.153146
18, 502, 0.152957
18, 512, 0.152957
19, 234, 0.153146
19, 235, 0.152957
19, 236, 0.152957
19, 237, 0.153146
19, 608, 0.152957
19, 611, 0.152957
20, 253, 0.152957
20, 254, 0.153146
20, 269, 0.153146
20, 270, 0.152957
20, 518, 0.152957
20, 521, 0.152957
21, 260, 0.153146
21, 261, 0.152957
21, 262, 0.152957
21, 263, 0.153146
21, 628, 0.152957
21, 638, 0.152957
22, 281, 0.152957
22, 282, 0.153146
22, 299, 0.153146
22, 300, 0.152957
22, 307, 0.152957
22, 311, 0.152957
23, 278, 0.153146
23, 279, 0.152957
23, 283, 0.152957
23, 284, 0.153146
23, 556, 0.152957
23, 566, 0.152957
24, 290, 0.153146
24, 291, 0.152957
24, 292, 0.152957
24, 293, 0.153146
24, 590, 0.152957
24, 593, 0.152957
25, 309, 0.152957
25, 310, 0.153146
25, 325, 0.153146
25, 326, 0.152957
25, 536, 0.152957
25, 539, 0.152957
26, 316, 0.153146
26, 317, 0.152957
26, 318, 0.152957
26, 319, 0.153146
26, 574, 0.152957
26, 584, 0.152957
27, 337, 0.152957
27, 338, 0.153146
27, 355, 0.153146
27, 356, 0.152957
27, 626, 0.152957
27, 629, 0.152957
28, 334, 0.153146
28, 335, 0.152957
28, 339, 0.152957
28, 340, 0.153146
28, 610, 0.152957
28, 620, 0.152957
29, 346, 0.153146
29, 347, 0.152957
29, 348, 0.152957
29, 349, 0.153146
29, 375, 0.152957
29, 376, 0.152957
30, 367, 0.152957
30, 368, 0.153146
30, 381, 0.153146
30, 382, 0.152957
30, 572, 0.152957
30, 575, 0.152957
31, 364, 0.153146
31, 365, 0.152957
31, 369, 0.152957
31, 370, 0.153146
31, 592, 0.152957
31, 602, 0.152957
32, 393, 0.152957
32, 394, 0.153146
32, 411, 0.153146
32, 412, 0.152957
32, 507, 0.152957
32, 508, 0.152957
33, 390, 0.153146
33, 391, 0.152957
33, 395, 0.152957
33, 396, 0.153146
33, 543, 0.152957
33, 544, 0.152957
34, 402, 0.153146
34, 403, 0.152957
34, 404, 0.152957
34, 405, 0.153146
34, 431, 0.152957
34, 432, 0.152957
35, 423, 0.152957
35, 424, 0.153146
35, 437, 0.153146
35, 438, 0.152957
35, 579, 0.152957
35, 580, 0.152957
36, 420, 0.153146
36, 421, 0.152957
36, 425, 0.152957
36, 426, 0.153146
36, 615, 0.152957
36, 616, 0.152957
37, 449, 0.152957
37, 450, 0.153146
37, 467, 0.153146
37, 468, 0.152957
37, 561, 0.152957
37, 562, 0.152957
38, 446, 0.153146
38, 447, 0.152957
38, 451, 0.152957
38, 452, 0.153146
38, 525, 0.152957
38, 526, 0.152957
39, 458, 0.153146
39, 459, 0.152957
39, 460, 0.152957
39, 461, 0.153146
39, 487, 0.152957
39, 488, 0.152957
40, 479, 0.152957
40, 480, 0.153146
40, 493, 0.153146
40, 494, 0.152957
40, 633, 0.152957
40, 634, 0.152957
41, 476, 0.153146
41, 477, 0.152957
41, 481, 0.152957
41, 482, 0.153146
41, 597, 0.152957
41, 598, 0.152957
42, 162, 0.134235
42, 164, 0.148027
42, 168, 0.140562
42, 170, 0.146282
42, 552, 0.148027
42, 553, 0.140562
43, 163, 0.134235
43, 164, 0.148027
43, 165, 0.140562
43, 166, 0.146282
43, 534, 0.148027
43, 537, 0.140562
44, 165, 0.154773
44, 167, 0.160879
44, 168, 0.154773
44, 169, 0.160879
44, 189, 0.163002
44, 191, 0.163002
45, 171, 0.160879
45, 173, 0.154773
45, 177, 0.154773
45, 179, 0.160879
45, 189, 0.163002
45, 190, 0.163002
46, 172, 0.146282
46, 173, 0.140562
46, 174, 0.148027
46, 175, 0.134235
46, 546, 0.148027
46, 547, 0.140562
47, 174, 0.148027
47, 176, 0.134235
47, 177, 0.140562
47, 178, 0.146282
47, 209, 0.140562
47, 210, 0.148027
48, 180, 0.160879
48, 182, 0.154773
48, 186, 0.154773
48, 188, 0.160879
48, 190, 0.163002
48, 191, 0.163002
49, 181, 0.146282
49, 182, 0.140562
49, 183, 0.148027
49, 184, 0.134235
49, 204, 0.148027
49, 206, 0.140562
50, 183, 0.148027
50, 185, 0.134235
50, 186, 0.140562
50, 187, 0.146282
50, 558, 0.140562
50, 559, 0.148027
51, 192, 0.134235
51, 194, 0.148027
51, 198, 0.140562
51, 200, 0.146282
51, 498, 0.148027
51, 499, 0.140562
52, 193, 0.134235
52, 194, 0.148027
52, 195, 0.140562
52, 196, 0.146282
52, 516, 0.148027
52, 519, 0.140562
53, 195, 0.154773
53, 197, 0.160879
53, 198, 0.154773
53, 199, 0.160879
53, 215, 0.163002
53, 217, 0.163002
54, 201, 0.160879
54, 203, 0.154773
54, 206, 0.154773
54, 207, 0.160879
54, 215, 0.163002
54, 216, 0.163002
55, 202, 0.146282
55, 203, 0.140562
55, 204, 0.148027
55, 205, 0.134235
55, 528, 0.148027
55, 529, 0.140562
56, 208, 0.160879
56, 209, 0.154773
56, 212, 0.154773
56, 214, 0.160879
56, 216, 0.163002
56, 217, 0.163002
57, 210, 0.148027
57, 211, 0.134235
57, 212, 0.140562
57, 213, 0.146282
57, 504, 0.140562
57, 505, 0.148027
58, 218, 0.134235
58, 220, 0.148027
58, 224, 0.140562
58, 226, 0.146282
58, 249, 0.148027
58, 250, 0.140562
59, 219, 0.134235
59, 220, 0.148027
59, 221, 0.140562
59, 222, 0.146282
59, 498, 0.148027
59, 501, 0.140562
60, 221, 0.154773
60, 223, 0.160879
60, 224, 0.154773
60, 225, 0.160879
60, 245, 0.163002
60, 247, 0.163002
61, 227, 0.160879
61, 229, 0.154773
61, 233, 0.154773
61, 235, 0.160879
61, 245, 0.163002
61, 246, 0.163002
62, 228, 0.146282
62, 229, 0.140562
62, 230, 0.148027
62, 231, 0.134235
62, 510, 0.148027
62, 511, 0.140562
63, 230, 0.148027
63, 232, 0.134235
63, 233, 0.140562
63, 234, 0.146282
63, 612, 0.140562
63, 613, 0.148027
64, 236, 0.160879
64, 238, 0.154773
64, 242, 0.154773
64, 244, 0.160879
64, 246, 0.163002
64, 247, 0.163002
65, 237, 0.146282
65, 238, 0.140562
65, 239, 0.148027
65, 240, 0.134235
65, 606, 0.148027
65, 607, 0.140562
66, 239, 0.148027
66, 241, 0.134235
66, 242, 0.140562
66, 243, 0.146282
66, 256, 0.140562
66, 257, 0.148027
67, 248, 0.134235
67, 249, 0.148027
67, 252, 0.140562
67, 254, 0.146282
67, 516, 0.148027
67, 517, 0.140562
68, 250, 0.154773
68, 251, 0.160879
68, 252, 0.154773
68, 253, 0.160879
68, 271, 0.163002
68, 273, 0.163002
69, 255, 0.160879
69, 256, 0.154773
69, 259, 0.154773
69, 261, 0.160879
69, 271, 0.163002
69, 272, 0.163002
70, 257, 0.148027
70, 258, 0.134235
70, 259, 0.140562
70, 260, 0.146282
70, 624, 0.148027
70, 627, 0.140562
71, 262, 0.160879
71, 264, 0.154773
71, 268, 0.154773
71, 270, 0.160879
71, 272, 0.163002
71, 273, 0.163002
72, 263, 0.146282
72, 264, 0.140562
72, 265, 0.148027
72, 266, 0.134235
72, 636, 0.148027
72, 637, 0.140562
73, 265, 0.148027
73, 267, 0.134235
73, 268, 0.140562
73, 269, 0.146282
73, 522, 0.140562
73, 523, 0.148027
74, 274, 0.134235
74, 276, 0.148027
74, 280, 0.140562
74, 282, 0.146282
74, 305, 0.148027
74, 306, 0.140562
75, 275, 0.134235
75, 276, 0.148027
75, 277, 0.140562
75, 278, 0.146282
75, 552, 0.148027
75, 555, 0.140562
76, 277, 0.154773
76, 279, 0.160879
76, 280, 0.154773
76, 281, 0.160879
76, 301, 0.163002
76, 303, 0.163002
77, 283, 0.160879
77, 285, 0.154773
77, 289, 0.154773
77, 291, 0.160879
77, 301, 0.163002
77, 302, 0.163002
78, 284, 0.146282
78, 285, 0.140562
78, 286, 0.148027
78, 287, 0.134235
78, 564, 0.148027
78, 565, 0.140562
79, 286, 0.148027
79, 288, 0.134235
79, 289, 0.140562
79, 290, 0.146282
79, 594, 0.140562
79, 595, 0.148027
80, 292, 0.160879
80, 294, 0.154773
80, 298, 0.154773
80, 300, 0.160879
80, 302, 0.163002
80, 303, 0.163002
81, 293, 0.146282
81, 294, 0.140562
81, 295, 0.148027
81, 296, 0.134235
81, 588, 0.148027
81, 589, 0.140562
82, 295, 0.148027
82, 297, 0.134235
82, 298, 0.140562
82, 299, 0.146282
82, 312, 0.140562
82, 313, 0.148027
83, 304, 0.134235
83, 305, 0.148027
83, 308, 0.140562
83, 310, 0.146282
83, 534, 0.148027
83, 535, 0.140562
84, 306, 0.154773
84, 307, 0.160879
84, 308, 0.154773
84, 309, 0.160879
84, 327, 0.163002
84, 329, 0.163002
85, 311, 0.160879
85, 312, 0.154773
85, 315, 0.154773
85, 317, 0.160879
85, 327, 0.163002
85, 328, 0.163002
86, 313, 0.148027
86, 314, 0.134235
86, 315, 0.140562
86, 316, 0.146282
86, 570, 0.148027
86, 573, 0.140562
87, 318, 0.160879
87, 320, 0.154773
87, 324, 0.154773
87, 326, 0.160879
87, 328, 0.163002
87, 329, 0.163002
88, 319, 0.146282
88, 320, 0.140562
88, 321, 0.148027
88, 322, 0.134235
88, 582, 0.148027
88, 583, 0.140562
89, 321, 0.148027
89, 323, 0.134235
89, 324, 0.140562
89, 325, 0.146282
89, 540, 0.140562
89, 541, 0.148027
90, 330, 0.134235
90, 332, 0.148027
90, 336, 0.140562
90, 338, 0.146282
90, 624, 0.148027
90, 625, 0.140562
91, 331, 0.134235
91, 332, 0.148027
91, 333, 0.140562
91, 334, 0.146282
91, 606, 0.148027
91, 609, 0.140562
92, 333, 0.154773
92, 335, 0.160879
92, 336, 0.154773
92, 337, 0.160879
92, 357, 0.163002
92, 359, 0.163002
93, 339, 0.160879
93, 341, 0.154773
93, 345, 0.154773
93, 347, 0.160879
93, 357, 0.163002
93, 358, 0.163002
94, 340, 0.146282
94, 341, 0.140562
94, 342, 0.148027
94, 343, 0.134235
94, 618, 0.148027
94, 619, 0.140562
95, 342, 0.148027
95, 344, 0.134235
95, 345, 0.140562
95, 346, 0.146282
95, 377, 0.140562
95, 378, 0.148027
96, 348, 0.160879
96, 350, 0.154773
96, 354, 0.154773
96, 356, 0.160879
96, 358, 0.163002
96, 359, 0.163002
97, 349, 0.146282
97, 350, 0.140562
97, 351, 0.148027
97, 352, 0.134235
97, 372, 0.148027
97, 374, 0.140562
98, 351, 0.148027
98, 353, 0.134235
98, 354, 0.140562
98, 355, 0.146282
98, 630, 0.140562
98, 631, 0.148027
99, 360, 0.134235
99, 362, 0.148027
99, 366, 0.140562
99, 368, 0.146282
99, 570, 0.148027
99, 571, 0.140562
100, 361, 0.134235
100, 362, 0.148027
100, 363, 0.140562
100, 364, 0.146282
100, 588, 0.148027
100, 591, 0.140562
101, 363, 0.154773
101, 365, 0.160879
101, 366, 0.154773
101, 367, 0.160879
101, 383, 0.163002
101, 385, 0.163002
102, 369, 0.160879
102, 371, 0.154773
102, 374, 0.154773
102, 375, 0.160879
102, 383, 0.163002
102, 384, 0.163002
103, 370, 0.146282
103, 371, 0.140562
103, 372, 0.148027
103, 373, 0.134235
103, 600, 0.148027
103, 601, 0.140562
104, 376, 0.160879
104, 377, 0.154773
104, 380, 0.154773
104, 382, 0.160879
104, 384, 0.163002
104, 385, 0.163002
105, 378, 0.148027
105, 379, 0.134235
105, 380, 0.140562
105, 381, 0.146282
105, 576, 0.140562
105, 577, 0.148027
106, 386, 0.134235
106, 388, 0.148027
106, 392, 0.140562
106, 394, 0.146282
106, 505, 0.148027
106, 506, 0.140562
107, 387, 0.134235
107, 388, 0.148027
107, 389, 0.140562
107, 390, 0.146282
107, 545, 0.140562
107, 546, 0.148027
108, 389, 0.154773
108, 391, 0.160879
108, 392, 0.154773
108, 393, 0.160879
108, 413, 0.163002
108, 415, 0.163002
109, 395, 0.160879
109, 397, 0.154773
109, 401, 0.154773
109, 403, 0.160879
109, 413, 0.163002
109, 414, 0.163002
110, 396, 0.146282
110, 397, 0.140562
110, 398, 0.148027
110, 399, 0.134235
110, 541, 0.148027
110, 542, 0.140562
111, 398, 0.148027
111, 400, 0.134235
111, 401, 0.140562
111, 402, 0.146282
111, 433, 0.140562
111, 434, 0.148027
112, 404, 0.160879
112, 406, 0.154773
112, 410, 0.154773
112, 412, 0.160879
112, 414, 0.163002
112, 415, 0.163002
113, 405, 0.146282
113, 406, 0.140562
113, 407, 0.148027
113, 408, 0.134235
113, 428, 0.148027
113, 430, 0.140562
114, 407, 0.148027
114, 409, 0.134235
114, 410, 0.140562
114, 411, 0.146282
114, 509, 0.140562
114, 510, 0.148027
115, 416, 0.134235
115, 418, 0.148027
115, 422, 0.140562
115, 424, 0.146282
115, 577, 0.148027
115, 578, 0.140562
116, 417, 0.134235
116, 418, 0.148027
116, 419, 0.140562
116, 420, 0.146282
116, 617, 0.140562
116, 618, 0.148027
117, 419, 0.154773
117, 421, 0.160879
117, 422, 0.154773
117, 423, 0.160879
117, 439, 0.163002
117, 441, 0.163002
118, 425, 0.160879
118, 427, 0.154773
118, 430, 0.154773
118, 431, 0.160879
118, 439, 0.163002
118, 440, 0.163002
119, 426, 0.146282
119, 427, 0.140562
119, 428, 0.148027
119, 429, 0.134235
119, 613, 0.148027
119, 614, 0.140562
120, 432, 0.160879
120, 433, 0.154773
120, 436, 0.154773
120, 438, 0.160879
120, 440, 0.163002
120, 441, 0.163002
121, 434, 0.148027
121, 435, 0.134235
121, 436, 0.140562
121, 437, 0.146282
121, 581, 0.140562
121, 582, 0.148027
122, 442, 0.134235
122, 444, 0.148027
122, 448, 0.140562
122, 450, 0.146282
122, 559, 0.148027
122, 560, 0.140562
123, 443, 0.134235
123, 444, 0.148027
123, 445, 0.140562
123, 446, 0.146282
123, 527, 0.140562
123, 528, 0.148027
124, 445, 0.154773
124, 447, 0.160879
124, 448, 0.154773
124, 449, 0.160879
124, 469, 0.163002
124, 471, 0.163002
125, 451, 0.160879
125, 453, 0.154773
125, 457, 0.154773
125, 459, 0.160879
125, 469, 0.163002
125, 470, 0.163002
126, 452, 0.146282
126, 453, 0.140562
126, 454, 0.148027
126, 455, 0.134235
126, 523, 0.148027
126, 524, 0.140562
127, 454, 0.148027
127, 456, 0.134235
127, 457, 0.140562
127, 458, 0.146282
127, 489, 0.140562
127, 490, 0.148027
128, 460, 0.160879
128, 462, 0.154773
128, 466, 0.154773
128, 468, 0.160879
128, 470, 0.163002
128, 471, 0.163002
129, 461, 0.146282
129, 462, 0.140562
129, 463, 0.148027
129, 464, 0.134235
129, 484, 0.148027
129, 486, 0.140562
130, 463, 0.148027
130, 465, 0.134235
130, 466, 0.140562
130, 467, 0.146282
130, 563, 0.140562
130, 564, 0.148027
131, 472, 0.134235
131, 474, 0.148027
131, 478, 0.140562
131, 480, 0.146282
131, 631, 0.148027
131, 632, 0.140562
132, 473, 0.134235
132, 474, 0.148027
132, 475, 0.140562
132, 476, 0.146282
132, 599, 0.140562
132, 600, 0.148027
133, 475, 0.154773
133, 477, 0.160879
133, 478, 0.154773
133, 479, 0.160879
133, 495, 0.163002
133, 497, 0.163002
134, 481, 0.160879
134, 483, 0.154773
134, 486, 0.154773
134, 487, 0.160879
134, 495, 0.163002
134, 496, 0.163002
135, 482, 0.146282
135, 483, 0.140562
135, 484, 0.148027
135, 485, 0.134235
135, 595, 0.148027
135, 596, 0.140562
136, 488, 0.160879
136, 489, 0.154773
136, 492, 0.154773
136, 494, 0.160879
136, 496, 0.163002
136, 497, 0.163002
137, 490, 0.148027
137, 491, 0.134235
137, 492, 0.140562
137, 493, 0.146282
137, 635, 0.140562
137, 636, 0.148027
138, 499, 0.154773
138, 500, 0.160879
138, 501, 0.154773
138, 502, 0.160879
138, 513, 0.163002
138, 515, 0.163002
139, 503, 0.160879
139, 504, 0.154773
139, 506, 0.154773
139, 507, 0.160879
139, 513, 0.163002
139, 514, 0.163002
140, 508, 0.160879
140, 509, 0.154773
140, 511, 0.154773
140, 512, 0.160879
140, 514, 0.163002
140, 515, 0.163002
141, 517, 0.154773
141, 518, 0.160879
141, 519, 0.154773
141, 520, 0.160879
141, 531, 0.163002
141, 533, 0.163002
142, 521, 0.160879
142, 522, 0.154773
142, 524, 0.154773
142, 525, 0.160879
142, 531, 0.163002
142, 532, 0.163002
143, 526, 0.160879
143, 527, 0.154773
143, 529, 0.154773
143, 530, 0.160879
143, 532, 0.163002
143, 533, 0.163002
144, 535, 0.154773
144, 536, 0.160879
144, 537, 0.154773
144, 538, 0.160879
144, 549, 0.163002
144, 551, 0.163002
145, 539, 0.160879
145, 540, 0.154773
145, 542, 0.154773
145, 543, 0.160879
145, 549, 0.163002
145, 550, 0.163002
146, 544, 0.160879
146, 545, 0.154773
146, 547, 0.154773
146, 548, 0.160879
146, 550, 0.163002
146, 551, 0.163002
147, 553, 0.154773
147, 554, 0.160879
147, 555, 0.154773
147, 556, 0.160879
147, 567, 0.163002
147, 569, 0.163002
148, 557, 0.160879
148, 558, 0.154773
148, 560, 0.154773
148, 561, 0.160879
148, 567, 0.163002
148, 568, 0.163002
149, 562, 0.160879
149, 563, 0.154773
149, 565, 0.154773
149, 566, 0.160879
149, 568, 0.163002
149, 569, 0.163002
150, 571, 0.154773
150, 572, 0.160879
150, 573, 0.154773
150, 574, 0.160879
150, 585, 0.163002
150, 587, 0.163002
151, 575, 0.160879
151, 576, 0.154773
151, 578, 0.154773
151, 579, 0.160879
151, 585, 0.163002
151, 586, 0.163002
152, 580, 0.160879
152, 581, 0.154773
152, 583, 0.154773
152, 584, 0.160879
152, 586, 0.163002
152, 587, 0.163002
153, 589, 0.154773
153, 590, 0.160879
153, 591, 0.154773
153, 592, 0.160879
153, 603, 0.163002
153, 605, 0.163002
154, 593, 0.160879
154, 594, 0.154773
154, 596, 0.154773
154, 597, 0.160879
154, 603, 0.163002
154, 604, 0.163002
155, 598, 0.160879
155, 599, 0.154773
155, 601, 0.154773
155, 602, 0.160879
155, 604, 0.163002
155, 605, 0.163002
156, 607, 0.154773
156, 608, 0.160879
156, 609, 0.154773
156, 610, 0.160879
156, 621, 0.163002
156, 623, 0.163002
157, 611, 0.160879
157, 612, 0.154773
157, 614, 0.154773
157, 615, 0.160879
157, 621, 0.163002
157, 622, 0.163002
158, 616, 0.160879
158, 617, 0.154773
158, 619, 0.154773
158, 620, 0.160879
158, 622, 0.163002
158, 623, 0.163002
159, 625, 0.154773
159, 626, 0.160879
159, 627, 0.154773
159, 628, 0.160879
159, 639, 0.163002
159, 641, 0.163002
160, 629, 0.160879
160, 630, 0.154773
160, 632, 0.154773
160, 633, 0.160879
160, 639, 0.163002
160, 640, 0.163002
161, 634, 0.160879
161, 635, 0.154773
161, 637, 0.154773
161, 638, 0.160879
161, 640, 0.163002
161, 641, 0.163002
162, 163, 0.140181
162, 164, 0.130334
162, 275, 0.140181
162, 552, 0.130334
163, 164, 0.130334
163, 304, 0.140181
163, 534, 0.130334
164, 165, 0.145477
164, 168, 0.145477
165, 166, 0.152675
165, 167, 0.156362
165, 168, 0.156386
166, 167, 0.148624
166, 537, 0.152675
166, 538, 0.148624
167, 171, 0.160357
167, 189, 0.160329
168, 169, 0.156362
168, 170, 0.152675
169, 170, 0.148624
169, 188, 0.160357
169, 191, 0.160329
170, 553, 0.152675
170, 554, 0.148624
171, 172, 0.148624
171, 173, 0.156362
171, 189, 0.160329
172, 173, 0.152675
172, 547, 0.152675
172, 548, 0.148624
173, 174, 0.145477
173, 177, 0.156386
174, 175, 0.130334
174, 176, 0.130334
174, 177, 0.145477
175, 176, 0.140181
175, 387, 0.140181
175, 546, 0.130334
176, 210, 0.130334
176, 211, 0.140181
177, 178, 0.152675
177, 179, 0.156362
178, 179, 0.148624
178, 208, 0.148624
178, 209, 0.152675
179, 180, 0.160357
179, 190, 0.160329
180, 181, 0.148624
180, 182, 0.156362
180, 190, 0.160329
181, 182, 0.152675
181, 206, 0.152675
181, 207, 0.148624
182, 183, 0.145477
182, 186, 0.156386
183, 184, 0.130334
183, 185, 0.130334
183, 186, 0.145477
184, 185, 0.140181
184, 204, 0.130334
184, 205, 0.140181
185, 442, 0.140181
185, 559, 0.130334
186, 187, 0.152675
186, 188, 0.156362
187, 188, 0.148624
187, 557, 0.148624
187, 558, 0.152675
188, 191, 0.160329
189, 190, 0.164647
189, 191, 0.164647
190, 191, 0.164647
192, 193, 0.140181
192, 194, 0.130334
192, 219, 0.140181
192, 498, 0.130334
193, 194, 0.130334
193, 248, 0.140181
193, 516, 0.130334
194, 195, 0.145477
194, 198, 0.145477
195, 196, 0.152675
195, 197, 0.156362
195, 198, 0.156386
196, 197, 0.148624
196, 519, 0.152675
196, 520, 0.148624
197, 201, 0.160357
197, 215, 0.160329
198, 199, 0.156362
198, 200, 0.152675
199, 200, 0.148624
199, 214, 0.160357
199, 217, 0.160329
200, 499, 0.152675
200, 500, 0.148624
201, 202, 0.148624
201, 203, 0.156362
201, 215, 0.160329
202, 203, 0.152675
202, 529, 0.152675
202, 530, 0.148624
203, 204, 0.145477
203, 206, 0.156386
204, 205, 0.130334
204, 206, 0.145477
205, 443, 0.140181
205, 528, 0.130334
206, 207, 0.156362
207, 208, 0.160357
207, 216, 0.160329
208, 209, 0.156362
208, 216, 0.160329
209, 210, 0.145477
209, 212, 0.156386
210, 211, 0.130334
210, 212, 0.145477
211, 386, 0.140181
211, 505, 0.130334
212, 213, 0.152675
212, 214, 0.156362
213, 214, 0.148624
213, 503, 0.148624
213, 504, 0.152675
214, 217, 0.160329
215, 216, 0.164647
215, 217, 0.164647
216, 217, 0.164647
218, 219, 0.140181
218, 220, 0.130334
218, 248, 0.140181
218, 249, 0.130334
219, 220, 0.130334
219, 498, 0.130334
220, 221, 0.145477
220, 224, 0.145477
221, 222, 0.152675
221, 223, 0.156362
221, 224, 0.156386
222, 223, 0.148624
222, 501, 0.152675
222, 502, 0.148624
223, 227, 0.160357
223, 245, 0.160329
224, 225, 0.156362
224, 226, 0.152675
225, 226, 0.148624
225, 244, 0.160357
225, 247, 0.160329
226, 250, 0.152675
226, 251, 0.148624
227, 228, 0.148624
227, 229, 0.156362
227, 245, 0.160329
228, 229, 0.152675
228, 511, 0.152675
228, 512, 0.148624
229, 230, 0.145477
229, 233, 0.156386
230, 231, 0.130334
230, 232, 0.130334
230, 233, 0.145477
231, 232, 0.140181
231, 409, 0.140181
231, 510, 0.130334
232, 429, 0.140181
232, 613, 0.130334
233, 234, 0.152675
233, 235, 0.156362
234, 235, 0.148624
234, 611, 0.148624
234, 612, 0.152675
235, 236, 0.160357
235, 246, 0.160329
236, 237, 0.148624
236, 238, 0.156362
236, 246, 0.160329
237, 238, 0.152675
237, 607, 0.152675
237, 608, 0.148624
238, 239, 0.145477
238, 242, 0.156386
239, 240, 0.130334
239, 241, 0.130334
239, 242, 0.145477
240, 241, 0.140181
240, 331, 0.140181
240, 606, 0.130334
241, 257, 0.130334
241, 258, 0.140181
242, 243, 0.152675
242, 244, 0.156362
243, 244, 0.148624
243, 255, 0.148624
243, 256, 0.152675
244, 247, 0.160329
245, 246, 0.164647
245, 247, 0.164647
246, 247, 0.164647
248, 249, 0.130334
248, 516, 0.130334
249, 250, 0.145477
249, 252, 0.145477
250, 251, 0.156362
250, 252, 0.156386
251, 255, 0.160357
251, 271, 0.160329
252, 253, 0.156362
252, 254, 0.152675
253, 254, 0.148624
253, 270, 0.160357
253, 273, 0.160329
254, 517, 0.152675
254, 518, 0.148624
255, 256, 0.156362
255, 271, 0.160329
256, 257, 0.145477
256, 259, 0.156386
257, 258, 0.130334
257, 259, 0.145477
258, 330, 0.140181
258, 624, 0.130334
259, 260, 0.152675
259, 261, 0.156362
260, 261, 0.148624
260, 627, 0.152675
260, 628, 0.148624
261, 262, 0.160357
261, 272, 0.160329
262, 263, 0.148624
262, 264, 0.156362
262, 272, 0.160329
263, 264, 0.152675
263, 637, 0.152675
263, 638, 0.148624
264, 265, 0.145477
264, 268, 0.156386
265, 266, 0.130334
265, 267, 0.130334
265, 268, 0.145477
266, 267, 0.140181
266, 491, 0.140181
266, 636, 0.130334
267, 455, 0.140181
267, 523, 0.130334
268, 269, 0.152675
268, 270, 0.156362
269, 270, 0.148624
269, 521, 0.148624
269, 522, 0.152675
270, 273, 0.160329
271, 272, 0.164647
271, 273, 0.164647
272, 273, 0.164647
274, 275, 0.140181
274, 276, 0.130334
274, 304, 0.140181
274, 305, 0.130334
275, 276, 0.130334
275, 552, 0.130334
276, 277, 0.145477
276, 280, 0.145477
277, 278, 0.152675
277, 279, 0.156362
277, 280, 0.156386
278, 279, 0.148624
278, 555, 0.152675
278, 556, 0.148624
279, 283, 0.160357
279, 301, 0.160329
280, 281, 0.156362
280, 282, 0.152675
281, 282, 0.148624
281, 300, 0.160357
281, 303, 0.160329
282, 306, 0.152675
282, 307, 0.148624
283, 284, 0.148624
283, 285, 0.156362
283, 301, 0.160329
284, 285, 0.152675
284, 565, 0.152675
284, 566, 0.148624
285, 286, 0.145477
285, 289, 0.156386
286, 287, 0.130334
286, 288, 0.130334
286, 289, 0.145477
287, 288, 0.140181
287, 465, 0.140181
287, 564, 0.130334
288, 485, 0.140181
288, 595, 0.130334
289, 290, 0.152675
289, 291, 0.156362
290, 291, 0.148624
290, 593, 0.148624
290, 594, 0.152675
291, 292, 0.160357
291, 302, 0.160329
292, 293, 0.148624
292, 294, 0.156362
292, 302, 0.160329
293, 294, 0.152675
293, 589, 0.152675
293, 590, 0.148624
294, 295, 0.145477
294, 298, 0.156386
295, 296, 0.130334
295, 297, 0.130334
295, 298, 0.145477
296, 297, 0.140181
296, 361, 0.140181
296, 588, 0.130334
297, 313, 0.130334
297, 314, 0.140181
298, 299, 0.152675
298, 300, 0.156362
299, 300, 0.148624
299, 311, 0.148624
299, 312, 0.152675
300, 303, 0.160329
301, 302, 0.164647
301, 303, 0.164647
302, 303, 0.164647
304, 305, 0.130334
304, 534, 0.130334
305, 306, 0.145477
305, 308, 0.145477
306, 307, 0.156362
306, 308, 0.156386
307, 311, 0.160357
307, 327, 0.160329
308, 309, 0.156362
308, 310, 0.152675
309, 310, 0.148624
309, 326, 0.160357
309, 329, 0.160329
310, 535, 0.152675
310, 536, 0.148624
311, 312, 0.156362
311, 327, 0.160329
312, 313, 0.145477
312, 315, 0.156386
313, 314, 0.130334
313, 315, 0.145477
314, 360, 0.140181
314, 570, 0.130334
315, 316, 0.152675
315, 317, 0.156362
316, 317, 0.148624
316, 573, 0.152675
316, 574, 0.148624
317, 318, 0.160357
317, 328, 0.160329
318, 319, 0.148624
318, 320, 0.156362
318, 328, 0.160329
319, 320, 0.152675
319, 583, 0.152675
319, 584, 0.148624
320, 321, 0.145477
320, 324, 0.156386
321, 322, 0.130334
321, 323, 0.130334
321, 324, 0.145477
322, 323, 0.140181
322, 435, 0.140181
322, 582, 0.130334
323, 399, 0.140181
323, 541, 0.130334
324, 325, 0.152675
324, 326, 0.156362
325, 326, 0.148624
325, 539, 0.148624
325, 540, 0.152675
326, 329, 0.160329
327, 328, 0.164647
327, 329, 0.164647
328, 329, 0.164647
330, 331, 0.140181
330, 332, 0.130334
330, 624, 0.130334
331, 332, 0.130334
331, 606, 0.130334
332, 333, 0.145477
332, 336, 0.145477
333, 334, 0.152675
333, 335, 0.156362
333, 336, 0.156386
334, 335, 0.148624
334, 609, 0.152675
334, 610, 0.148624
335, 339, 0.160357
335, 357, 0.160329
336, 337, 0.156362
336, 338, 0.152675
337, 338, 0.148624
337, 356, 0.160357
337, 359, 0.160329
338, 625, 0.152675
338, 626, 0.148624
339, 340, 0.148624
339, 341, 0.156362
339, 357, 0.160329
340, 341, 0.152675
340, 619, 0.152675
340, 620, 0.148624
341, 342, 0.145477
341, 345, 0.156386
342, 343, 0.130334
342, 344, 0.130334
342, 345, 0.145477
343, 344, 0.140181
343, 417, 0.140181
343, 618, 0.130334
344, 378, 0.130334
344, 379, 0.140181
345, 346, 0.152675
345, 347, 0.156362
346, 347, 0.148624
346, 376, 0.148624
346, 377, 0.152675
347, 348, 0.160357
347, 358, 0.160329
348, 349, 0.148624
348, 350, 0.156362
348, 358, 0.160329
349, 350, 0.152675
349, 374, 0.152675
349, 375, 0.148624
350, 351, 0.145477
350, 354, 0.156386
351, 352, 0.130334
351, 353, 0.130334
351, 354, 0.145477
352, 353, 0.140181
352, 372, 0.130334
352, 373, 0.140181
353, 472, 0.140181
353, 631, 0.130334
354, 355, 0.152675
354, 356, 0.156362
355, 356, 0.148624
355, 629, 0.148624
355, 630, 0.152675
356, 359, 0.160329
357, 358, 0.164647
357, 359, 0.164647
358, 359, 0.164647
360, 361, 0.140181
360, 362, 0.130334
360, 570, 0.130334
361, 362, 0.130334
361, 588, 0.130334
362, 363, 0.145477
362, 366, 0.145477
363, 364, 0.152675
363, 365, 0.156362
363, 366, 0.156386
364, 365, 0.148624
364, 591, 0.152675
364, 592, 0.148624
365, 369, 0.160357
365, 383, 0.160329
366, 367, 0.156362
366, 368, 0.152675
367, 368, 0.148624
367, 382, 0.160357
367, 385, 0.160329
368, 571, 0.152675
368, 572, 0.148624
369, 370, 0.148624
369, 371, 0.156362
369, 383, 0.160329
370, 371, 0.152675
370, 601, 0.152675
370, 602, 0.148624
371, 372, 0.145477
371, 374, 0.156386
372, 373, 0.130334
372, 374, 0.145477
373, 473, 0.140181
373, 600, 0.130334
374, 375, 0.156362
375, 376, 0.160357
375, 384, 0.160329
376, 377, 0.156362
376, 384, 0.160329
377, 378, 0.145477
377, 380, 0.156386
378, 379, 0.130334
378, 380, 0.145477
379, 416, 0.140181
379, 577, 0.130334
380, 381, 0.152675
380, 382, 0.156362
381, 382, 0.148624
381, 575, 0.148624
381, 576, 0.152675
382, 385, 0.160329
383, 384, 0.164647
383, 385, 0.164647
384, 385, 0.164647
386, 387, 0.140181
386, 388, 0.130334
386, 505, 0.130334
387, 388, 0.130334
387, 546, 0.130334
388, 389, 0.145477
388, 392, 0.145477
389, 390, 0.152675
389, 391, 0.156362
389, 392, 0.156386
390, 391, 0.148624
390, 544, 0.148624
390, 545, 0.152675
391, 395, 0.160357
391, 413, 0.160329
392, 393, 0.156362
392, 394, 0.152675
393, 394, 0.148624
393, 412, 0.160357
393, 415, 0.160329
394, 506, 0.152675
394, 507, 0.148624
395, 396, 0.148624
395, 397, 0.156362
395, 413, 0.160329
396, 397, 0.152675
396, 542, 0.152675
396, 543, 0.148624
397, 398, 0.145477
397, 401, 0.156386
398, 399, 0.130334
398, 400, 0.130334
398, 401, 0.145477
399, 400, 0.140181
399, 541, 0.130334
400, 434, 0.130334
400, 435, 0.140181
401, 402, 0.152675
401, 403, 0.156362
402, 403, 0.148624
402, 432, 0.148624
402, 433, 0.152675
403, 404, 0.160357
403, 414, 0.160329
404, 405, 0.148624
404, 406, 0.156362
404, 414, 0.160329
405, 406, 0.152675
405, 430, 0.152675
405, 431, 0.148624
406, 407, 0.145477
406, 410, 0.156386
407, 408, 0.130334
407, 409, 0.130334
407, 410, 0.145477
408, 409, 0.140181
408, 428, 0.130334
408, 429, 0.140181
409, 510, 0.130334
410, 411, 0.152675
410, 412, 0.156362
411, 412, 0.148624
411, 508, 0.148624
411, 509, 0.152675
412, 415, 0.160329
413, 414, 0.164647
413, 415, 0.164647
414, 415, 0.164647
416, 417, 0.140181
416, 418, 0.130334
416, 577, 0.130334
417, 418, 0.130334
417, 618, 0.130334
418, 419, 0.145477
418, 422, 0.145477
419, 420, 0.152675
419, 421, 0.156362
419, 422, 0.156386
420, 421, 0.148624
420, 616, 0.148624
420, 617, 0.152675
421, 425, 0.160357
421, 439, 0.160329
422, 423, 0.156362
422, 424, 0.152675
423, 424, 0.148624
423, 438, 0.160357
423, 441, 0.160329
424, 578, 0.152675
424, 579, 0.148624
425, 426, 0.148624
425, 427, 0.156362
425, 439, 0.160329
426, 427, 0.152675
426, 614, 0.152675
426, 615, 0.148624
427, 428, 0.145477
427, 430, 0.156386
428, 429, 0.130334
428, 430, 0.145477
429, 613, 0.130334
430, 431, 0.156362
431, 432, 0.160357
431, 440, 0.160329
432, 433, 0.156362
432, 440, 0.160329
433, 434, 0.145477
433, 436, 0.156386
434, 435, 0.130334
434, 436, 0.145477
435, 582, 0.130334
436, 437, 0.152675
436, 438, 0.156362
437, 438, 0.148624
437, 580, 0.148624
437, 581, 0.152675
438, 441, 0.160329
439, 440, 0.164647
439, 441, 0.164647
440, 441, 0.164647
442, 443, 0.140181
442, 444, 0.130334
442, 559, 0.130334
443, 444, 0.130334
443, 528, 0.130334
444, 445, 0.145477
444, 448, 0.145477
445, 446, 0.152675
445, 447, 0.156362
445, 448, 0.156386
446, 447, 0.148624
446, 526, 0.148624
446, 527, 0.152675
447, 451, 0.160357
447, 469, 0.160329
448, 449, 0.156362
448, 450, 0.152675
449, 450, 0.148624
449, 468, 0.160357
449, 471, 0.160329
450, 560, 0.152675
450, 561, 0.148624
451, 452, 0.148624
451, 453, 0.156362
451, 469, 0.160329
452, 453, 0.152675
452, 524, 0.152675
452, 525, 0.148624
453, 454, 0.145477
453, 457, 0.156386
454, 455, 0.130334
454, 456, 0.130334
454, 457, 0.145477
455, 456, 0.140181
455, 523, 0.130334
456, 490, 0.130334
456, 491, 0.140181
457, 458, 0.152675
457, 459, 0.156362
458, 459, 0.148624
458, 488, 0.148624
458, 489, 0.152675
459, 460, 0.160357
459, 470, 0.160329
460, 461, 0.148624
460, 462, 0.156362
460, 470, 0.160329
461, 462, 0.152675
461, 486, 0.152675
461, 487, 0.148624
462, 463, 0.145477
462, 466, 0.156386
463, 464, 0.130334
463, 465, 0.130334
463, 466, 0.145477
464, 465, 0.140181
464, 484, 0.130334
464, 485, 0.140181
465, 564, 0.130334
466, 467, 0.152675
466, 468, 0.156362
467, 468, 0.148624
467, 562, 0.148624
467, 563, 0.152675
468, 471, 0.160329
469, 470, 0.164647
469, 471, 0.164647
470, 471, 0.164647
472, 473, 0.140181
472, 474, 0.130334
472, 631, 0.130334
473, 474, 0.130334
473, 600, 0.130334
474, 475, 0.145477
474, 478, 0.145477
475, 476, 0.152675
475, 477, 0.156362
475, 478, 0.156386
476, 477, 0.148624
476, 598, 0.148624
476, 599, 0.152675
477, 481, 0.160357
477, 495, 0.160329
478, 479, 0.156362
478, 480, 0.152675
479, 480, 0.148624
479, 494, 0.160357
479, 497, 0.160329
480, 632, 0.152675
480, 633, 0.148624
481, 482, 0.148624
481, 483, 0.156362
481, 495, 0.160329
482, 483, 0.152675
482, 596, 0.152675
482, 597, 0.148624
483, 484, 0.145477
483, 486, 0.156386
484, 485, 0.130334
484, 486, 0.145477
485, 595, 0.130334
486, 487, 0.156362
487, 488, 0.160357
487, 496, 0.160329
488, 489, 0.156362
488, 496, 0.160329
489, 490, 0.145477
489, 492, 0.156386
490, 491, 0.130334
490, 492, 0.145477
491, 636, 0.130334
492, 493, 0.152675
492, 494, 0.156362
493, 494, 0.148624
493, 634, 0.148624
493, 635, 0.152675
494, 497, 0.160329
495, 496, 0.164647
495, 497, 0.164647
496, 497, 0.164647
498, 499, 0.145477
498, 501, 0.145477
499, 500, 0.156362
499, 501, 0.156386
500, 503, 0.160357
500, 513, 0.160329
501, 502, 0.156362
502, 512, 0.160357
502, 515, 0.160329
503, 504, 0.156362
503, 513, 0.160329
504, 505, 0.145477
504, 506, 0.156386
505, 506, 0.145477
506, 507, 0.156362
507, 508, 0.160357
507, 514, 0.160329
508, 509, 0.156362
508, 514, 0.160329
509, 510, 0.145477
509, 511, 0.156386
510, 511, 0.145477
511, 512, 0.156362
512, 515, 0.160329
513, 514, 0.164647
513, 515, 0.164647
514, 515, 0.164647
516, 517, 0.145477
516, 519, 0.145477
517, 518, 0.156362
517, 519, 0.156386
518, 521, 0.160357
518, 531, 0.160329
519, 520, 0.156362
520, 530, 0.160357
520, 533, 0.160329
521, 522, 0.156362
521, 531, 0.160329
522, 523, 0.145477
522, 524, 0.156386
523, 524, 0.145477
524, 525, 0.156362
525, 526, 0.160357
525, 532, 0.160329
526, 527, 0.156362
526, 532, 0.160329
527, 528, 0.145477
527, 529, 0.156386
528, 529, 0.145477
529, 530, 0.156362
530, 533, 0.160329
531, 532, 0.164647
531, 533, 0.164647
532, 533, 0.164647
534, 535, 0.145477
534, 537, 0.145477
535, 536, 0.156362
535, 537, 0.156386
536, 539, 0.160357
536, 549, 0.160329
537, 538, 0.156362
538, 548, 0.160357
538, 551, 0.160329
539, 540, 0.156362
539, 549, 0.160329
540, 541, 0.145477
540, 542, 0.156386
541, 542, 0.145477
542, 543, 0.156362
543, 544, 0.160357
543, 550, 0.160329
544, 545, 0.156362
544, 550, 0.160329
545, 546, 0.145477
545, 547, 0.156386
546, 547, 0.145477
547, 548, 0.156362
548, 551, 0.160329
549, 550, 0.164647
549, 551, 0.164647
550, 551, 0.164647
552, 553, 0.145477
552, 555, 0.145477
553, 554, 0.156362
553, 555, 0.156386
554, 557, 0.160357
554, 567, 0.160329
555, 556, 0.156362
556, 566, 0.160357
556, 569, 0.160329
557, 558, 0.156362
557, 567, 0.160329
558, 559, 0.145477
558, 560, 0.156386
559, 560, 0.145477
560, 561, 0.156362
561, 562, 0.160357
561, 568, 0.160329
562, 563, 0.156362
562, 568, 0.160329
563, 564, 0.145477
563, 565, 0.156386
564, 565, 0.145477
565, 566, 0.156362
566, 569, 0.160329
567, 568, 0.164647
567, 569, 0.164647
568, 569, 0.164647
570, 571, 0.145477
570, 573, 0.145477
571, 572, 0.156362
571, 573, 0.156386
572, 575, 0.160357
572, 585, 0.160329
573, 574, 0.156362
574, 584, 0.160357
574, 587, 0.160329
575, 576, 0.156362
575, 585, 0.160329
576, 577, 0.145477
576, 578, 0.156386
577, 578, 0.145477
578, 579, 0.156362
579, 580, 0.160357
579, 586, 0.160329
580, 581, 0.156362
580, 586, 0.160329
581, 582, 0.145477
581, 583, 0.156386
582, 583, 0.145477
583, 584, 0.156362
584, 587, 0.160329
585, 586, 0.164647
585, 587, 0.164647
586, 587, 0.164647
588, 589, 0.145477
588, 591, 0.145477
589, 590, 0.156362
589, 591, 0.156386
590, 593, 0.160357
590, 603, 0.160329
591, 592, 0.156362
592, 602, 0.160357
592, 605, 0.160329
593, 594, 0.156362
593, 603, 0.160329
594, 595, 0.145477
594, 596, 0.156386
595, 596, 0.145477
596, 597, 0.156362
597, 598, 0.160357
597, 604, 0.160329
598, 599, 0.156362
598, 604, 0.160329
599, 600, 0.145477
599, 601, 0.156386
600, 601, 0.145477
601, 602, 0.156362
602, 605, 0.160329
603, 604, 0.164647
603, 605, 0.164647
604, 605, 0.164647
606, 607, 0.145477
606, 609, 0.145477
607, 608, 0.156362
607, 609, 0.156386
608, 611, 0.160357
608, 621, 0.160329
609, 610, 0.156362
610, 620, 0.160357
610, 623, 0.160329
611, 612, 0.156362
611, 621, 0.160329
612, 613, 0.145477
612, 614, 0.156386
613, 614, 0.145477
614, 615, 0.156362
615, 616, 0.160357
615, 622, 0.160329
616, 617, 0.156362
616, 622, 0.160329
617, 618, 0.145477
617, 619, 0.156386
618, 619, 0.145477
619, 620, 0.156362
620, 623, 0.160329
621, 622, 0.164647
621, 623, 0.164647
622, 623, 0.164647
624, 625, 0.145477
624, 627, 0.145477
625, 626, 0.156362
625, 627, 0.156386
626, 629, 0.160357
626, 639, 0.160329
627, 628, 0.156362
628, 638, 0.160357
628, 641, 0.160329
629, 630, 0.156362
629, 639, 0.160329
630, 631, 0.145477
630, 632, 0.156386
631, 632, 0.145477
632, 633, 0.156362
633, 634, 0.160357
633, 640, 0.160329
634, 635, 0.156362
634, 640, 0.160329
635, 636, 0.145477
635, 637, 0.156386
636, 637, 0.145477
637, 638, 0.156362
638, 641, 0.160329
639, 640, 0.164647
639, 641, 0.164647
640, 641, 0.164647
