source_idx: 224
h_value: 2.551431

points:
0.000000, 8.937429, -14.461065, 39.803494
0.000000, 8.937429, 14.461065, 5.756883
0.000000, -8.937429, 14.461065, 13.603581
-8.937429, 14.461065, 0.000000, 22.125370
-8.937429, -14.461065, 0.000000, 28.971776
8.937429, 14.461065, 0.000000, 24.435299
8.937429, -14.461065, 0.000000, 31.281705
0.000000, -8.937429, -14.461065, 47.650192
14.461065, 0.000000, 8.937429, 19.724612
-14.461065, 0.000000, 8.937429, 15.457237
-14.461065, 0.000000, -8.937429, 33.682464
14.461065, 0.000000, -8.937429, 37.949838
5.253289, 13.753289, -8.500000, 32.442888
-5.253289, 13.753289, -8.500000, 31.052474
0.000000, 17.000000, 0.000000, 22.678172
-5.253289, 13.753289, 8.500000, 13.262991
5.253289, 13.753289, 8.500000, 15.060216
0.000000, 0.000000, 17.000000, 4.586332
-8.500000, 5.253289, 13.753289, 7.038706
-8.500000, -5.253289, 13.753289, 11.749266
8.500000, 5.253289, 13.753289, 11.247952
8.500000, -5.253289, 13.753289, 14.808268
0.000000, 0.000000, -17.000000, 48.820743
8.500000, 5.253289, -13.753289, 41.657809
8.500000, -5.253289, -13.753289, 46.368369
-8.500000, 5.253289, -13.753289, 38.598807
-8.500000, -5.253289, -13.753289, 42.159123
5.253289, -13.753289, 8.500000, 22.354601
-5.253289, -13.753289, 8.500000, 20.964187
0.000000, -17.000000, 0.000000, 30.728903
-5.253289, -13.753289, -8.500000, 38.346859
5.253289, -13.753289, -8.500000, 40.144084
-13.753289, 8.500000, 5.253289, 17.457072
-13.753289, 8.500000, -5.253289, 28.034181
-17.000000, 0.000000, 0.000000, 24.546929
-13.753289, -8.500000, -5.253289, 32.111425
-13.753289, -8.500000, 5.253289, 21.827559
13.753289, 8.500000, -5.253289, 31.579517
13.753289, 8.500000, 5.253289, 21.295650
17.000000, 0.000000, 0.000000, 28.860146
13.753289, -8.500000, 5.253289, 25.372894
13.753289, -8.500000, -5.253289, 35.950003
2.509555, 11.589211, -12.181638, 36.591666
-2.509555, 11.589211, -12.181638, 35.842290
0.000000, 14.461062, -8.937428, 32.011226
-2.761817, 16.167959, -4.468714, 26.868516
-7.528666, 14.691193, -4.060546, 26.218364
-5.019111, 16.242184, 0.000000, 22.206160
2.761817, 16.167959, -4.468714, 27.567732
5.019111, 16.242184, 0.000000, 23.509710
7.528666, 14.691193, -4.060546, 28.125129
-2.509555, 11.589211, 12.181638, 8.791206
2.509555, 11.589211, 12.181638, 10.001018
0.000000, 14.461062, 8.937428, 13.372114
2.761817, 16.167959, 4.468714, 18.655994
7.528666, 14.691193, 4.060546, 20.133823
-2.761817, 16.167959, 4.468714, 17.860990
-7.528666, 14.691193, 4.060546, 18.018141
0.000000, 5.019111, 16.242184, 2.391526
-4.060546, 7.528666, 14.691193, 4.377127
-4.468714, 2.761817, 16.167959, 2.633775
-8.937428, 0.000000, 14.461062, 8.182001
-12.181638, 2.509555, 11.589211, 11.430285
-12.181638, -2.509555, 11.589211, 13.207302
-4.468714, -2.761817, 16.167959, 7.193421
-4.060546, -7.528666, 14.691193, 12.046505
0.000000, -5.019111, 16.242184, 9.379842
4.060546, 7.528666, 14.691193, 7.406066
4.468714, 2.761817, 16.167959, 6.780481
4.468714, -2.761817, 16.167959, 9.582772
4.060546, -7.528666, 14.691193, 13.549792
8.937428, 0.000000, 14.461062, 12.199712
12.181638, -2.509555, 11.589211, 17.171799
12.181638, 2.509555, 11.589211, 15.742146
0.000000, 5.019111, -16.242184, 44.027233
4.060546, 7.528666, -14.691193, 41.360570
4.468714, 2.761817, -16.167959, 46.213654
8.937428, 0.000000, -14.461062, 45.225074
12.181638, 2.509555, -11.589211, 40.199773
12.181638, -2.509555, -11.589211, 41.976791
4.468714, -2.761817, -16.167959, 50.773300
4.060546, -7.528666, -14.691193, 49.029948
0.000000, -5.019111, -16.242184, 51.015549
-4.060546, 7.528666, -14.691193, 39.857283
-4.468714, 2.761817, -16.167959, 43.824303
-4.468714, -2.761817, -16.167959, 46.626594
-4.060546, -7.528666, -14.691193, 46.001009
-8.937428, 0.000000, -14.461062, 41.207363
-12.181638, -2.509555, -11.589211, 37.664929
-12.181638, 2.509555, -11.589211, 36.235276
2.509555, -11.589211, 12.181638, 17.564785
-2.509555, -11.589211, 12.181638, 16.815409
0.000000, -14.461062, 8.937428, 21.395849
-2.761817, -16.167959, 4.468714, 25.839343
-7.528666, -14.691193, 4.060546, 25.281946
-5.019111, -16.242184, 0.000000, 29.897365
2.761817, -16.167959, 4.468714, 26.538559
5.019111, -16.242184, 0.000000, 31.200915
7.528666, -14.691193, 4.060546, 27.188711
-2.509555, -11.589211, -12.181638, 43.406057
2.509555, -11.589211, -12.181638, 44.615869
0.000000, -14.461062, -8.937428, 40.034961
2.761817, -16.167959, -4.468714, 35.546085
7.528666, -14.691193, -4.060546, 35.388934
-2.761817, -16.167959, -4.468714, 34.751081
-7.528666, -14.691193, -4.060546, 33.273252
-11.589211, 12.181638, 2.509555, 19.770324
-11.589211, 12.181638, -2.509555, 24.794484
-14.461062, 8.937428, 0.000000, 22.741627
-16.167959, 4.468714, -2.761817, 26.271580
-14.691193, 4.060546, -7.528666, 31.200916
-16.242184, 0.000000, -5.019111, 29.498727
-16.167959, 4.468714, 2.761817, 20.831732
-16.242184, 0.000000, 5.019111, 19.606681
-14.691193, 4.060546, 7.528666, 15.928942
-11.589211, -12.181638, -2.509555, 30.546265
-11.589211, -12.181638, 2.509555, 25.675436
-14.461062, -8.937428, 0.000000, 26.970484
-16.167959, -4.468714, 2.761817, 23.015468
-14.691193, -4.060546, 7.528666, 18.189512
-16.167959, -4.468714, -2.761817, 28.370838
-14.691193, -4.060546, -7.528666, 33.211479
11.589211, 12.181638, -2.509555, 27.731639
11.589211, 12.181638, 2.509555, 22.860810
14.461062, 8.937428, 0.000000, 26.436591
16.167959, 4.468714, 2.761817, 25.036237
14.691193, 4.060546, 7.528666, 20.195596
16.242184, 0.000000, 5.019111, 23.908348
16.167959, 4.468714, -2.761817, 30.391607
16.242184, 0.000000, -5.019111, 33.800394
14.691193, 4.060546, -7.528666, 35.217564
11.589211, -12.181638, 2.509555, 28.612591
11.589211, -12.181638, -2.509555, 33.636751
14.461062, -8.937428, 0.000000, 30.665448
16.167959, -4.468714, -2.761817, 32.575343
14.691193, -4.060546, -7.528666, 37.478133
16.167959, -4.468714, 2.761817, 27.135495
14.691193, -4.060546, 7.528666, 22.206160
-7.230531, 9.992349, 11.699245, 9.269423
-9.992349, 11.699245, 7.230531, 14.769617
-11.699246, 7.230532, 9.992350, 12.199712
7.230531, 9.992349, 11.699245, 12.353961
11.699246, 7.230532, 9.992350, 16.201267
9.992349, 11.699245, 7.230531, 17.860991
-7.230531, 9.992349, -11.699245, 35.052382
-11.699246, 7.230532, -9.992350, 33.324230
-9.992349, 11.699245, -7.230531, 29.679068
7.230531, 9.992349, -11.699245, 37.205807
9.992349, 11.699245, -7.230531, 32.292486
11.699246, 7.230532, -9.992350, 36.681622
-7.230531, -9.992349, -11.699245, 41.053114
-9.992349, -11.699245, -7.230531, 35.546085
-11.699246, -7.230532, -9.992350, 37.205808
7.230531, -9.992349, -11.699245, 44.137652
11.699246, -7.230532, -9.992350, 41.207363
9.992349, -11.699245, -7.230531, 38.637458
-7.230531, -9.992349, 11.699245, 16.201268
-11.699246, -7.230532, 9.992350, 16.725453
-9.992349, -11.699245, 7.230531, 21.114589
7.230531, -9.992349, 11.699245, 18.354694
9.992349, -11.699245, 7.230531, 23.728007
11.699246, -7.230532, 9.992350, 20.082845
1.191541, 10.268739, -13.495675, 38.340777
-1.191541, 10.268739, -13.495675, 37.955128
0.000000, 11.717589, -12.316578, 36.332572
-1.329285, 13.098909, -10.754141, 34.054733
-3.893763, 12.789846, -10.500402, 33.511790
-2.726077, 14.273924, -8.821771, 31.579517
1.329285, 13.098909, -10.754141, 34.427106
2.726077, 14.273924, -8.821771, 32.303465
3.893763, 12.789846, -10.500402, 34.597124
-4.089115, 15.116328, -6.616328, 29.024409
-6.489605, 14.394165, -6.300241, 28.582071
-5.317140, 15.563539, -4.301656, 26.525982
-6.343387, 15.638019, -2.052763, 24.202110
-8.340786, 14.687216, -1.927954, 24.050404
-7.149245, 15.423629, 0.000000, 22.125829
-3.987855, 16.385084, -2.150828, 24.421572
-2.595842, 16.800644, 0.000000, 22.387816
-1.363038, 16.801136, -2.205443, 24.710991
1.363038, 16.801136, -2.205443, 25.057882
2.595842, 16.800644, 0.000000, 23.063112
3.987855, 16.385084, -2.150828, 25.436326
6.343387, 15.638019, -2.052763, 25.815845
7.149245, 15.423629, 0.000000, 23.978328
8.340786, 14.687216, -1.927954, 26.171615
5.317140, 15.563539, -4.301656, 27.872347
6.489605, 14.394165, -6.300241, 30.245951
4.089115, 15.116328, -6.616328, 30.073947
-1.399501, 15.520703, -6.793320, 29.445095
0.000000, 16.385641, -4.528880, 27.224943
1.399501, 15.520703, -6.793320, 29.804523
-1.191541, 10.268739, 13.495675, 7.029838
1.191541, 10.268739, 13.495675, 7.746001
0.000000, 11.717589, 12.316578, 9.104391
1.329285, 13.098909, 10.754141, 11.478701
3.893763, 12.789846, 10.500402, 12.469530
2.726077, 14.273924, 8.821771, 14.064878
-1.329285, 13.098909, 10.754141, 10.929405
-2.726077, 14.273924, 8.821771, 13.102255
-3.893763, 12.789846, 10.500402, 10.917065
4.089115, 15.116328, 6.616328, 16.736642
6.489605, 14.394165, 6.300241, 17.654333
5.317140, 15.563539, 4.301656, 19.352342
6.343387, 15.638019, 2.052763, 21.791146
8.340786, 14.687216, 1.927954, 22.409761
3.987855, 16.385084, 2.150828, 21.195580
1.363038, 16.801136, 2.205443, 20.684120
-1.363038, 16.801136, 2.205443, 20.314896
-3.987855, 16.385084, 2.150828, 20.118950
-6.343387, 15.638019, 2.052763, 20.088422
-8.340786, 14.687216, 1.927954, 20.186254
-5.317140, 15.563539, 4.301656, 17.837359
-6.489605, 14.394165, 6.300241, 15.676360
-4.089115, 15.116328, 6.616328, 15.461560
1.399501, 15.520703, 6.793320, 15.998597
0.000000, 16.385641, 4.528880, 18.136728
-1.399501, 15.520703, 6.793320, 15.556185
0.000000, 7.149245, 15.423629, 3.951585
-1.927954, 8.340786, 14.687216, 4.692536
-2.052763, 6.343387, 15.638019, 2.475292
-4.301656, 5.317140, 15.563539, 2.661287
-6.300241, 6.489605, 14.394165, 5.259282
-6.616328, 4.089115, 15.116328, 4.657904
-2.150828, 3.987855, 16.385082, 0.000000
-2.205443, 1.363038, 16.801136, 2.660862
0.000000, 2.595842, 16.800644, 2.597995
-8.821771, 2.726077, 14.273924, 7.162756
-10.500402, 3.893763, 12.789846, 9.203176
-10.754141, 1.329285, 13.098909, 9.717364
-12.316578, 0.000000, 11.717589, 12.131422
-13.495675, 1.191541, 10.268739, 13.543783
-13.495675, -1.191541, 10.268739, 14.309004
-10.754141, -1.329285, 13.098909, 10.815776
-10.500402, -3.893763, 12.789846, 12.298084
-8.821771, -2.726077, 14.273924, 9.833712
-6.616328, -4.089115, 15.116328, 9.436692
-6.300241, -6.489605, 14.394165, 11.671601
-4.301656, -5.317140, 15.563539, 9.717364
-2.052763, -6.343387, 15.638019, 10.526022
-1.927954, -8.340786, 14.687216, 12.743266
0.000000, -7.149245, 15.423629, 11.607743
-2.150828, -3.987855, 16.385082, 8.050730
0.000000, -2.595842, 16.800644, 6.987662
-2.205443, -1.363038, 16.801136, 5.389868
-6.793320, 1.399501, 15.520703, 5.407888
-6.793320, -1.399501, 15.520703, 7.218140
-4.528880, 0.000000, 16.385641, 4.657626
1.927954, 8.340786, 14.687216, 6.237118
2.052763, 6.343387, 15.638019, 4.893020
2.150828, 3.987855, 16.385082, 4.313216
2.205443, 1.363038, 16.801136, 5.122281
4.301656, 5.317140, 15.563539, 6.681943
6.616328, 4.089115, 15.116328, 8.962499
6.300241, 6.489605, 14.394165, 9.145544
2.205443, -1.363038, 16.801136, 6.960999
2.150828, -3.987855, 16.385082, 9.172664
2.052763, -6.343387, 15.638019, 11.390557
1.927954, -8.340786, 14.687216, 13.443955
4.301656, -5.317140, 15.563539, 11.575402
6.300241, -6.489605, 14.394165, 13.999654
6.616328, -4.089115, 15.116328, 12.251321
8.821771, -2.726077, 14.273924, 13.378348
10.500402, -3.893763, 12.789846, 15.906925
10.754141, -1.329285, 13.098909, 14.802268
12.316578, 0.000000, 11.717589, 16.337546
13.495675, -1.191541, 10.268739, 18.475731
13.495675, 1.191541, 10.268739, 17.837729
10.754141, 1.329285, 13.098909, 13.969303
10.500402, 3.893763, 12.789846, 13.504813
8.821771, 2.726077, 14.273924, 11.460666
4.528880, 0.000000, 16.385641, 7.849089
6.793320, -1.399501, 15.520703, 10.650370
6.793320, 1.399501, 15.520703, 9.473274
0.000000, 7.149245, -15.423629, 41.799332
1.927954, 8.340786, -14.687216, 40.663809
2.052763, 6.343387, -15.638019, 42.881053
4.301656, 5.317140, -15.563539, 43.689711
6.300241, 6.489605, -14.394165, 41.735474
6.616328, 4.089115, -15.116328, 43.970383
2.150828, 3.987855, -16.385082, 45.356345
2.205443, 1.363038, -16.801136, 48.017207
0.000000, 2.595842, -16.800644, 46.419413
8.821771, 2.726077, -14.273924, 43.573363
10.500402, 3.893763, -12.789846, 41.108991
10.754141, 1.329285, -13.098909, 42.591300
12.316578, 0.000000, -11.717589, 41.275653
13.495675, 1.191541, -10.268739, 39.098072
13.495675, -1.191541, -10.268739, 39.863292
10.754141, -1.329285, -13.098909, 43.689711
10.500402, -3.893763, -12.789846, 44.203899
8.821771, -2.726077, -14.273924, 46.244319
6.616328, -4.089115, -15.116328, 48.749171
6.300241, -6.489605, -14.394165, 48.147793
4.301656, -5.317140, -15.563539, 50.745788
2.052763, -6.343387, -15.638019, 50.931783
1.927954, -8.340786, -14.687216, 48.714539
0.000000, -7.149245, -15.423629, 49.455490
2.150828, -3.987855, -16.385082, 53.407075
0.000000, -2.595842, -16.800644, 50.809080
2.205443, -1.363038, -16.801136, 50.746213
6.793320, 1.399501, -15.520703, 46.188935
6.793320, -1.399501, -15.520703, 47.999187
4.528880, 0.000000, -16.385641, 48.749449
-1.927954, 8.340786, -14.687216, 39.963120
-2.052763, 6.343387, -15.638019, 42.016518
-2.150828, 3.987855, -16.385082, 44.234411
-2.205443, 1.363038, -16.801136, 46.446076
-4.301656, 5.317140, -15.563539, 41.831673
-6.616328, 4.089115, -15.116328, 41.155754
-6.300241, 6.489605, -14.394165, 39.407421
-2.205443, -1.363038, -16.801136, 48.284794
-2.150828, -3.987855, -16.385082, 49.093859
-2.052763, -6.343387, -15.638019, 48.514055
-1.927954, -8.340786, -14.687216, 47.169957
-4.301656, -5.317140, -15.563539, 46.725132
-6.300241, -6.489605, -14.394165, 44.261531
-6.616328, -4.089115, -15.116328, 44.444576
-8.821771, -2.726077, -14.273924, 41.946409
-10.500402, -3.893763, -12.789846, 39.902263
-10.754141, -1.329285, -13.098909, 39.437772
-12.316578, 0.000000, -11.717589, 37.069529
-13.495675, -1.191541, -10.268739, 35.569346
-13.495675, 1.191541, -10.268739, 34.931344
-10.754141, 1.329285, -13.098909, 38.604808
-10.500402, 3.893763, -12.789846, 37.500150
-8.821771, 2.726077, -14.273924, 40.028727
-4.528880, 0.000000, -16.385641, 45.557986
-6.793320, -1.399501, -15.520703, 43.933801
-6.793320, 1.399501, -15.520703, 42.756705
1.191541, -10.268739, 13.495675, 15.451947
-1.191541, -10.268739, 13.495675, 15.066298
0.000000, -11.717589, 12.316578, 17.074503
-1.329285, -13.098909, 10.754141, 18.979969
-3.893763, -12.789846, 10.500402, 18.809951
-2.726077, -14.273924, 8.821771, 21.103610
1.329285, -13.098909, 10.754141, 19.352342
2.726077, -14.273924, 8.821771, 21.827558
3.893763, -12.789846, 10.500402, 19.895286
-4.089115, -15.116328, 6.616328, 23.333128
-6.489605, -14.394165, 6.300241, 23.161124
-5.317140, -15.563539, 4.301656, 25.534728
-6.343387, -15.638019, 2.052763, 27.591230
-8.340786, -14.687216, 1.927954, 27.235460
-7.149245, -15.423629, 0.000000, 29.428747
-3.987855, -16.385084, 2.150828, 27.970749
-2.595842, -16.800644, 0.000000, 30.343963
-1.363038, -16.801136, 2.205443, 28.349193
1.363038, -16.801136, 2.205443, 28.696084
2.595842, -16.800644, 0.000000, 31.019259
3.987855, -16.385084, 2.150828, 28.985504
6.343387, -15.638019, 2.052763, 29.204965
7.149245, -15.423629, 0.000000, 31.281247
8.340786, -14.687216, 1.927954, 29.356671
5.317140, -15.563539, 4.301656, 26.881093
6.489605, -14.394165, 6.300241, 24.825004
4.089115, -15.116328, 6.616328, 24.382666
-1.399501, -15.520703, 6.793320, 23.602552
0.000000, -16.385641, 4.528880, 26.182132
1.399501, -15.520703, 6.793320, 23.961980
-1.191541, -10.268739, -13.495675, 45.661074
1.191541, -10.268739, -13.495675, 46.377237
0.000000, -11.717589, -12.316578, 44.302684
1.329285, -13.098909, -10.754141, 42.477670
3.893763, -12.789846, -10.500402, 42.490010
2.726077, -14.273924, -8.821771, 40.304820
-1.329285, -13.098909, -10.754141, 41.928374
-2.726077, -14.273924, -8.821771, 39.342197
-3.893763, -12.789846, -10.500402, 40.937545
4.089115, -15.116328, -6.616328, 37.945515
6.489605, -14.394165, -6.300241, 37.730715
5.317140, -15.563539, -4.301656, 35.569716
6.343387, -15.638019, -2.052763, 33.318653
8.340786, -14.687216, -1.927954, 33.220821
3.987855, -16.385084, -2.150828, 33.288125
1.363038, -16.801136, -2.205443, 33.092179
-1.363038, -16.801136, -2.205443, 32.722955
-3.987855, -16.385084, -2.150828, 32.211496
-6.343387, -15.638019, -2.052763, 31.615929
-8.340786, -14.687216, -1.927954, 30.997314
-5.317140, -15.563539, -4.301656, 34.054734
-6.489605, -14.394165, -6.300241, 35.752743
-4.089115, -15.116328, -6.616328, 36.670433
1.399501, -15.520703, -6.793320, 37.850890
0.000000, -16.385641, -4.528880, 35.270347
-1.399501, -15.520703, -6.793320, 37.408479
-10.268739, 13.495675, 1.191541, 20.982726
-10.268739, 13.495675, -1.191541, 23.365566
-11.717589, 12.316578, 0.000000, 22.282139
-13.098909, 10.754141, -1.329285, 23.790538
-12.789846, 10.500402, -3.893763, 26.375093
-14.273924, 8.821771, -2.726077, 25.454549
-13.098909, 10.754141, 1.329285, 21.143785
-14.273924, 8.821771, 2.726077, 20.030698
-12.789846, 10.500402, 3.893763, 18.561552
-15.116328, 6.616328, -4.089115, 27.180242
-14.394165, 6.300241, -6.489605, 29.674454
-15.563539, 4.301656, -5.317140, 28.855925
-15.638019, 2.052763, -6.343387, 30.386160
-14.687216, 1.927954, -8.340786, 32.546512
-15.423629, 0.000000, -7.149245, 31.715069
-16.385084, 2.150828, -3.987855, 27.970748
-16.800644, 0.000000, -2.595842, 27.079909
-16.801136, 2.205443, -1.363038, 25.372894
-16.801136, 2.205443, 1.363038, 22.710158
-16.800644, 0.000000, 2.595842, 22.016843
-16.385084, 2.150828, 3.987855, 20.118950
-15.638019, 2.052763, 6.343387, 17.716804
-15.423629, 0.000000, 7.149245, 17.404693
-14.687216, 1.927954, 8.340786, 15.576286
-15.563539, 4.301656, 5.317140, 18.257337
-14.394165, 6.300241, 6.489605, 16.558010
-15.116328, 6.616328, 4.089115, 19.040925
-15.520701, 6.793320, -1.399501, 24.488914
-16.385641, 4.528880, 0.000000, 23.549999
-15.520701, 6.793320, 1.399501, 21.726626
-10.268739, -13.495675, -1.191541, 29.734631
-10.268739, -13.495675, 1.191541, 27.421928
-11.717589, -12.316578, 0.000000, 28.111866
-13.098909, -10.754141, 1.329285, 26.287732
-12.789846, -10.500402, 3.893763, 23.781266
-14.273924, -8.821771, 2.726077, 24.331863
-13.098909, -10.754141, -1.329285, 28.855924
-14.273924, -8.821771, -2.726077, 29.608608
-12.789846, -10.500402, -3.893763, 31.359464
-15.116328, -6.616328, 4.089115, 22.354601
-14.394165, -6.300241, 6.489605, 19.927432
-15.563539, -4.301656, 5.317140, 20.480678
-15.638019, -2.052763, 6.343387, 18.812270
-14.687216, -1.927954, 8.340786, 16.689290
-16.385084, -2.150828, 3.987855, 21.195580
-16.801136, -2.205443, 1.363038, 23.766903
-16.801136, -2.205443, -1.363038, 26.408942
-16.385084, -2.150828, -3.987855, 28.985503
-15.638019, -2.052763, -6.343387, 31.379227
-14.687216, -1.927954, -8.340786, 33.517673
-15.563539, -4.301656, -5.317140, 30.911170
-14.394165, -6.300241, -6.489605, 32.741309
-15.116328, -6.616328, -4.089115, 30.311312
-15.520701, -6.793320, 1.399501, 24.981623
-16.385641, -4.528880, 0.000000, 25.692224
-15.520701, -6.793320, -1.399501, 27.682864
10.268739, 13.495675, -1.191541, 25.985147
10.268739, 13.495675, 1.191541, 23.672444
11.717589, 12.316578, 0.000000, 25.295209
13.098909, 10.754141, 1.329285, 24.551151
12.789846, 10.500402, 3.893763, 22.047611
14.273924, 8.821771, 2.726077, 23.798468
13.098909, 10.754141, -1.329285, 27.119343
14.273924, 8.821771, -2.726077, 29.075212
12.789846, 10.500402, -3.893763, 29.625809
15.116328, 6.616328, 4.089115, 23.095763
14.394165, 6.300241, 6.489605, 20.665766
15.563539, 4.301656, 5.317140, 22.495905
15.638019, 2.052763, 6.343387, 22.027848
14.687216, 1.927954, 8.340786, 19.889403
15.423629, 0.000000, 7.149245, 21.692007
16.385084, 2.150828, 3.987855, 24.421572
16.800644, 0.000000, 2.595842, 26.327166
16.801136, 2.205443, 1.363038, 26.998133
16.801136, 2.205443, -1.363038, 29.640172
16.800644, 0.000000, -2.595842, 31.390232
16.385084, 2.150828, -3.987855, 32.211495
15.638019, 2.052763, -6.343387, 34.594805
15.423629, 0.000000, -7.149245, 36.002382
14.687216, 1.927954, -8.340786, 36.717785
15.563539, 4.301656, -5.317140, 32.926397
14.394165, 6.300241, -6.489605, 33.479643
15.116328, 6.616328, -4.089115, 31.052474
15.520701, 6.793320, 1.399501, 25.724211
16.385641, 4.528880, 0.000000, 27.714851
15.520701, 6.793320, -1.399501, 28.425453
10.268739, -13.495675, 1.191541, 30.041509
10.268739, -13.495675, -1.191541, 32.424349
11.717589, -12.316578, 0.000000, 31.124936
13.098909, -10.754141, -1.329285, 32.263290
12.789846, -10.500402, -3.893763, 34.845523
14.273924, -8.821771, -2.726077, 33.376377
13.098909, -10.754141, 1.329285, 29.616538
14.273924, -8.821771, 2.726077, 27.952526
12.789846, -10.500402, 3.893763, 27.031982
15.116328, -6.616328, -4.089115, 34.366150
14.394165, -6.300241, -6.489605, 36.849065
15.563539, -4.301656, -5.317140, 35.149739
15.638019, -2.052763, -6.343387, 35.690271
14.687216, -1.927954, -8.340786, 37.830789
16.385084, -2.150828, -3.987855, 33.288125
16.801136, -2.205443, -1.363038, 30.696918
16.801136, -2.205443, 1.363038, 28.034181
16.385084, -2.150828, 3.987855, 25.436327
15.638019, -2.052763, 6.343387, 23.020915
14.687216, -1.927954, 8.340786, 20.860563
15.563539, -4.301656, 5.317140, 24.551150
14.394165, -6.300241, 6.489605, 23.732621
15.116328, -6.616328, 4.089115, 26.226833
15.520701, -6.793320, -1.399501, 31.680449
16.385641, -4.528880, 0.000000, 29.857076
15.520701, -6.793320, 1.399501, 28.918161
-3.321440, 9.664826, 13.585256, 6.476278
-4.809398, 10.948081, 12.083426, 8.697874
-6.294558, 12.068481, 10.184809, 11.197239
-5.630941, 8.797253, 13.412711, 6.681943
-7.979366, 7.657596, 12.910886, 7.781969
-7.657596, 12.910884, 7.979365, 13.815874
-8.797254, 13.412712, 5.630942, 16.397034
-9.664826, 13.585256, 3.321440, 18.812270
-10.948081, 12.083426, 4.809398, 17.389382
-12.068481, 10.184809, 6.294558, 16.033776
-12.910886, 7.979366, 7.657596, 14.889411
-13.412712, 5.630942, 8.797254, 14.077412
-13.585256, 3.321440, 9.664826, 13.642939
-12.083426, 4.809398, 10.948081, 11.575402
-10.184809, 6.294558, 12.068481, 9.531744
-8.727383, 10.991823, 9.592322, 12.014911
-10.991823, 9.592322, 8.727383, 13.306843
-9.592322, 8.727383, 10.991823, 10.506949
3.321440, 9.664826, 13.585256, 8.454212
5.630941, 8.797253, 13.412711, 9.751958
7.979366, 7.657596, 12.910886, 11.541039
4.809398, 10.948081, 12.083426, 10.929405
6.294558, 12.068481, 10.184809, 13.590196
10.184809, 6.294558, 12.068481, 13.633520
12.083426, 4.809398, 10.948081, 15.824597
13.585256, 3.321440, 9.664826, 17.945680
13.412712, 5.630942, 8.797254, 18.257337
12.910886, 7.979366, 7.657596, 18.803301
12.068481, 10.184809, 6.294558, 19.566605
10.948081, 12.083426, 4.809398, 20.480678
9.664826, 13.585256, 3.321440, 21.455228
8.797254, 13.412712, 5.630942, 18.979969
7.657596, 12.910884, 7.979365, 16.319148
9.592322, 8.727383, 10.991823, 14.170887
10.991823, 9.592322, 8.727383, 16.897545
8.727383, 10.991823, 9.592322, 15.104731
-3.321440, 9.664826, -13.585256, 37.902624
-5.630941, 8.797253, -13.412711, 37.582478
-7.979366, 7.657596, -12.910886, 36.950952
-4.809398, 10.948081, -12.083426, 35.569716
-6.294558, 12.068481, -10.184809, 33.038117
-10.184809, 6.294558, -12.068481, 36.031390
-12.083426, 4.809398, -10.948081, 34.914143
-13.585256, 3.321440, -9.664826, 33.718199
-13.412712, 5.630942, -8.797254, 32.263290
-12.910886, 7.979366, -7.657596, 30.613247
-12.068481, 10.184809, -6.294558, 28.860146
-10.948081, 12.083426, -4.809398, 27.119344
-9.664826, 13.585256, -3.321440, 25.494204
-8.797254, 13.412712, -5.630942, 27.872347
-7.657596, 12.910884, -7.979365, 30.426499
-9.592322, 8.727383, -10.991823, 34.285788
-10.991823, 9.592322, -8.727383, 31.539348
-8.727383, 10.991823, -9.592322, 32.370629
3.321440, 9.664826, -13.585256, 38.993309
4.809398, 10.948081, -12.083426, 37.010040
6.294558, 12.068481, -10.184809, 34.786428
5.630941, 8.797253, -13.412711, 39.437772
7.979366, 7.657596, -12.910886, 39.548424
7.657596, 12.910884, -7.979365, 32.442888
8.797254, 13.412712, -5.630942, 30.120431
9.664826, 13.585256, -3.321440, 27.941893
10.948081, 12.083426, -4.809398, 29.908542
12.068481, 10.184809, -6.294558, 31.993097
12.910886, 7.979366, -7.657596, 34.074628
13.412712, 5.630942, -8.797254, 36.017693
13.585256, 3.321440, -9.664826, 37.711772
12.083426, 4.809398, -10.948081, 38.604807
10.184809, 6.294558, -12.068481, 39.257894
8.727383, 10.991823, -9.592322, 34.774403
10.991823, 9.592322, -8.727383, 34.529224
9.592322, 8.727383, -10.991823, 37.100187
-3.321440, -9.664826, -13.585256, 44.952863
-4.809398, -10.948081, -12.083426, 42.477670
-6.294558, -12.068481, -10.184809, 39.816879
-5.630941, -8.797253, -13.412711, 43.655117
-7.979366, -7.657596, -12.910886, 41.866036
-7.657596, -12.910884, -7.979365, 37.087927
-8.797254, -13.412712, -5.630942, 34.427106
-9.664826, -13.585256, -3.321440, 31.951848
-10.948081, -12.083426, -4.809398, 32.926397
-12.068481, -10.184809, -6.294558, 33.840470
-12.910886, -7.979366, -7.657596, 34.603774
-13.412712, -5.630942, -8.797254, 35.149739
-13.585256, -3.321440, -9.664826, 35.461396
-12.083426, -4.809398, -10.948081, 37.582478
-10.184809, -6.294558, -12.068481, 39.773555
-8.727383, -10.991823, -9.592322, 38.302344
-10.991823, -9.592322, -8.727383, 36.509531
-9.592322, -8.727383, -10.991823, 39.236188
3.321440, -9.664826, -13.585256, 46.930797
5.630941, -8.797253, -13.412711, 46.725132
7.979366, -7.657596, -12.910886, 45.625106
4.809398, -10.948081, -12.083426, 44.709201
6.294558, -12.068481, -10.184809, 42.209836
10.184809, -6.294558, -12.068481, 43.875331
12.083426, -4.809398, -10.948081, 41.831674
13.585256, -3.321440, -9.664826, 39.764136
13.412712, -5.630942, -8.797254, 39.329663
12.910886, -7.979366, -7.657596, 38.517664
12.068481, -10.184809, -6.294558, 37.373299
10.948081, -12.083426, -4.809398, 36.017694
9.664826, -13.585256, -3.321440, 34.594805
8.797254, -13.412712, -5.630942, 37.010041
7.657596, -12.910884, -7.979365, 39.591201
9.592322, -8.727383, -10.991823, 42.900127
10.991823, -9.592322, -8.727383, 40.100232
8.727383, -10.991823, -9.592322, 41.392164
-3.321440, -9.664826, 13.585256, 14.413766
-5.630941, -8.797253, 13.412711, 13.969303
-7.979366, -7.657596, 12.910886, 13.858651
-4.809398, -10.948081, 12.083426, 16.397035
-6.294558, -12.068481, 10.184809, 18.620647
-10.184809, -6.294558, 12.068481, 14.149182
-12.083426, -4.809398, 10.948081, 14.802268
-13.585256, -3.321440, 9.664826, 15.695303
-13.412712, -5.630942, 8.797254, 17.389382
-12.910886, -7.979366, 7.657596, 19.332447
-12.068481, -10.184809, 6.294558, 21.413978
-10.948081, -12.083426, 4.809398, 23.498533
-9.664826, -13.585256, 3.321440, 25.465182
-8.797254, -13.412712, 5.630942, 23.286644
-7.657596, -12.910884, 7.979365, 20.964187
-9.592322, -8.727383, 10.991823, 16.306888
-10.991823, -9.592322, 8.727383, 18.877851
-8.727383, -10.991823, 9.592322, 18.632672
3.321440, -9.664826, 13.585256, 15.504451
4.809398, -10.948081, 12.083426, 17.837359
6.294558, -12.068481, 10.184809, 20.368958
5.630941, -8.797253, 13.412711, 15.824597
7.979366, -7.657596, 12.910886, 16.456123
7.657596, -12.910884, 7.979365, 22.980576
8.797254, -13.412712, 5.630942, 25.534728
9.664826, -13.585256, 3.321440, 27.912871
10.948081, -12.083426, 4.809398, 26.287731
12.068481, -10.184809, 6.294558, 24.546929
12.910886, -7.979366, 7.657596, 22.793828
13.412712, -5.630942, 8.797254, 21.143785
13.585256, -3.321440, 9.664826, 19.688877
12.083426, -4.809398, 10.948081, 18.492932
10.184809, -6.294558, 12.068481, 17.375685
8.727383, -10.991823, 9.592322, 21.036446
10.991823, -9.592322, 8.727383, 21.867727
9.592322, -8.727383, 10.991823, 19.121287

graph:
0, 162, 2.030796
0, 163, 2.030796
0, 274, 2.030796
0, 275, 2.030796
0, 304, 2.030796
1, 192, 2.030796
1, 193, 2.030796
1, 218, 2.030796
1, 219, 2.030796
1, 248, 2.030796
2, 240, 2.030796
2, 241, 2.030796
2, 258, 2.030796
2, 330, 2.030796
2, 331, 2.030796
3, 175, 2.030796
3, 176, 2.030796
3, 211, 2.030796
3, 386, 2.030796
3, 387, 2.030796
4, 343, 2.030796
4, 344, 2.030796
4, 379, 2.030796
4, 416, 2.030796
4, 417, 2.030796
5, 184, 2.030796
5, 185, 2.030796
5, 205, 2.030796
5, 442, 2.030796
5, 443, 2.030796
6, 352, 2.030796
6, 353, 2.030796
6, 373, 2.030796
6, 472, 2.030796
6, 473, 2.030796
7, 296, 2.030796
7, 297, 2.030796
7, 314, 2.030796
7, 360, 2.030796
7, 361, 2.030796
8, 266, 2.030796
8, 267, 2.030796
8, 455, 2.030796
8, 456, 2.030796
8, 491, 2.030796
9, 231, 2.030796
9, 232, 2.030796
9, 408, 2.030796
9, 409, 2.030796
9, 429, 2.030796
10, 322, 2.030796
10, 323, 2.030796
10, 399, 2.030796
10, 400, 2.030796
10, 435, 2.030796
11, 287, 2.030796
11, 288, 2.030796
11, 464, 2.030796
11, 465, 2.030796
11, 485, 2.030796
12, 169, 2.600269
12, 170, 2.603487
12, 187, 2.603486
12, 188, 2.600269
12, 554, 2.600269
12, 557, 2.600269
13, 166, 2.603487
13, 167, 2.600269
13, 171, 2.600269
13, 172, 2.603486
13, 538, 2.600269
13, 548, 2.600269
14, 178, 2.603486
14, 179, 2.600269
14, 180, 2.600269
14, 181, 2.603486
14, 207, 2.600269
14, 208, 2.600269
15, 199, 2.600269
15, 200, 2.603487
15, 213, 2.603486
15, 214, 2.600269
15, 500, 2.600269
15, 503, 2.600269
16, 196, 2.603487
16, 197, 2.600269
16, 201, 2.600269
16, 202, 2.603486
16, 520, 2.600269
16, 530, 2.600269
17, 225, 2.600269
17, 226, 2.603486
17, 243, 2.603486
17, 244, 2.600269
17, 251, 2.600269
17, 255, 2.600269
18, 222, 2.603486
18, 223, 2.600269
18, 227, 2.600269
18, 228, 2.603487
18, 502, 2.600269
18, 512, 2.600269
19, 234, 2.603487
19, 235, 2.600269
19, 236, 2.600269
19, 237, 2.603486
19, 608, 2.600269
19, 611, 2.600269
20, 253, 2.600269
20, 254, 2.603486
20, 269, 2.603487
20, 270, 2.600269
20, 518, 2.600269
20, 521, 2.600269
21, 260, 2.603486
21, 261, 2.600269
21, 262, 2.600269
21, 263, 2.603487
21, 628, 2.600269
21, 638, 2.600269
22, 281, 2.600269
22, 282, 2.603486
22, 299, 2.603486
22, 300, 2.600269
22, 307, 2.600269
22, 311, 2.600269
23, 278, 2.603486
23, 279, 2.600269
23, 283, 2.600269
23, 284, 2.603487
23, 556, 2.600269
23, 566, 2.600269
24, 290, 2.603487
24, 291, 2.600269
24, 292, 2.600269
24, 293, 2.603486
24, 590, 2.600269
24, 593, 2.600269
25, 309, 2.600269
25, 310, 2.603486
25, 325, 2.603487
25, 326, 2.600269
25, 536, 2.600269
25, 539, 2.600269
26, 316, 2.603486
26, 317, 2.600269
26, 318, 2.600269
26, 319, 2.603487
26, 574, 2.600269
26, 584, 2.600269
27, 337, 2.600269
27, 338, 2.603487
27, 355, 2.603486
27, 356, 2.600269
27, 626, 2.600269
27, 629, 2.600269
28, 334, 2.603487
28, 335, 2.600269
28, 339, 2.600269
28, 340, 2.603486
28, 610, 2.600269
28, 620, 2.600269
29, 346, 2.603486
29, 347, 2.600269
29, 348, 2.600269
29, 349, 2.603486
29, 375, 2.600269
29, 376, 2.600269
30, 367, 2.600269
30, 368, 2.603487
30, 381, 2.603486
30, 382, 2.600269
30, 572, 2.600269
30, 575, 2.600269
31, 364, 2.603487
31, 365, 2.600269
31, 369, 2.600269
31, 370, 2.603486
31, 592, 2.600269
31, 602, 2.600269
32, 393, 2.600269
32, 394, 2.603487
32, 411, 2.603486
32, 412, 2.600269
32, 507, 2.600269
32, 508, 2.600269
33, 390, 2.603487
33, 391, 2.600269
33, 395, 2.600269
33, 396, 2.603486
33, 543, 2.600269
33, 544, 2.600269
34, 402, 2.603486
34, 403, 2.600269
34, 404, 2.600269
34, 405, 2.603486
34, 431, 2.600269
34, 432, 2.600269
35, 423, 2.600269
35, 424, 2.603487
35, 437, 2.603486
35, 438, 2.600269
35, 579, 2.600269
35, 580, 2.600269
36, 420, 2.603487
36, 421, 2.600269
36, 425, 2.600269
36, 426, 2.603486
36, 615, 2.600269
36, 616, 2.600269
37, 449, 2.600269
37, 450, 2.603487
37, 467, 2.603486
37, 468, 2.600269
37, 561, 2.600269
37, 562, 2.600269
38, 446, 2.603487
38, 447, 2.600269
38, 451, 2.600269
38, 452, 2.603486
38, 525, 2.600269
38, 526, 2.600269
39, 458, 2.603486
39, 459, 2.600269
39, 460, 2.600269
39, 461, 2.603486
39, 487, 2.600269
39, 488, 2.600269
40, 479, 2.600269
40, 480, 2.603487
40, 493, 2.603486
40, 494, 2.600269
40, 633, 2.600269
40, 634, 2.600269
41, 476, 2.603487
41, 477, 2.600269
41, 481, 2.600269
41, 482, 2.603486
41, 597, 2.600269
41, 598, 2.600269
42, 162, 2.281996
42, 164, 2.516457
42, 168, 2.389555
42, 170, 2.486787
42, 552, 2.516457
42, 553, 2.389555
43, 163, 2.281996
43, 164, 2.516457
43, 165, 2.389555
43, 166, 2.486787
43, 534, 2.516457
43, 537, 2.389555
44, 165, 2.631141
44, 167, 2.734939
44, 168, 2.631141
44, 169, 2.734939
44, 189, 2.771036
44, 191, 2.771036
45, 171, 2.734939
45, 173, 2.631141
45, 177, 2.631142
45, 179, 2.734939
45, 189, 2.771036
45, 190, 2.771036
46, 172, 2.486787
46, 173, 2.389555
46, 174, 2.516458
46, 175, 2.281996
46, 546, 2.516457
46, 547, 2.389555
47, 174, 2.516457
47, 176, 2.281996
47, 177, 2.389555
47, 178, 2.486787
47, 209, 2.389555
47, 210, 2.516457
48, 180, 2.734939
48, 182, 2.631142
48, 186, 2.631141
48, 188, 2.734939
48, 190, 2.771036
48, 191, 2.771036
49, 181, 2.486787
49, 182, 2.389555
49, 183, 2.516457
49, 184, 2.281996
49, 204, 2.516457
49, 206, 2.389555
50, 183, 2.516458
50, 185, 2.281996
50, 186, 2.389555
50, 187, 2.486787
50, 558, 2.389555
50, 559, 2.516457
51, 192, 2.281996
51, 194, 2.516457
51, 198, 2.389555
51, 200, 2.486787
51, 498, 2.516457
51, 499, 2.389555
52, 193, 2.281996
52, 194, 2.516457
52, 195, 2.389555
52, 196, 2.486787
52, 516, 2.516457
52, 519, 2.389555
53, 195, 2.631141
53, 197, 2.734939
53, 198, 2.631141
53, 199, 2.734939
53, 215, 2.771036
53, 217, 2.771036
54, 201, 2.734939
54, 203, 2.631141
54, 206, 2.631142
54, 207, 2.734939
54, 215, 2.771036
54, 216, 2.771036
55, 202, 2.486787
55, 203, 2.389555
55, 204, 2.516458
55, 205, 2.281996
55, 528, 2.516457
55, 529, 2.389555
56, 208, 2.734939
56, 209, 2.631142
56, 212, 2.631141
56, 214, 2.734939
56, 216, 2.771036
56, 217, 2.771036
57, 210, 2.516458
57, 211, 2.281996
57, 212, 2.389555
57, 213, 2.486787
57, 504, 2.389555
57, 505, 2.516457
58, 218, 2.281996
58, 220, 2.516458
58, 224, 2.389555
58, 226, 2.486787
58, 249, 2.516458
58, 250, 2.389555
59, 219, 2.281996
59, 220, 2.516458
59, 221, 2.389555
59, 222, 2.486787
59, 498, 2.516457
59, 501, 2.389554
60, 221, 2.631141
60, 223, 2.734939
60, 224, 2.631142
60, 225, 2.734939
60, 245, 2.771036
60, 247, 2.771036
61, 227, 2.734939
61, 229, 2.631141
61, 233, 2.631141
61, 235, 2.734939
61, 245, 2.771036
61, 246, 2.771036
62, 228, 2.486787
62, 229, 2.389555
62, 230, 2.516457
62, 231, 2.281996
62, 510, 2.516457
62, 511, 2.389555
63, 230, 2.516457
63, 232, 2.281996
63, 233, 2.389555
63, 234, 2.486787
63, 612, 2.389555
63, 613, 2.516457
64, 236, 2.734939
64, 238, 2.631141
64, 242, 2.631142
64, 244, 2.734939
64, 246, 2.771036
64, 247, 2.771036
65, 237, 2.486787
65, 238, 2.389555
65, 239, 2.516458
65, 240, 2.281996
65, 606, 2.516457
65, 607, 2.389554
66, 239, 2.516458
66, 241, 2.281996
66, 242, 2.389555
66, 243, 2.486787
66, 256, 2.389555
66, 257, 2.516458
67, 248, 2.281996
67, 249, 2.516458
67, 252, 2.389555
67, 254, 2.486787
67, 516, 2.516457
67, 517, 2.389554
68, 250, 2.631142
68, 251, 2.734939
68, 252, 2.631141
68, 253, 2.734939
68, 271, 2.771036
68, 273, 2.771036
69, 255, 2.734939
69, 256, 2.631142
69, 259, 2.631141
69, 261, 2.734939
69, 271, 2.771036
69, 272, 2.771036
70, 257, 2.516458
70, 258, 2.281996
70, 259, 2.389555
70, 260, 2.486787
70, 624, 2.516457
70, 627, 2.389554
71, 262, 2.734939
71, 264, 2.631141
71, 268, 2.631141
71, 270, 2.734939
71, 272, 2.771036
71, 273, 2.771036
72, 263, 2.486787
72, 264, 2.389555
72, 265, 2.516457
72, 266, 2.281996
72, 636, 2.516457
72, 637, 2.389555
73, 265, 2.516457
73, 267, 2.281996
73, 268, 2.389555
73, 269, 2.486787
73, 522, 2.389555
73, 523, 2.516457
74, 274, 2.281996
74, 276, 2.516458
74, 280, 2.389555
74, 282, 2.486787
74, 305, 2.516458
74, 306, 2.389555
75, 275, 2.281996
75, 276, 2.516458
75, 277, 2.389555
75, 278, 2.486787
75, 552, 2.516457
75, 555, 2.389554
76, 277, 2.631141
76, 279, 2.734939
76, 280, 2.631142
76, 281, 2.734939
76, 301, 2.771036
76, 303, 2.771036
77, 283, 2.734939
77, 285, 2.631141
77, 289, 2.631141
77, 291, 2.734939
77, 301, 2.771036
77, 302, 2.771036
78, 284, 2.486787
78, 285, 2.389555
78, 286, 2.516457
78, 287, 2.281996
78, 564, 2.516457
78, 565, 2.389555
79, 286, 2.516457
79, 288, 2.281996
79, 289, 2.389555
79, 290, 2.486787
79, 594, 2.389555
79, 595, 2.516457
80, 292, 2.734939
80, 294, 2.631141
80, 298, 2.631142
80, 300, 2.734939
80, 302, 2.771036
80, 303, 2.771036
81, 293, 2.486787
81, 294, 2.389555
81, 295, 2.516458
81, 296, 2.281996
81, 588, 2.516457
81, 589, 2.389554
82, 295, 2.516458
82, 297, 2.281996
82, 298, 2.389555
82, 299, 2.486787
82, 312, 2.389555
82, 313, 2.516458
83, 304, 2.281996
83, 305, 2.516458
83, 308, 2.389555
83, 310, 2.486787
83, 534, 2.516457
83, 535, 2.389554
84, 306, 2.631142
84, 307, 2.734939
84, 308, 2.631141
84, 309, 2.734939
84, 327, 2.771036
84, 329, 2.771036
85, 311, 2.734939
85, 312, 2.631142
85, 315, 2.631141
85, 317, 2.734939
85, 327, 2.771036
85, 328, 2.771036
86, 313, 2.516458
86, 314, 2.281996
86, 315, 2.389555
86, 316, 2.486787
86, 570, 2.516457
86, 573, 2.389554
87, 318, 2.734939
87, 320, 2.631141
87, 324, 2.631141
87, 326, 2.734939
87, 328, 2.771036
87, 329, 2.771036
88, 319, 2.486787
88, 320, 2.389555
88, 321, 2.516457
88, 322, 2.281996
88, 582, 2.516457
88, 583, 2.389555
89, 321, 2.516457
89, 323, 2.281996
89, 324, 2.389555
89, 325, 2.486787
89, 540, 2.389555
89, 541, 2.516457
90, 330, 2.281996
90, 332, 2.516457
90, 336, 2.389555
90, 338, 2.486787
90, 624, 2.516457
90, 625, 2.389555
91, 331, 2.281996
91, 332, 2.516457
91, 333, 2.389555
91, 334, 2.486787
91, 606, 2.516457
91, 609, 2.389555
92, 333, 2.631141
92, 335, 2.734939
92, 336, 2.631141
92, 337, 2.734939
92, 357, 2.771036
92, 359, 2.771036
93, 339, 2.734939
93, 341, 2.631141
93, 345, 2.631142
93, 347, 2.734939
93, 357, 2.771036
93, 358, 2.771036
94, 340, 2.486787
94, 341, 2.389555
94, 342, 2.516458
94, 343, 2.281996
94, 618, 2.516457
94, 619, 2.389555
95, 342, 2.516457
95, 344, 2.281996
95, 345, 2.389555
95, 346, 2.486787
95, 377, 2.389555
95, 378, 2.516457
96, 348, 2.734939
96, 350, 2.631142
96, 354, 2.631141
96, 356, 2.734939
96, 358, 2.771036
96, 359, 2.771036
97, 349, 2.486787
97, 350, 2.389555
97, 351, 2.516457
97, 352, 2.281996
97, 372, 2.516457
97, 374, 2.389555
98, 351, 2.516458
98, 353, 2.281996
98, 354, 2.389555
98, 355, 2.486787
98, 630, 2.389555
98, 631, 2.516457
99, 360, 2.281996
99, 362, 2.516457
99, 366, 2.389555
99, 368, 2.486787
99, 570, 2.516457
99, 571, 2.389555
100, 361, 2.281996
100, 362, 2.516457
100, 363, 2.389555
100, 364, 2.486787
100, 588, 2.516457
100, 591, 2.389555
101, 363, 2.631141
101, 365, 2.734939
101, 366, 2.631141
101, 367, 2.734939
101, 383, 2.771036
101, 385, 2.771036
102, 369, 2.734939
102, 371, 2.631141
102, 374, 2.631142
102, 375, 2.734939
102, 383, 2.771036
102, 384, 2.771036
103, 370, 2.486787
103, 371, 2.389555
103, 372, 2.516458
103, 373, 2.281996
103, 600, 2.516457
103, 601, 2.389555
104, 376, 2.734939
104, 377, 2.631142
104, 380, 2.631141
104, 382, 2.734939
104, 384, 2.771036
104, 385, 2.771036
105, 378, 2.516458
105, 379, 2.281996
105, 380, 2.389555
105, 381, 2.486787
105, 576, 2.389555
105, 577, 2.516457
106, 386, 2.281996
106, 388, 2.516457
106, 392, 2.389555
106, 394, 2.486787
106, 505, 2.516457
106, 506, 2.389555
107, 387, 2.281996
107, 388, 2.516457
107, 389, 2.389555
107, 390, 2.486787
107, 545, 2.389555
107, 546, 2.516457
108, 389, 2.631141
108, 391, 2.734939
108, 392, 2.631141
108, 393, 2.734939
108, 413, 2.771036
108, 415, 2.771036
109, 395, 2.734939
109, 397, 2.631141
109, 401, 2.631142
109, 403, 2.734939
109, 413, 2.771036
109, 414, 2.771036
110, 396, 2.486787
110, 397, 2.389555
110, 398, 2.516458
110, 399, 2.281996
110, 541, 2.516457
110, 542, 2.389554
111, 398, 2.516458
111, 400, 2.281996
111, 401, 2.389555
111, 402, 2.486787
111, 433, 2.389555
111, 434, 2.516458
112, 404, 2.734939
112, 406, 2.631142
112, 410, 2.631141
112, 412, 2.734939
112, 414, 2.771036
112, 415, 2.771036
113, 405, 2.486787
113, 406, 2.389555
113, 407, 2.516458
113, 408, 2.281996
113, 428, 2.516458
113, 430, 2.389555
114, 407, 2.516458
114, 409, 2.281996
114, 410, 2.389555
114, 411, 2.486787
114, 509, 2.389554
114, 510, 2.516457
115, 416, 2.281996
115, 418, 2.516457
115, 422, 2.389555
115, 424, 2.486787
115, 577, 2.516457
115, 578, 2.389555
116, 417, 2.281996
116, 418, 2.516457
116, 419, 2.389555
116, 420, 2.486787
116, 617, 2.389555
116, 618, 2.516457
117, 419, 2.631141
117, 421, 2.734939
117, 422, 2.631141
117, 423, 2.734939
117, 439, 2.771036
117, 441, 2.771036
118, 425, 2.734939
118, 427, 2.631141
118, 430, 2.631142
118, 431, 2.734939
118, 439, 2.771036
118, 440, 2.771036
119, 426, 2.486787
119, 427, 2.389555
119, 428, 2.516458
119, 429, 2.281996
119, 613, 2.516457
119, 614, 2.389554
120, 432, 2.734939
120, 433, 2.631142
120, 436, 2.631141
120, 438, 2.734939
120, 440, 2.771036
120, 441, 2.771036
121, 434, 2.516458
121, 435, 2.281996
121, 436, 2.389555
121, 437, 2.486787
121, 581, 2.389554
121, 582, 2.516457
122, 442, 2.281996
122, 444, 2.516457
122, 448, 2.389555
122, 450, 2.486787
122, 559, 2.516457
122, 560, 2.389555
123, 443, 2.281996
123, 444, 2.516457
123, 445, 2.389555
123, 446, 2.486787
123, 527, 2.389555
123, 528, 2.516457
124, 445, 2.631141
124, 447, 2.734939
124, 448, 2.631141
124, 449, 2.734939
124, 469, 2.771036
124, 471, 2.771036
125, 451, 2.734939
125, 453, 2.631141
125, 457, 2.631142
125, 459, 2.734939
125, 469, 2.771036
125, 470, 2.771036
126, 452, 2.486787
126, 453, 2.389555
126, 454, 2.516458
126, 455, 2.281996
126, 523, 2.516457
126, 524, 2.389554
127, 454, 2.516458
127, 456, 2.281996
127, 457, 2.389555
127, 458, 2.486787
127, 489, 2.389555
127, 490, 2.516458
128, 460, 2.734939
128, 462, 2.631142
128, 466, 2.631141
128, 468, 2.734939
128, 470, 2.771036
128, 471, 2.771036
129, 461, 2.486787
129, 462, 2.389555
129, 463, 2.516458
129, 464, 2.281996
129, 484, 2.516458
129, 486, 2.389555
130, 463, 2.516458
130, 465, 2.281996
130, 466, 2.389555
130, 467, 2.486787
130, 563, 2.389554
130, 564, 2.516457
131, 472, 2.281996
131, 474, 2.516457
131, 478, 2.389555
131, 480, 2.486787
131, 631, 2.516457
131, 632, 2.389555
132, 473, 2.281996
132, 474, 2.516457
132, 475, 2.389555
132, 476, 2.486787
132, 599, 2.389555
132, 600, 2.516457
133, 475, 2.631141
133, 477, 2.734939
133, 478, 2.631141
133, 479, 2.734939
133, 495, 2.771036
133, 497, 2.771036
134, 481, 2.734939
134, 483, 2.631141
134, 486, 2.631142
134, 487, 2.734939
134, 495, 2.771036
134, 496, 2.771036
135, 482, 2.486787
135, 483, 2.389555
135, 484, 2.516458
135, 485, 2.281996
135, 595, 2.516457
135, 596, 2.389554
136, 488, 2.734939
136, 489, 2.631142
136, 492, 2.631141
136, 494, 2.734939
136, 496, 2.771036
136, 497, 2.771036
137, 490, 2.516458
137, 491, 2.281996
137, 492, 2.389555
137, 493, 2.486787
137, 635, 2.389554
137, 636, 2.516457
138, 499, 2.631141
138, 500, 2.734939
138, 501, 2.631142
138, 502, 2.734940
138, 513, 2.771036
138, 515, 2.771036
139, 503, 2.734939
139, 504, 2.631142
139, 506, 2.631141
139, 507, 2.734939
139, 513, 2.771036
139, 514, 2.771036
140, 508, 2.734940
140, 509, 2.631142
140, 511, 2.631142
140, 512, 2.734939
140, 514, 2.771036
140, 515, 2.771035
141, 517, 2.631142
141, 518, 2.734940
141, 519, 2.631141
141, 520, 2.734939
141, 531, 2.771036
141, 533, 2.771036
142, 521, 2.734939
142, 522, 2.631142
142, 524, 2.631142
142, 525, 2.734940
142, 531, 2.771035
142, 532, 2.771036
143, 526, 2.734939
143, 527, 2.631141
143, 529, 2.631142
143, 530, 2.734939
143, 532, 2.771036
143, 533, 2.771036
144, 535, 2.631142
144, 536, 2.734940
144, 537, 2.631141
144, 538, 2.734939
144, 549, 2.771036
144, 551, 2.771036
145, 539, 2.734939
145, 540, 2.631142
145, 542, 2.631142
145, 543, 2.734940
145, 549, 2.771035
145, 550, 2.771036
146, 544, 2.734939
146, 545, 2.631141
146, 547, 2.631142
146, 548, 2.734939
146, 550, 2.771036
146, 551, 2.771036
147, 553, 2.631141
147, 554, 2.734939
147, 555, 2.631142
147, 556, 2.734940
147, 567, 2.771036
147, 569, 2.771036
148, 557, 2.734939
148, 558, 2.631142
148, 560, 2.631141
148, 561, 2.734939
148, 567, 2.771036
148, 568, 2.771036
149, 562, 2.734940
149, 563, 2.631142
149, 565, 2.631142
149, 566, 2.734939
149, 568, 2.771036
149, 569, 2.771035
150, 571, 2.631141
150, 572, 2.734939
150, 573, 2.631142
150, 574, 2.734940
150, 585, 2.771036
150, 587, 2.771036
151, 575, 2.734939
151, 576, 2.631142
151, 578, 2.631141
151, 579, 2.734939
151, 585, 2.771036
151, 586, 2.771036
152, 580, 2.734940
152, 581, 2.631142
152, 583, 2.631142
152, 584, 2.734939
152, 586, 2.771036
152, 587, 2.771035
153, 589, 2.631142
153, 590, 2.734940
153, 591, 2.631141
153, 592, 2.734939
153, 603, 2.771036
153, 605, 2.771036
154, 593, 2.734939
154, 594, 2.631142
154, 596, 2.631142
154, 597, 2.734940
154, 603, 2.771035
154, 604, 2.771036
155, 598, 2.734939
155, 599, 2.631141
155, 601, 2.631142
155, 602, 2.734939
155, 604, 2.771036
155, 605, 2.771036
156, 607, 2.631142
156, 608, 2.734940
156, 609, 2.631141
156, 610, 2.734939
156, 621, 2.771036
156, 623, 2.771036
157, 611, 2.734939
157, 612, 2.631142
157, 614, 2.631142
157, 615, 2.734940
157, 621, 2.771035
157, 622, 2.771036
158, 616, 2.734939
158, 617, 2.631141
158, 619, 2.631142
158, 620, 2.734939
158, 622, 2.771036
158, 623, 2.771036
159, 625, 2.631141
159, 626, 2.734939
159, 627, 2.631142
159, 628, 2.734940
159, 639, 2.771036
159, 641, 2.771036
160, 629, 2.734939
160, 630, 2.631142
160, 632, 2.631141
160, 633, 2.734939
160, 639, 2.771036
160, 640, 2.771036
161, 634, 2.734940
161, 635, 2.631142
161, 637, 2.631142
161, 638, 2.734939
161, 640, 2.771036
161, 641, 2.771035
162, 163, 2.383082
162, 164, 2.215673
162, 275, 2.383081
162, 552, 2.215673
163, 164, 2.215673
163, 304, 2.383081
163, 534, 2.215673
164, 165, 2.473106
164, 168, 2.473106
165, 166, 2.595467
165, 167, 2.658146
165, 168, 2.658570
166, 167, 2.526615
166, 537, 2.595467
166, 538, 2.526615
167, 171, 2.726077
167, 189, 2.725596
168, 169, 2.658146
168, 170, 2.595467
169, 170, 2.526615
169, 188, 2.726077
169, 191, 2.725596
170, 553, 2.595467
170, 554, 2.526615
171, 172, 2.526615
171, 173, 2.658147
171, 189, 2.725595
172, 173, 2.595468
172, 547, 2.595468
172, 548, 2.526614
173, 174, 2.473105
173, 177, 2.658570
174, 175, 2.215673
174, 176, 2.215673
174, 177, 2.473106
175, 176, 2.383082
175, 387, 2.383081
175, 546, 2.215672
176, 210, 2.215673
176, 211, 2.383082
177, 178, 2.595468
177, 179, 2.658147
178, 179, 2.526615
178, 208, 2.526615
178, 209, 2.595468
179, 180, 2.726077
179, 190, 2.725595
180, 181, 2.526615
180, 182, 2.658147
180, 190, 2.725595
181, 182, 2.595468
181, 206, 2.595468
181, 207, 2.526615
182, 183, 2.473106
182, 186, 2.658570
183, 184, 2.215673
183, 185, 2.215673
183, 186, 2.473105
184, 185, 2.383082
184, 204, 2.215673
184, 205, 2.383082
185, 442, 2.383081
185, 559, 2.215672
186, 187, 2.595468
186, 188, 2.658147
187, 188, 2.526615
187, 557, 2.526614
187, 558, 2.595468
188, 191, 2.725595
189, 190, 2.799002
189, 191, 2.799002
190, 191, 2.799002
192, 193, 2.383082
192, 194, 2.215673
192, 219, 2.383081
192, 498, 2.215673
193, 194, 2.215673
193, 248, 2.383081
193, 516, 2.215673
194, 195, 2.473106
194, 198, 2.473106
195, 196, 2.595467
195, 197, 2.658146
195, 198, 2.658570
196, 197, 2.526615
196, 519, 2.595467
196, 520, 2.526615
197, 201, 2.726077
197, 215, 2.725596
198, 199, 2.658146
198, 200, 2.595467
199, 200, 2.526615
199, 214, 2.726077
199, 217, 2.725596
200, 499, 2.595467
200, 500, 2.526615
201, 202, 2.526615
201, 203, 2.658147
201, 215, 2.725595
202, 203, 2.595468
202, 529, 2.595468
202, 530, 2.526614
203, 204, 2.473105
203, 206, 2.658570
204, 205, 2.215673
204, 206, 2.473106
205, 443, 2.383081
205, 528, 2.215672
206, 207, 2.658147
207, 208, 2.726077
207, 216, 2.725595
208, 209, 2.658147
208, 216, 2.725595
209, 210, 2.473106
209, 212, 2.658570
210, 211, 2.215673
210, 212, 2.473105
211, 386, 2.383081
211, 505, 2.215672
212, 213, 2.595468
212, 214, 2.658147
213, 214, 2.526615
213, 503, 2.526614
213, 504, 2.595468
214, 217, 2.725595
215, 216, 2.799002
215, 217, 2.799002
216, 217, 2.799002
218, 219, 2.383082
218, 220, 2.215673
218, 248, 2.383082
218, 249, 2.215673
219, 220, 2.215673
219, 498, 2.215672
220, 221, 2.473105
220, 224, 2.473106
221, 222, 2.595468
221, 223, 2.658147
221, 224, 2.658570
222, 223, 2.526615
222, 501, 2.595467
222, 502, 2.526614
223, 227, 2.726077
223, 245, 2.725595
224, 225, 2.658147
224, 226, 2.595468
225, 226, 2.526615
225, 244, 2.726077
225, 247, 2.725595
226, 250, 2.595468
226, 251, 2.526615
227, 228, 2.526615
227, 229, 2.658146
227, 245, 2.725596
228, 229, 2.595467
228, 511, 2.595467
228, 512, 2.526615
229, 230, 2.473106
229, 233, 2.658570
230, 231, 2.215673
230, 232, 2.215673
230, 233, 2.473106
231, 232, 2.383082
231, 409, 2.383081
231, 510, 2.215673
232, 429, 2.383081
232, 613, 2.215673
233, 234, 2.595467
233, 235, 2.658146
234, 235, 2.526615
234, 611, 2.526615
234, 612, 2.595467
235, 236, 2.726077
235, 246, 2.725596
236, 237, 2.526615
236, 238, 2.658147
236, 246, 2.725595
237, 238, 2.595468
237, 607, 2.595467
237, 608, 2.526614
238, 239, 2.473105
238, 242, 2.658570
239, 240, 2.215673
239, 241, 2.215673
239, 242, 2.473106
240, 241, 2.383082
240, 331, 2.383081
240, 606, 2.215672
241, 257, 2.215673
241, 258, 2.383082
242, 243, 2.595468
242, 244, 2.658147
243, 244, 2.526615
243, 255, 2.526615
243, 256, 2.595468
244, 247, 2.725595
245, 246, 2.799002
245, 247, 2.799002
246, 247, 2.799002
248, 249, 2.215673
248, 516, 2.215672
249, 250, 2.473106
249, 252, 2.473105
250, 251, 2.658147
250, 252, 2.658570
251, 255, 2.726077
251, 271, 2.725595
252, 253, 2.658147
252, 254, 2.595468
253, 254, 2.526615
253, 270, 2.726077
253, 273, 2.725595
254, 517, 2.595467
254, 518, 2.526614
255, 256, 2.658147
255, 271, 2.725595
256, 257, 2.473106
256, 259, 2.658570
257, 258, 2.215673
257, 259, 2.473105
258, 330, 2.383081
258, 624, 2.215672
259, 260, 2.595468
259, 261, 2.658147
260, 261, 2.526615
260, 627, 2.595467
260, 628, 2.526614
261, 262, 2.726077
261, 272, 2.725595
262, 263, 2.526615
262, 264, 2.658146
262, 272, 2.725596
263, 264, 2.595467
263, 637, 2.595467
263, 638, 2.526615
264, 265, 2.473106
264, 268, 2.658570
265, 266, 2.215673
265, 267, 2.215673
265, 268, 2.473106
266, 267, 2.383082
266, 491, 2.383081
266, 636, 2.215673
267, 455, 2.383081
267, 523, 2.215673
268, 269, 2.595467
268, 270, 2.658146
269, 270, 2.526615
269, 521, 2.526615
269, 522, 2.595467
270, 273, 2.725596
271, 272, 2.799002
271, 273, 2.799002
272, 273, 2.799002
274, 275, 2.383082
274, 276, 2.215673
274, 304, 2.383082
274, 305, 2.215673
275, 276, 2.215673
275, 552, 2.215672
276, 277, 2.473105
276, 280, 2.473106
277, 278, 2.595468
277, 279, 2.658147
277, 280, 2.658570
278, 279, 2.526615
278, 555, 2.595467
278, 556, 2.526614
279, 283, 2.726077
279, 301, 2.725595
280, 281, 2.658147
280, 282, 2.595468
281, 282, 2.526615
281, 300, 2.726077
281, 303, 2.725595
282, 306, 2.595468
282, 307, 2.526615
283, 284, 2.526615
283, 285, 2.658146
283, 301, 2.725596
284, 285, 2.595467
284, 565, 2.595467
284, 566, 2.526615
285, 286, 2.473106
285, 289, 2.658570
286, 287, 2.215673
286, 288, 2.215673
286, 289, 2.473106
287, 288, 2.383082
287, 465, 2.383081
287, 564, 2.215673
288, 485, 2.383081
288, 595, 2.215673
289, 290, 2.595467
289, 291, 2.658146
290, 291, 2.526615
290, 593, 2.526615
290, 594, 2.595467
291, 292, 2.726077
291, 302, 2.725596
292, 293, 2.526615
292, 294, 2.658147
292, 302, 2.725595
293, 294, 2.595468
293, 589, 2.595467
293, 590, 2.526614
294, 295, 2.473105
294, 298, 2.658570
295, 296, 2.215673
295, 297, 2.215673
295, 298, 2.473106
296, 297, 2.383082
296, 361, 2.383081
296, 588, 2.215672
297, 313, 2.215673
297, 314, 2.383082
298, 299, 2.595468
298, 300, 2.658147
299, 300, 2.526615
299, 311, 2.526615
299, 312, 2.595468
300, 303, 2.725595
301, 302, 2.799002
301, 303, 2.799002
302, 303, 2.799002
304, 305, 2.215673
304, 534, 2.215672
305, 306, 2.473106
305, 308, 2.473105
306, 307, 2.658147
306, 308, 2.658570
307, 311, 2.726077
307, 327, 2.725595
308, 309, 2.658147
308, 310, 2.595468
309, 310, 2.526615
309, 326, 2.726077
309, 329, 2.725595
310, 535, 2.595467
310, 536, 2.526614
311, 312, 2.658147
311, 327, 2.725595
312, 313, 2.473106
312, 315, 2.658570
313, 314, 2.215673
313, 315, 2.473105
314, 360, 2.383081
314, 570, 2.215672
315, 316, 2.595468
315, 317, 2.658147
316, 317, 2.526615
316, 573, 2.595467
316, 574, 2.526614
317, 318, 2.726077
317, 328, 2.725595
318, 319, 2.526615
318, 320, 2.658146
318, 328, 2.725596
319, 320, 2.595467
319, 583, 2.595467
319, 584, 2.526615
320, 321, 2.473106
320, 324, 2.658570
321, 322, 2.215673
321, 323, 2.215673
321, 324, 2.473106
322, 323, 2.383082
322, 435, 2.383081
322, 582, 2.215673
323, 399, 2.383081
323, 541, 2.215673
324, 325, 2.595467
324, 326, 2.658146
325, 326, 2.526615
325, 539, 2.526615
325, 540, 2.595467
326, 329, 2.725596
327, 328, 2.799002
327, 329, 2.799002
328, 329, 2.799002
330, 331, 2.383082
330, 332, 2.215673
330, 624, 2.215673
331, 332, 2.215673
331, 606, 2.215673
332, 333, 2.473106
332, 336, 2.473106
333, 334, 2.595467
333, 335, 2.658146
333, 336, 2.658570
334, 335, 2.526615
334, 609, 2.595467
334, 610, 2.526615
335, 339, 2.726077
335, 357, 2.725596
336, 337, 2.658146
336, 338, 2.595467
337, 338, 2.526615
337, 356, 2.726077
337, 359, 2.725596
338, 625, 2.595467
338, 626, 2.526615
339, 340, 2.526615
339, 341, 2.658147
339, 357, 2.725595
340, 341, 2.595468
340, 619, 2.595468
340, 620, 2.526614
341, 342, 2.473105
341, 345, 2.658570
342, 343, 2.215673
342, 344, 2.215673
342, 345, 2.473106
343, 344, 2.383082
343, 417, 2.383081
343, 618, 2.215672
344, 378, 2.215673
344, 379, 2.383082
345, 346, 2.595468
345, 347, 2.658147
346, 347, 2.526615
346, 376, 2.526615
346, 377, 2.595468
347, 348, 2.726077
347, 358, 2.725595
348, 349, 2.526615
348, 350, 2.658147
348, 358, 2.725595
349, 350, 2.595468
349, 374, 2.595468
349, 375, 2.526615
350, 351, 2.473106
350, 354, 2.658570
351, 352, 2.215673
351, 353, 2.215673
351, 354, 2.473105
352, 353, 2.383082
352, 372, 2.215673
352, 373, 2.383082
353, 472, 2.383081
353, 631, 2.215672
354, 355, 2.595468
354, 356, 2.658147
355, 356, 2.526615
355, 629, 2.526614
355, 630, 2.595468
356, 359, 2.725595
357, 358, 2.799002
357, 359, 2.799002
358, 359, 2.799002
360, 361, 2.383082
360, 362, 2.215673
360, 570, 2.215673
361, 362, 2.215673
361, 588, 2.215673
362, 363, 2.473106
362, 366, 2.473106
363, 364, 2.595467
363, 365, 2.658146
363, 366, 2.658570
364, 365, 2.526615
364, 591, 2.595467
364, 592, 2.526615
365, 369, 2.726077
365, 383, 2.725596
366, 367, 2.658146
366, 368, 2.595467
367, 368, 2.526615
367, 382, 2.726077
367, 385, 2.725596
368, 571, 2.595467
368, 572, 2.526615
369, 370, 2.526615
369, 371, 2.658147
369, 383, 2.725595
370, 371, 2.595468
370, 601, 2.595468
370, 602, 2.526614
371, 372, 2.473105
371, 374, 2.658570
372, 373, 2.215673
372, 374, 2.473106
373, 473, 2.383081
373, 600, 2.215672
374, 375, 2.658147
375, 376, 2.726077
375, 384, 2.725595
376, 377, 2.658147
376, 384, 2.725595
377, 378, 2.473106
377, 380, 2.658570
378, 379, 2.215673
378, 380, 2.473105
379, 416, 2.383081
379, 577, 2.215672
380, 381, 2.595468
380, 382, 2.658147
381, 382, 2.526615
381, 575, 2.526614
381, 576, 2.595468
382, 385, 2.725595
383, 384, 2.799002
383, 385, 2.799002
384, 385, 2.799002
386, 387, 2.383082
386, 388, 2.215673
386, 505, 2.215673
387, 388, 2.215673
387, 546, 2.215673
388, 389, 2.473106
388, 392, 2.473106
389, 390, 2.595467
389, 391, 2.658146
389, 392, 2.658570
390, 391, 2.526615
390, 544, 2.526615
390, 545, 2.595467
391, 395, 2.726077
391, 413, 2.725596
392, 393, 2.658146
392, 394, 2.595467
393, 394, 2.526615
393, 412, 2.726077
393, 415, 2.725596
394, 506, 2.595467
394, 507, 2.526615
395, 396, 2.526615
395, 397, 2.658147
395, 413, 2.725595
396, 397, 2.595468
396, 542, 2.595468
396, 543, 2.526614
397, 398, 2.473105
397, 401, 2.658570
398, 399, 2.215673
398, 400, 2.215673
398, 401, 2.473106
399, 400, 2.383082
399, 541, 2.215672
400, 434, 2.215673
400, 435, 2.383082
401, 402, 2.595468
401, 403, 2.658147
402, 403, 2.526615
402, 432, 2.526615
402, 433, 2.595468
403, 404, 2.726077
403, 414, 2.725595
404, 405, 2.526615
404, 406, 2.658147
404, 414, 2.725595
405, 406, 2.595468
405, 430, 2.595468
405, 431, 2.526615
406, 407, 2.473106
406, 410, 2.658570
407, 408, 2.215673
407, 409, 2.215673
407, 410, 2.473105
408, 409, 2.383082
408, 428, 2.215673
408, 429, 2.383082
409, 510, 2.215672
410, 411, 2.595468
410, 412, 2.658147
411, 412, 2.526615
411, 508, 2.526614
411, 509, 2.595468
412, 415, 2.725595
413, 414, 2.799002
413, 415, 2.799001
414, 415, 2.799002
416, 417, 2.383082
416, 418, 2.215673
416, 577, 2.215673
417, 418, 2.215673
417, 618, 2.215673
418, 419, 2.473106
418, 422, 2.473106
419, 420, 2.595467
419, 421, 2.658146
419, 422, 2.658570
420, 421, 2.526615
420, 616, 2.526615
420, 617, 2.595467
421, 425, 2.726077
421, 439, 2.725596
422, 423, 2.658146
422, 424, 2.595467
423, 424, 2.526615
423, 438, 2.726077
423, 441, 2.725596
424, 578, 2.595467
424, 579, 2.526615
425, 426, 2.526615
425, 427, 2.658147
425, 439, 2.725595
426, 427, 2.595468
426, 614, 2.595468
426, 615, 2.526614
427, 428, 2.473105
427, 430, 2.658570
428, 429, 2.215673
428, 430, 2.473106
429, 613, 2.215672
430, 431, 2.658147
431, 432, 2.726077
431, 440, 2.725595
432, 433, 2.658147
432, 440, 2.725595
433, 434, 2.473106
433, 436, 2.658570
434, 435, 2.215673
434, 436, 2.473105
435, 582, 2.215672
436, 437, 2.595468
436, 438, 2.658147
437, 438, 2.526615
437, 580, 2.526614
437, 581, 2.595468
438, 441, 2.725595
439, 440, 2.799002
439, 441, 2.799001
440, 441, 2.799002
442, 443, 2.383082
442, 444, 2.215673
442, 559, 2.215673
443, 444, 2.215673
443, 528, 2.215673
444, 445, 2.473106
444, 448, 2.473106
445, 446, 2.595467
445, 447, 2.658146
445, 448, 2.658570
446, 447, 2.526615
446, 526, 2.526615
446, 527, 2.595467
447, 451, 2.726077
447, 469, 2.725596
448, 449, 2.658146
448, 450, 2.595467
449, 450, 2.526615
449, 468, 2.726077
449, 471, 2.725596
450, 560, 2.595467
450, 561, 2.526615
451, 452, 2.526615
451, 453, 2.658147
451, 469, 2.725595
452, 453, 2.595468
452, 524, 2.595468
452, 525, 2.526614
453, 454, 2.473105
453, 457, 2.658570
454, 455, 2.215673
454, 456, 2.215673
454, 457, 2.473106
455, 456, 2.383082
455, 523, 2.215672
456, 490, 2.215673
456, 491, 2.383082
457, 458, 2.595468
457, 459, 2.658147
458, 459, 2.526615
458, 488, 2.526615
458, 489, 2.595468
459, 460, 2.726077
459, 470, 2.725595
460, 461, 2.526615
460, 462, 2.658147
460, 470, 2.725595
461, 462, 2.595468
461, 486, 2.595468
461, 487, 2.526615
462, 463, 2.473106
462, 466, 2.658570
463, 464, 2.215673
463, 465, 2.215673
463, 466, 2.473105
464, 465, 2.383082
464, 484, 2.215673
464, 485, 2.383082
465, 564, 2.215672
466, 467, 2.595468
466, 468, 2.658147
467, 468, 2.526615
467, 562, 2.526614
467, 563, 2.595468
468, 471, 2.725595
469, 470, 2.799002
469, 471, 2.799001
470, 471, 2.799002
472, 473, 2.383082
472, 474, 2.215673
472, 631, 2.215673
473, 474, 2.215673
473, 600, 2.215673
474, 475, 2.473106
474, 478, 2.473106
475, 476, 2.595467
475, 477, 2.658146
475, 478, 2.658570
476, 477, 2.526615
476, 598, 2.526615
476, 599, 2.595467
477, 481, 2.726077
477, 495, 2.725596
478, 479, 2.658146
478, 480, 2.595467
479, 480, 2.526615
479, 494, 2.726077
479, 497, 2.725596
480, 632, 2.595467
480, 633, 2.526615
481, 482, 2.526615
481, 483, 2.658147
481, 495, 2.725595
482, 483, 2.595468
482, 596, 2.595468
482, 597, 2.526614
483, 484, 2.473105
483, 486, 2.658570
484, 485, 2.215673
484, 486, 2.473106
485, 595, 2.215672
486, 487, 2.658147
487, 488, 2.726077
487, 496, 2.725595
488, 489, 2.658147
488, 496, 2.725595
489, 490, 2.473106
489, 492, 2.658570
490, 491, 2.215673
490, 492, 2.473105
491, 636, 2.215672
492, 493, 2.595468
492, 494, 2.658147
493, 494, 2.526615
493, 634, 2.526614
493, 635, 2.595468
494, 497, 2.725595
495, 496, 2.799002
495, 497, 2.799001
496, 497, 2.799002
498, 499, 2.473106
498, 501, 2.473106
499, 500, 2.658146
499, 501, 2.658570
500, 503, 2.726077
500, 513, 2.725595
501, 502, 2.658147
502, 512, 2.726077
502, 515, 2.725596
503, 504, 2.658147
503, 513, 2.725595
504, 505, 2.473106
504, 506, 2.658570
505, 506, 2.473106
506, 507, 2.658146
507, 508, 2.726077
507, 514, 2.725595
508, 509, 2.658147
508, 514, 2.725596
509, 510, 2.473106
509, 511, 2.658570
510, 511, 2.473106
511, 512, 2.658147
512, 515, 2.725595
513, 514, 2.799002
513, 515, 2.799002
514, 515, 2.799002
516, 517, 2.473106
516, 519, 2.473106
517, 518, 2.658147
517, 519, 2.658570
518, 521, 2.726077
518, 531, 2.725596
519, 520, 2.658146
520, 530, 2.726077
520, 533, 2.725595
521, 522, 2.658147
521, 531, 2.725595
522, 523, 2.473106
522, 524, 2.658570
523, 524, 2.473106
524, 525, 2.658147
525, 526, 2.726077
525, 532, 2.725596
526, 527, 2.658146
526, 532, 2.725595
527, 528, 2.473106
527, 529, 2.658570
528, 529, 2.473106
529, 530, 2.658147
530, 533, 2.725595
531, 532, 2.799002
531, 533, 2.799002
532, 533, 2.799002
534, 535, 2.473106
534, 537, 2.473106
535, 536, 2.658147
535, 537, 2.658570
536, 539, 2.726077
536, 549, 2.725596
537, 538, 2.658146
538, 548, 2.726077
538, 551, 2.725595
539, 540, 2.658147
539, 549, 2.725595
540, 541, 2.473106
540, 542, 2.658570
541, 542, 2.473106
542, 543, 2.658147
543, 544, 2.726077
543, 550, 2.725596
544, 545, 2.658146
544, 550, 2.725595
545, 546, 2.473106
545, 547, 2.658570
546, 547, 2.473106
547, 548, 2.658147
548, 551, 2.725595
549, 550, 2.799002
549, 551, 2.799002
550, 551, 2.799002
552, 553, 2.473106
552, 555, 2.473106
553, 554, 2.658146
553, 555, 2.658570
554, 557, 2.726077
554, 567, 2.725595
555, 556, 2.658147
556, 566, 2.726077
556, 569, 2.725596
557, 558, 2.658147
557, 567, 2.725595
558, 559, 2.473106
558, 560, 2.658570
559, 560, 2.473106
560, 561, 2.658146
561, 562, 2.726077
561, 568, 2.725595
562, 563, 2.658147
562, 568, 2.725596
563, 564, 2.473106
563, 565, 2.658570
564, 565, 2.473106
565, 566, 2.658147
566, 569, 2.725595
567, 568, 2.799002
567, 569, 2.799002
568, 569, 2.799002
570, 571, 2.473106
570, 573, 2.473106
571, 572, 2.658146
571, 573, 2.658570
572, 575, 2.726077
572, 585, 2.725595
573, 574, 2.658147
574, 584, 2.726077
574, 587, 2.725596
575, 576, 2.658147
575, 585, 2.725595
576, 577, 2.473106
576, 578, 2.658570
577, 578, 2.473106
578, 579, 2.658146
579, 580, 2.726077
579, 586, 2.725595
580, 581, 2.658147
580, 586, 2.725596
581, 582, 2.473106
581, 583, 2.658570
582, 583, 2.473106
583, 584, 2.658147
584, 587, 2.725595
585, 586, 2.799002
585, 587, 2.799002
586, 587, 2.799002
588, 589, 2.473106
588, 591, 2.473106
589, 590, 2.658147
589, 591, 2.658570
590, 593, 2.726077
590, 603, 2.725596
591, 592, 2.658146
592, 602, 2.726077
592, 605, 2.725595
593, 594, 2.658147
593, 603, 2.725595
594, 595, 2.473106
594, 596, 2.658570
595, 596, 2.473106
596, 597, 2.658147
597, 598, 2.726077
597, 604, 2.725596
598, 599, 2.658146
598, 604, 2.725595
599, 600, 2.473106
599, 601, 2.658570
600, 601, 2.473106
601, 602, 2.658147
602, 605, 2.725595
603, 604, 2.799002
603, 605, 2.799002
604, 605, 2.799002
606, 607, 2.473106
606, 609, 2.473106
607, 608, 2.658147
607, 609, 2.658570
608, 611, 2.726077
608, 621, 2.725596
609, 610, 2.658146
610, 620, 2.726077
610, 623, 2.725595
611, 612, 2.658147
611, 621, 2.725595
612, 613, 2.473106
612, 614, 2.658570
613, 614, 2.473106
614, 615, 2.658147
615, 616, 2.726077
615, 622, 2.725596
616, 617, 2.658146
616, 622, 2.725595
617, 618, 2.473106
617, 619, 2.658570
618, 619, 2.473106
619, 620, 2.658147
620, 623, 2.725595
621, 622, 2.799002
621, 623, 2.799002
622, 623, 2.799002
624, 625, 2.473106
624, 627, 2.473106
625, 626, 2.658146
625, 627, 2.658570
626, 629, 2.726077
626, 639, 2.725595
627, 628, 2.658147
628, 638, 2.726077
628, 641, 2.725596
629, 630, 2.658147
629, 639, 2.725595
630, 631, 2.473106
630, 632, 2.658570
631, 632, 2.473106
632, 633, 2.658146
633, 634, 2.726077
633, 640, 2.725595
634, 635, 2.658147
634, 640, 2.725596
635, 636, 2.473106
635, 637, 2.658570
636, 637, 2.473106
637, 638, 2.658147
638, 641, 2.725595
639, 640, 2.799002
639, 641, 2.799002
640, 641, 2.799002
