source_idx: 580
h_value: 2.851600

points:
0.000000, 9.988892, -16.162367, 27.245268
0.000000, 9.988892, 16.162367, 42.793117
0.000000, -9.988892, 16.162367, 32.444992
-9.988892, 16.162367, 0.000000, 29.845131
-9.988892, -16.162367, 0.000000, 12.272443
9.988892, 16.162367, 0.000000, 47.417818
9.988892, -16.162367, 0.000000, 29.845130
0.000000, -9.988892, -16.162367, 16.897143
16.162367, 0.000000, 9.988892, 50.401258
-16.162367, 0.000000, 9.988892, 21.834652
-16.162367, 0.000000, -9.988892, 9.289003
16.162367, 0.000000, -9.988892, 37.855608
5.871323, 15.371323, -9.500000, 37.440538
-5.871323, 15.371323, -9.500000, 28.320097
0.000000, 19.000000, 0.000000, 39.128192
-5.871323, 15.371323, 9.500000, 37.051785
5.871323, 15.371323, 9.500000, 48.781001
0.000000, 0.000000, 19.000000, 38.723180
-9.500000, 5.871323, 15.371323, 32.317004
-9.500000, -5.871323, 15.371323, 26.785127
9.500000, 5.871323, 15.371323, 50.661232
9.500000, -5.871323, 15.371323, 42.050436
0.000000, 0.000000, -19.000000, 20.967081
9.500000, 5.871323, -15.371323, 32.905133
9.500000, -5.871323, -15.371323, 27.373257
-9.500000, 5.871323, -15.371323, 17.639824
-9.500000, -5.871323, -15.371323, 9.029029
5.871323, -15.371323, 9.500000, 31.370163
-5.871323, -15.371323, 9.500000, 22.249723
0.000000, -19.000000, 0.000000, 20.562068
-5.871323, -15.371323, -9.500000, 10.909260
5.871323, -15.371323, -9.500000, 22.638475
-15.371323, 9.500000, 5.871323, 25.229684
-15.371323, 9.500000, -5.871323, 19.478807
-19.000000, 0.000000, 0.000000, 13.457849
-15.371323, -9.500000, -5.871323, 2.909023
-15.371323, -9.500000, 5.871323, 14.847075
15.371323, 9.500000, -5.871323, 44.843185
15.371323, 9.500000, 5.871323, 56.781237
19.000000, 0.000000, 0.000000, 46.232412
15.371323, -9.500000, 5.871323, 40.211453
15.371323, -9.500000, -5.871323, 34.460576
2.804797, 12.952649, -13.614772, 31.926343
-2.804797, 12.952649, -13.614772, 27.657067
0.000000, 16.162365, -9.988891, 32.945609
-3.086737, 18.070072, -4.994445, 33.760415
-8.414392, 16.419569, -4.538257, 29.117209
-5.609594, 18.153028, 0.000000, 34.141946
3.086737, 18.070072, -4.994445, 38.742981
5.609594, 18.153028, 0.000000, 43.863709
8.414392, 16.419569, -4.538257, 42.901904
-2.804797, 12.952649, 13.614772, 40.472968
2.804797, 12.952649, 13.614772, 46.098769
0.000000, 16.162365, 9.988891, 42.944059
3.086737, 18.070072, 4.994445, 44.265992
8.414392, 16.419569, 4.538257, 49.132907
-3.086737, 18.070072, 4.994445, 38.531693
-8.414392, 16.419569, 4.538257, 33.223650
0.000000, 5.609594, 18.153028, 41.344380
-4.538257, 8.414392, 16.419569, 37.991435
-4.994445, 3.086737, 18.070072, 35.734320
-9.988891, 0.000000, 16.162365, 29.539202
-13.614772, 2.804797, 12.952649, 26.641019
-13.614772, -2.804797, 12.952649, 23.927998
-4.994445, -3.086737, 18.070072, 32.754153
-4.538257, -8.414392, 16.419569, 29.845131
0.000000, -5.609594, 18.153028, 35.470950
4.538257, 8.414392, 16.419569, 46.799556
4.994445, 3.086737, 18.070072, 44.692206
4.994445, -3.086737, 18.070072, 40.950637
4.538257, -8.414392, 16.419569, 36.899367
9.988891, 0.000000, 16.162365, 46.918250
13.614772, -2.804797, 12.952649, 46.904475
13.614772, 2.804797, 12.952649, 52.066534
0.000000, 5.609594, -18.153028, 24.219311
4.538257, 8.414392, -16.419569, 29.845130
4.994445, 3.086737, -18.070072, 26.936107
9.988891, 0.000000, -16.162365, 30.151058
13.614772, 2.804797, -12.952649, 35.762262
13.614772, -2.804797, -12.952649, 33.049242
4.994445, -3.086737, -18.070072, 23.955941
4.538257, -8.414392, -16.419569, 21.698825
0.000000, -5.609594, -18.153028, 18.345881
-4.538257, 8.414392, -16.419569, 22.790893
-4.994445, 3.086737, -18.070072, 18.739623
-4.994445, -3.086737, -18.070072, 14.998055
-4.538257, -8.414392, -16.419569, 12.890704
-9.988891, 0.000000, -16.162365, 12.772010
-13.614772, -2.804797, -12.952649, 7.623726
-13.614772, 2.804797, -12.952649, 12.785785
2.804797, -12.952649, 13.614772, 32.033193
-2.804797, -12.952649, 13.614772, 27.763917
0.000000, -16.162365, 9.988891, 26.744651
-3.086737, -18.070072, 4.994445, 20.947279
-8.414392, -16.419569, 4.538257, 16.788357
-5.609594, -18.153028, 0.000000, 15.826551
3.086737, -18.070072, 4.994445, 25.929846
5.609594, -18.153028, 0.000000, 25.548314
8.414392, -16.419569, 4.538257, 30.573051
-2.804797, -12.952649, -13.614772, 13.591491
2.804797, -12.952649, -13.614772, 19.217292
0.000000, -16.162365, -9.988891, 16.746202
3.086737, -18.070072, -4.994445, 21.158568
8.414392, -16.419569, -4.538257, 26.466610
-3.086737, -18.070072, -4.994445, 15.424269
-8.414392, -16.419569, -4.538257, 10.557353
-12.952649, 13.614772, 2.804797, 27.657067
-12.952649, 13.614772, -2.804797, 25.085450
-16.162365, 9.988891, 0.000000, 22.041363
-18.070072, 4.994445, -3.086737, 15.841600
-16.419569, 4.538257, -8.414392, 13.912162
-18.153028, 0.000000, -5.609594, 10.227028
-18.070072, 4.994445, 3.086737, 19.327218
-18.153028, 0.000000, 5.609594, 17.793329
-16.419569, 4.538257, 8.414392, 23.158250
-12.952649, -13.614772, -2.804797, 7.623726
-12.952649, -13.614772, 2.804797, 12.614464
-16.162365, -9.988891, 0.000000, 8.878049
-18.070072, -4.994445, 3.086737, 13.072649
-16.419569, -4.538257, 8.414392, 18.345881
-18.070072, -4.994445, -3.086737, 7.706925
-16.419569, -4.538257, -8.414392, 4.825761
12.952649, 13.614772, -2.804797, 47.075796
12.952649, 13.614772, 2.804797, 52.066534
16.162365, 9.988891, 0.000000, 50.812211
18.070072, 4.994445, 3.086737, 51.983335
16.419569, 4.538257, 8.414392, 54.864499
18.153028, 0.000000, 5.609594, 49.463232
18.070072, 4.994445, -3.086737, 46.617611
18.153028, 0.000000, -5.609594, 41.896932
16.419569, 4.538257, -8.414392, 41.344380
12.952649, -13.614772, 2.804797, 34.604811
12.952649, -13.614772, -2.804797, 32.033193
16.162365, -9.988891, 0.000000, 37.648897
18.070072, -4.994445, -3.086737, 40.363043
16.419569, -4.538257, -8.414392, 36.532011
18.070072, -4.994445, 3.086737, 43.848661
16.419569, -4.538257, 8.414392, 45.778098
-8.081182, 11.167919, 13.075627, 34.898959
-11.167919, 13.075627, 8.081182, 31.142015
-13.075628, 8.081182, 11.167920, 28.737692
8.081182, 11.167919, 13.075627, 51.517450
13.075628, 8.081182, 11.167920, 56.630257
11.167919, 13.075627, 8.081182, 54.366956
-8.081182, 11.167919, -13.075627, 22.906631
-13.075628, 8.081182, -11.167920, 17.907078
-11.167919, 13.075627, -8.081182, 23.757077
8.081182, 11.167919, -13.075627, 35.413947
11.167919, 13.075627, -8.081182, 41.550513
13.075628, 8.081182, -11.167920, 38.874159
-8.081182, -11.167919, -13.075627, 8.172811
-11.167919, -13.075627, -8.081182, 5.323304
-13.075628, -8.081182, -11.167920, 3.060003
8.081182, -11.167919, -13.075627, 24.791301
13.075628, -8.081182, -11.167920, 30.952569
11.167919, -13.075627, -8.081182, 28.548245
-8.081182, -11.167919, 13.075627, 24.276313
-13.075628, -8.081182, 11.167920, 20.816102
-11.167919, -13.075627, 8.081182, 18.139748
8.081182, -11.167919, 13.075627, 36.783629
11.167919, -13.075627, 8.081182, 35.933183
13.075628, -8.081182, 11.167920, 41.783183
1.331722, 11.476827, -15.083402, 29.449155
-1.331722, 11.476827, -15.083402, 27.419813
0.000000, 13.096129, -13.765587, 29.791454
-1.485671, 14.639957, -12.019335, 30.174384
-4.351853, 14.294534, -11.735743, 27.960126
-3.046792, 15.953209, -9.859625, 30.578176
1.485671, 14.639957, -12.019335, 32.439045
3.046792, 15.953209, -9.859625, 35.279649
4.351853, 14.294534, -11.735743, 34.623581
-4.570188, 16.894720, -7.394720, 30.973924
-7.253088, 16.087595, -7.041446, 28.715316
-5.942686, 17.394545, -4.807734, 31.332320
-7.089667, 17.477785, -2.294264, 31.633607
-9.322055, 16.415123, -2.154772, 29.499577
-7.990333, 17.238173, 0.000000, 31.871760
-4.457015, 18.312742, -2.403867, 34.006088
-2.901235, 18.777189, 0.000000, 36.596458
-1.523396, 18.777740, -2.464906, 36.528631
1.523396, 18.777740, -2.464906, 39.062942
2.901235, 18.777189, 0.000000, 41.597190
4.457015, 18.312742, -2.403867, 41.451212
7.089667, 17.477785, -2.294264, 43.560032
7.990333, 17.238173, 0.000000, 45.822079
9.322055, 16.415123, -2.154772, 45.311486
5.942686, 17.394545, -4.807734, 40.984601
7.253088, 16.087595, -7.041446, 40.244393
4.570188, 16.894720, -7.394720, 38.179787
-1.564148, 17.346668, -7.592535, 33.399969
0.000000, 18.313364, -5.061689, 36.283441
1.564148, 17.346668, -7.592535, 35.854799
-1.331722, 11.476827, 15.083402, 41.785512
1.331722, 11.476827, 15.083402, 44.427861
0.000000, 13.096129, 13.765587, 43.286147
1.485671, 14.639957, 12.019335, 44.737990
4.351853, 14.294534, 11.735743, 47.632900
3.046792, 15.953209, 9.859625, 45.948022
-1.485671, 14.639957, 12.019335, 41.770157
-3.046792, 15.953209, 9.859625, 39.926958
-4.351853, 14.294534, 11.735743, 38.871606
4.570188, 16.894720, 7.394720, 46.703432
7.253088, 16.087595, 7.041446, 49.304329
5.942686, 17.394545, 4.807734, 46.881281
7.089667, 17.477785, 2.294264, 46.529663
9.322055, 16.415123, 2.154772, 48.421691
4.457015, 18.312742, 2.403867, 44.248989
1.523396, 18.777740, 2.464906, 41.676042
-1.523396, 18.777740, 2.464906, 38.957614
-4.457015, 18.312742, 2.403867, 36.259698
-7.089667, 17.477785, 2.294264, 33.724758
-9.322055, 16.415123, 2.154772, 31.442698
-5.942686, 17.394545, 4.807734, 35.756991
-7.253088, 16.087595, 7.041446, 35.127358
-4.570188, 16.894720, 7.394720, 37.871741
1.564148, 17.346668, 7.592535, 43.822095
0.000000, 18.313364, 5.061689, 41.424598
-1.564148, 17.346668, 7.592535, 40.819434
0.000000, 7.990333, 17.238173, 42.216238
-2.154772, 9.322055, 16.415123, 40.533165
-2.294264, 7.089667, 17.477785, 39.745173
-4.807734, 5.942686, 17.394545, 36.985376
-7.041446, 7.253088, 16.087595, 35.219822
-7.394719, 4.570188, 16.894718, 34.017873
-2.403867, 4.457014, 18.312740, 38.674806
-2.464906, 1.523396, 18.777740, 37.339355
0.000000, 2.901235, 18.777189, 40.165006
-9.859625, 3.046792, 15.953209, 30.973924
-11.735743, 4.351853, 14.294534, 29.413797
-12.019335, 1.485671, 14.639957, 28.005868
-13.765587, 0.000000, 13.096129, 25.244964
-15.083402, 1.331722, 11.476827, 24.097341
-15.083402, -1.331722, 11.476827, 22.772229
-12.019335, -1.485671, 14.639957, 26.598287
-11.735743, -4.351853, 14.294534, 25.284880
-9.859625, -3.046792, 15.953209, 28.110680
-7.394719, -4.570188, 16.894718, 29.694150
-7.041446, -7.253088, 16.087595, 28.338019
-4.807734, -5.942686, 17.394545, 31.241058
-2.294264, -7.089667, 17.477785, 32.658089
-2.154772, -9.322055, 16.415123, 31.228487
0.000000, -7.990333, 17.238173, 33.890037
-2.403867, -4.457014, 18.312740, 34.214806
0.000000, -2.901235, 18.777189, 37.117784
-2.464906, -1.523396, 18.777740, 35.814157
-7.592535, 1.564148, 17.346668, 32.636832
-7.592535, -1.564148, 17.346668, 31.159504
-5.061689, 0.000000, 18.313364, 34.290606
2.154772, 9.322055, 16.415123, 44.726892
2.294264, 7.089667, 17.477785, 44.083920
2.403867, 4.457014, 18.312740, 43.049155
2.464906, 1.523396, 18.777740, 41.632203
4.807734, 5.942686, 17.394545, 45.997607
7.394719, 4.570188, 16.894718, 47.752209
7.041446, 7.253088, 16.087595, 48.865128
2.464906, -1.523396, 18.777740, 39.926958
2.403867, -4.457014, 18.312740, 38.083409
2.294264, -7.089667, 17.477785, 36.253456
2.154772, -9.322055, 16.415123, 34.548083
4.807734, -5.942686, 17.394545, 38.878950
7.041446, -7.253088, 16.087595, 39.437359
7.394719, -4.570188, 16.894718, 41.676042
9.859625, -3.046792, 15.953209, 44.499444
11.735743, -4.351853, 14.294534, 44.590501
12.019335, -1.485671, 14.639957, 47.175700
13.765587, 0.000000, 13.096129, 49.541888
15.083402, -1.331722, 11.476827, 48.867308
15.083402, 1.331722, 11.476827, 51.471757
12.019335, 1.485671, 14.639957, 49.673350
11.735743, 4.351853, 14.294534, 51.823232
9.859625, 3.046792, 15.953209, 49.062201
5.061689, 0.000000, 18.313364, 42.954041
7.592535, -1.564148, 17.346668, 43.951718
7.592535, 1.564148, 17.346668, 46.055620
0.000000, 7.990333, -17.238173, 25.800223
2.154772, 9.322055, -16.415123, 28.461774
2.294264, 7.089667, -17.477785, 27.032172
4.807734, 5.942686, -17.394545, 28.449202
7.041446, 7.253088, -16.087595, 31.352241
7.394719, 4.570188, -16.894718, 29.996110
2.403867, 4.457014, -18.312740, 25.475454
2.464906, 1.523396, -18.777740, 23.876104
0.000000, 2.901235, -18.777189, 22.572476
9.859625, 3.046792, -15.953209, 31.579580
11.735743, 4.351853, -14.294534, 34.405381
12.019335, 1.485671, -14.639957, 33.091973
13.765587, 0.000000, -13.096129, 34.445297
15.083402, 1.331722, -11.476827, 36.918031
15.083402, -1.331722, -11.476827, 35.592919
12.019335, -1.485671, -14.639957, 31.684393
11.735743, -4.351853, -14.294534, 30.276463
9.859625, -3.046792, -15.953209, 28.716336
7.394719, -4.570188, -16.894718, 25.672388
7.041446, -7.253088, -16.087595, 24.470438
4.807734, -5.942686, -17.394545, 22.704884
2.294264, -7.089667, -17.477785, 19.945088
2.154772, -9.322055, -16.415123, 19.157095
0.000000, -7.990333, -17.238173, 17.474023
2.403867, -4.457014, -18.312740, 21.015454
0.000000, -2.901235, -18.777189, 19.525255
2.464906, -1.523396, -18.777740, 22.350905
7.592535, 1.564148, -17.346668, 28.530757
7.592535, -1.564148, -17.346668, 27.053429
5.061689, 0.000000, -18.313364, 25.399654
-2.154772, 9.322055, -16.415123, 25.142177
-2.294264, 7.089667, -17.477785, 23.436805
-2.403867, 4.457014, -18.312740, 21.606851
-2.464906, 1.523396, -18.777740, 19.763302
-4.807734, 5.942686, -17.394545, 20.811311
-7.394719, 4.570188, -16.894718, 18.014218
-7.041446, 7.253088, -16.087595, 20.252902
-2.464906, -1.523396, -18.777740, 18.058058
-2.403867, -4.457014, -18.312740, 16.641106
-2.294264, -7.089667, -17.477785, 15.606340
-2.154772, -9.322055, -16.415123, 14.963369
-4.807734, -5.942686, -17.394545, 13.692653
-7.041446, -7.253088, -16.087595, 10.825133
-7.394719, -4.570188, -16.894718, 11.938051
-9.859625, -3.046792, -15.953209, 10.628060
-11.735743, -4.351853, -14.294534, 7.867028
-12.019335, -1.485671, -14.639957, 10.016911
-13.765587, 0.000000, -13.096129, 10.148372
-15.083402, -1.331722, -11.476827, 8.218504
-15.083402, 1.331722, -11.476827, 10.822952
-12.019335, 1.485671, -14.639957, 12.514560
-11.735743, 4.351853, -14.294534, 15.099759
-9.859625, 3.046792, -15.953209, 15.190816
-5.061689, 0.000000, -18.313364, 16.736219
-7.592535, -1.564148, -17.346668, 13.634641
-7.592535, 1.564148, -17.346668, 15.738543
1.331722, -11.476827, 15.083402, 32.270447
-1.331722, -11.476827, 15.083402, 30.241105
0.000000, -13.096129, 13.765587, 29.898807
-1.485671, -14.639957, 12.019335, 27.251216
-4.351853, -14.294534, 11.735743, 25.066680
-3.046792, -15.953209, 9.859625, 24.410612
1.485671, -14.639957, 12.019335, 29.515877
3.046792, -15.953209, 9.859625, 29.112085
4.351853, -14.294534, 11.735743, 31.730135
-4.570188, -16.894720, 7.394720, 21.510473
-7.253088, -16.087595, 7.041446, 19.445867
-5.942686, -17.394545, 4.807734, 18.705660
-7.089667, -17.477785, 2.294264, 16.130228
-9.322055, -16.415123, 2.154772, 14.378774
-7.990333, -17.238173, 0.000000, 13.868182
-4.457015, -18.312742, 2.403867, 18.239049
-2.901235, -18.777189, 0.000000, 18.093071
-1.523396, -18.777740, 2.464906, 20.627319
1.523396, -18.777740, 2.464906, 23.161629
2.901235, -18.777189, 0.000000, 23.093802
4.457015, -18.312742, 2.403867, 25.684173
7.089667, -17.477785, 2.294264, 28.056654
7.990333, -17.238173, 0.000000, 27.818500
9.322055, -16.415123, 2.154772, 30.190683
5.942686, -17.394545, 4.807734, 28.357940
7.253088, -16.087595, 7.041446, 30.974945
4.570188, -16.894720, 7.394720, 28.716337
-1.564148, -17.346668, 7.592535, 23.835461
0.000000, -18.313364, 5.061689, 23.406819
1.564148, -17.346668, 7.592535, 26.290291
-1.331722, -11.476827, -15.083402, 15.262399
1.331722, -11.476827, -15.083402, 17.904749
0.000000, -13.096129, -13.765587, 16.404113
1.485671, -14.639957, -12.019335, 17.920103
4.351853, -14.294534, -11.735743, 20.818655
3.046792, -15.953209, -9.859625, 19.763302
-1.485671, -14.639957, -12.019335, 14.952271
-3.046792, -15.953209, -9.859625, 13.742238
-4.351853, -14.294534, -11.735743, 12.057361
4.570188, -16.894720, -7.394720, 21.818520
7.253088, -16.087595, -7.041446, 24.562903
5.942686, -17.394545, -4.807734, 23.933270
7.089667, -17.477785, -2.294264, 25.965502
9.322055, -16.415123, -2.154772, 28.247562
4.457015, -18.312742, -2.403867, 23.430562
1.523396, -18.777740, -2.464906, 20.732647
-1.523396, -18.777740, -2.464906, 18.014218
-4.457015, -18.312742, -2.403867, 15.441271
-7.089667, -17.477785, -2.294264, 13.160597
-9.322055, -16.415123, -2.154772, 11.268569
-5.942686, -17.394545, -4.807734, 12.808979
-7.253088, -16.087595, -7.041446, 10.385931
-4.570188, -16.894720, -7.394720, 12.986828
1.564148, -17.346668, -7.592535, 18.870826
0.000000, -18.313364, -5.061689, 18.265663
-1.564148, -17.346668, -7.592535, 15.868166
-11.476827, 15.083402, 1.331722, 28.808014
-11.476827, 15.083402, -1.331722, 27.603593
-13.096129, 13.765587, 0.000000, 26.340469
-14.639957, 12.019335, -1.485671, 23.586389
-14.294534, 11.735743, -4.351853, 22.343764
-15.953209, 9.859625, -3.046792, 20.627318
-14.639957, 12.019335, 1.485671, 24.984554
-15.953209, 9.859625, 3.046792, 23.618670
-14.294534, 11.735743, 4.351853, 26.439478
-16.894718, 7.394719, -4.570188, 17.595272
-16.087595, 7.041446, -7.253088, 16.623616
-17.394545, 4.807734, -5.942686, 14.643698
-17.477785, 2.294264, -7.089667, 11.905568
-16.415123, 2.154772, -9.322055, 11.447712
-17.238173, 0.000000, -7.990333, 9.464649
-18.312742, 2.403867, -4.457015, 12.898808
-18.777189, 0.000000, -2.901235, 11.600233
-18.777740, 2.464906, -1.523396, 14.413309
-18.777740, 2.464906, 1.523396, 16.311573
-18.777189, 0.000000, 2.901235, 15.591567
-18.312742, 2.403867, 4.457015, 18.392138
-17.477785, 2.294264, 7.089667, 20.465398
-17.238173, 0.000000, 7.990333, 19.905357
-16.415123, 2.154772, 9.322055, 22.399841
-17.394545, 4.807734, 5.942686, 21.281034
-16.087595, 7.041446, 7.253088, 24.112822
-16.894718, 7.394719, 4.570188, 22.350906
-17.346666, 7.592534, -1.564148, 18.941418
-18.313364, 5.061689, 0.000000, 17.452425
-17.346666, 7.592534, 1.564148, 20.575945
-11.476827, -15.083402, -1.331722, 10.064989
-11.476827, -15.083402, 1.331722, 12.232975
-13.096129, -13.765587, 0.000000, 10.042436
-14.639957, -12.019335, 1.485671, 10.653126
-14.294534, -11.735743, 4.351853, 13.496925
-15.953209, -9.859625, 3.046792, 11.938052
-14.639957, -12.019335, -1.485671, 7.779941
-15.953209, -9.859625, -3.046792, 5.818046
-14.294534, -11.735743, -4.351853, 5.080009
-16.894718, -7.394719, 4.570188, 13.742239
-16.087595, -7.041446, 7.253088, 16.524522
-17.394545, -4.807734, 5.942686, 15.813791
-17.477785, -2.294264, 7.089667, 17.920453
-16.415123, -2.154772, 9.322055, 20.150972
-18.312742, -2.403867, 4.457015, 15.489081
-18.777740, -2.464906, 1.523396, 12.986829
-18.777740, -2.464906, -1.523396, 10.628060
-18.312742, -2.403867, -4.457015, 8.697495
-17.477785, -2.294264, -7.089667, 7.486273
-16.415123, -2.154772, -9.322055, 7.131736
-17.394545, -4.807734, -5.942686, 5.724903
-16.087595, -7.041446, -7.253088, 2.826469
-16.894718, -7.394719, -4.570188, 4.943747
-17.346666, -7.592534, 1.564148, 10.760824
-18.313364, -5.061689, 0.000000, 10.283899
-17.346666, -7.592534, -1.564148, 7.746793
11.476827, 15.083402, -1.331722, 47.457286
11.476827, 15.083402, 1.331722, 49.625271
13.096129, 13.765587, 0.000000, 49.647824
14.639957, 12.019335, 1.485671, 51.910320
14.294534, 11.735743, 4.351853, 54.610252
15.953209, 9.859625, 3.046792, 53.872214
14.639957, 12.019335, -1.485671, 49.037134
15.953209, 9.859625, -3.046792, 47.752208
14.294534, 11.735743, -4.351853, 46.193336
16.894718, 7.394719, 4.570188, 54.746514
16.087595, 7.041446, 7.253088, 56.863792
17.394545, 4.807734, 5.942686, 53.965358
17.477785, 2.294264, 7.089667, 52.203987
16.415123, 2.154772, 9.322055, 52.558524
17.238173, 0.000000, 7.990333, 50.225611
18.312742, 2.403867, 4.457015, 50.992765
18.777189, 0.000000, 2.901235, 48.090027
18.777740, 2.464906, 1.523396, 49.062201
18.777740, 2.464906, -1.523396, 46.703431
18.777189, 0.000000, -2.901235, 44.098694
18.312742, 2.403867, -4.457015, 44.201179
17.477785, 2.294264, -7.089667, 41.769807
17.238173, 0.000000, -7.990333, 39.784903
16.415123, 2.154772, -9.322055, 39.539288
17.394545, 4.807734, -5.942686, 43.876469
16.087595, 7.041446, -7.253088, 43.165739
16.894718, 7.394719, -4.570188, 45.948022
17.346666, 7.592534, 1.564148, 51.943467
18.313364, 5.061689, 0.000000, 49.406362
17.346666, 7.592534, -1.564148, 48.929437
11.476827, -15.083402, 1.331722, 32.086667
11.476827, -15.083402, -1.331722, 30.882246
13.096129, -13.765587, 0.000000, 33.349792
14.639957, -12.019335, -1.485671, 34.705706
14.294534, -11.735743, -4.351853, 33.250783
15.953209, -9.859625, -3.046792, 36.071590
14.639957, -12.019335, 1.485671, 36.103872
15.953209, -9.859625, 3.046792, 39.062942
14.294534, -11.735743, 4.351853, 37.346497
16.894718, -7.394719, -4.570188, 37.339354
16.087595, -7.041446, -7.253088, 35.577439
17.394545, -4.807734, -5.942686, 38.409226
17.477785, -2.294264, -7.089667, 39.224862
16.415123, -2.154772, -9.322055, 37.290420
18.312742, -2.403867, -4.457015, 41.298123
18.777740, -2.464906, -1.523396, 43.378687
18.777740, -2.464906, 1.523396, 45.276951
18.312742, -2.403867, 4.457015, 46.791452
17.477785, -2.294264, 7.089667, 47.784693
16.415123, -2.154772, 9.322055, 48.242548
17.394545, -4.807734, 5.942686, 45.046562
16.087595, -7.041446, 7.253088, 43.066645
16.894718, -7.394719, 4.570188, 42.094989
17.346666, -7.592534, -1.564148, 39.114315
18.313364, -5.061689, 0.000000, 42.237835
17.346666, -7.592534, 1.564148, 40.748842
-3.712198, 10.801865, 15.183520, 39.323627
-5.375210, 12.236091, 13.505006, 37.821702
-7.035094, 13.488302, 11.383021, 36.071591
-6.293405, 9.832224, 14.990677, 36.572715
-8.918115, 8.558490, 14.429812, 33.613808
-8.558489, 14.429811, 8.918114, 34.172710
-9.832225, 14.990679, 6.293406, 32.255457
-10.801865, 15.183520, 3.712198, 30.440507
-12.236091, 13.505006, 5.375210, 29.312343
-13.488302, 11.383021, 7.035094, 28.110680
-14.429812, 8.918115, 8.558490, 26.915697
-14.990679, 6.293406, 9.832225, 25.812912
-15.183520, 3.712198, 10.801865, 24.865045
-13.505006, 5.375210, 12.236091, 27.618166
-11.383021, 7.035094, 13.488302, 30.578176
-9.754134, 12.284979, 10.720831, 33.047782
-12.284979, 10.720831, 9.754134, 29.940937
-10.720831, 9.754134, 12.284979, 31.818665
3.712198, 10.801865, 15.183520, 46.698681
6.293405, 9.832224, 14.990677, 49.143369
8.918115, 8.558490, 14.429812, 51.567491
5.375210, 12.236091, 13.505006, 48.699642
7.035094, 13.488302, 11.383021, 50.459368
11.383021, 7.035094, 13.488302, 53.570255
13.505006, 5.375210, 12.236091, 54.484368
15.183520, 3.712198, 10.801865, 53.949853
14.990679, 6.293406, 9.832225, 56.716355
14.429812, 8.918115, 8.558490, 59.690260
13.488302, 11.383021, 7.035094, 56.640194
12.236091, 13.505006, 5.375210, 53.666290
10.801865, 15.183520, 3.712198, 50.899787
9.832225, 14.990679, 6.293406, 51.684828
8.558489, 14.429811, 8.918114, 51.567491
10.720831, 9.754134, 12.284979, 54.348951
12.284979, 10.720831, 9.754134, 56.640735
9.754134, 12.284979, 10.720831, 53.508894
-3.712198, 10.801865, -15.183520, 25.210785
-6.293405, 9.832224, -14.990677, 22.765306
-8.918115, 8.558490, -14.429812, 20.177644
-5.375210, 12.236091, -13.505006, 25.381941
-7.035094, 13.488302, -11.383021, 25.672387
-11.383021, 7.035094, -13.488302, 17.595271
-13.505006, 5.375210, -12.236091, 15.189043
-15.183520, 3.712198, -10.801865, 13.108562
-14.990679, 6.293406, -9.832225, 15.719570
-14.429812, 8.918115, -8.558490, 18.566124
-13.488302, 11.383021, -7.035094, 21.510473
-12.236091, 13.505006, -5.375210, 24.395507
-10.801865, 15.183520, -3.712198, 27.086431
-9.832225, 14.990679, -6.293406, 26.563010
-8.558489, 14.429811, -8.918114, 26.076453
-10.720831, 9.754134, -12.284979, 20.358362
-12.284979, 10.720831, -9.754134, 20.817656
-9.754134, 12.284979, -10.720831, 23.242202
3.712198, 10.801865, -15.183520, 30.895696
5.375210, 12.236091, -13.505006, 33.612058
7.035094, 13.488302, -11.383021, 36.528631
6.293405, 9.832224, -14.990677, 32.495826
8.918115, 8.558490, -14.429812, 34.172709
8.558489, 14.429811, -8.918114, 39.512616
9.832225, 14.990679, -6.293406, 42.409693
10.801865, 15.183520, -3.712198, 45.086037
12.236091, 13.505006, -5.375210, 44.452797
13.488302, 11.383021, -7.035094, 43.378687
14.429812, 8.918115, -8.558490, 41.934162
14.990679, 6.293406, -9.832225, 40.270377
15.183520, 3.712198, -10.801865, 38.555083
13.505006, 5.375210, -12.236091, 37.303010
11.383021, 7.035094, -13.488302, 35.814156
9.754134, 12.284979, -10.720831, 38.484807
12.284979, 10.720831, -9.754134, 40.338918
10.720831, 9.754134, -12.284979, 37.215267
-3.712198, -10.801865, -15.183520, 12.991580
-5.375210, -12.236091, -13.505006, 10.990618
-7.035094, -13.488302, -11.383021, 9.230892
-6.293405, -9.832224, -14.990677, 10.546891
-8.918115, -8.558490, -14.429812, 8.122769
-8.558489, -14.429811, -8.918114, 8.122770
-9.832225, -14.990679, -6.293406, 8.005432
-10.801865, -15.183520, -3.712198, 8.790473
-12.236091, -13.505006, -5.375210, 6.023970
-13.488302, -11.383021, -7.035094, 3.050066
-14.429812, -8.918115, -8.558490, 0.000000
-14.990679, -6.293406, -9.832225, 2.973905
-15.183520, -3.712198, -10.801865, 5.740407
-13.505006, -5.375210, -12.236091, 5.205892
-11.383021, -7.035094, -13.488302, 6.120005
-9.754134, -12.284979, -10.720831, 6.181366
-12.284979, -10.720831, -9.754134, 3.049526
-10.720831, -9.754134, -12.284979, 5.341309
3.712198, -10.801865, -15.183520, 20.366634
6.293405, -9.832224, -14.990677, 23.117546
8.918115, -8.558490, -14.429812, 26.076452
5.375210, -12.236091, -13.505006, 21.868558
7.035094, -13.488302, -11.383021, 23.618670
11.383021, -7.035094, -13.488302, 29.112085
13.505006, -5.375210, -12.236091, 32.072094
15.183520, -3.712198, -10.801865, 34.825216
14.990679, -6.293406, -9.832225, 33.877349
14.429812, -8.918115, -8.558490, 32.774563
13.488302, -11.383021, -7.035094, 31.579580
12.236091, -13.505006, -5.375210, 30.377917
10.801865, -15.183520, -3.712198, 29.249754
9.832225, -14.990679, -6.293406, 27.434803
8.558489, -14.429811, -8.918114, 25.517551
10.720831, -9.754134, -12.284979, 27.871595
12.284979, -10.720831, -9.754134, 29.749324
9.754134, -12.284979, -10.720831, 26.642478
-3.712198, -10.801865, 15.183520, 28.794564
-6.293405, -9.832224, 14.990677, 27.194435
-8.918115, -8.558490, 14.429812, 25.517551
-5.375210, -12.236091, 13.505006, 26.078202
-7.035094, -13.488302, 11.383021, 23.161630
-11.383021, -7.035094, 13.488302, 23.876104
-13.505006, -5.375210, 12.236091, 22.387250
-15.183520, -3.712198, 10.801865, 21.135178
-14.990679, -6.293406, 9.832225, 19.419883
-14.429812, -8.918115, 8.558490, 17.756099
-13.488302, -11.383021, 7.035094, 16.311573
-12.236091, -13.505006, 5.375210, 15.237464
-10.801865, -15.183520, 3.712198, 14.604223
-9.832225, -14.990679, 6.293406, 17.280567
-8.558489, -14.429811, 8.918114, 20.177644
-10.720831, -9.754134, 12.284979, 22.474993
-12.284979, -10.720831, 9.754134, 19.351342
-9.754134, -12.284979, 10.720831, 21.205453
3.712198, -10.801865, 15.183520, 34.479475
5.375210, -12.236091, 13.505006, 34.308320
7.035094, -13.488302, 11.383021, 34.017873
6.293405, -9.832224, 14.990677, 36.924954
8.918115, -8.558490, 14.429812, 39.512616
8.558489, -14.429811, 8.918114, 33.613808
9.832225, -14.990679, 6.293406, 33.127251
10.801865, -15.183520, 3.712198, 32.603829
12.236091, -13.505006, 5.375210, 35.294754
13.488302, -11.383021, 7.035094, 38.179787
14.429812, -8.918115, 8.558490, 41.124136
14.990679, -6.293406, 9.832225, 43.970690
15.183520, -3.712198, 10.801865, 46.581698
13.505006, -5.375210, 12.236091, 44.501218
11.383021, -7.035094, 13.488302, 42.094990
9.754134, -12.284979, 10.720831, 36.448058
12.284979, -10.720831, 9.754134, 38.872605
10.720831, -9.754134, 12.284979, 39.331898

graph:
0, 162, 2.269714
0, 163, 2.269714
0, 274, 2.269713
0, 275, 2.269713
0, 304, 2.269713
1, 192, 2.269714
1, 193, 2.269714
1, 218, 2.269713
1, 219, 2.269713
1, 248, 2.269713
2, 240, 2.269713
2, 241, 2.269713
2, 258, 2.269713
2, 330, 2.269714
2, 331, 2.269714
3, 175, 2.269713
3, 176, 2.269713
3, 211, 2.269713
3, 386, 2.269714
3, 387, 2.269714
4, 343, 2.269713
4, 344, 2.269713
4, 379, 2.269713
4, 416, 2.269714
4, 417, 2.269714
5, 184, 2.269713
5, 185, 2.269713
5, 205, 2.269713
5, 442, 2.269714
5, 443, 2.269714
6, 352, 2.269713
6, 353, 2.269713
6, 373, 2.269713
6, 472, 2.269714
6, 473, 2.269714
7, 296, 2.269713
7, 297, 2.269713
7, 314, 2.269713
7, 360, 2.269714
7, 361, 2.269714
8, 266, 2.269714
8, 267, 2.269714
8, 455, 2.269713
8, 456, 2.269713
8, 491, 2.269713
9, 231, 2.269714
9, 232, 2.269714
9, 408, 2.269713
9, 409, 2.269713
9, 429, 2.269713
10, 322, 2.269714
10, 323, 2.269714
10, 399, 2.269713
10, 400, 2.269713
10, 435, 2.269713
11, 287, 2.269714
11, 288, 2.269714
11, 464, 2.269713
11, 465, 2.269713
11, 485, 2.269713
12, 169, 2.906182
12, 170, 2.909778
12, 187, 2.909778
12, 188, 2.906182
12, 554, 2.906183
12, 557, 2.906183
13, 166, 2.909778
13, 167, 2.906182
13, 171, 2.906182
13, 172, 2.909778
13, 538, 2.906183
13, 548, 2.906183
14, 178, 2.909778
14, 179, 2.906183
14, 180, 2.906183
14, 181, 2.909778
14, 207, 2.906183
14, 208, 2.906183
15, 199, 2.906182
15, 200, 2.909778
15, 213, 2.909778
15, 214, 2.906182
15, 500, 2.906183
15, 503, 2.906183
16, 196, 2.909778
16, 197, 2.906182
16, 201, 2.906182
16, 202, 2.909778
16, 520, 2.906183
16, 530, 2.906183
17, 225, 2.906183
17, 226, 2.909778
17, 243, 2.909778
17, 244, 2.906183
17, 251, 2.906183
17, 255, 2.906183
18, 222, 2.909778
18, 223, 2.906182
18, 227, 2.906182
18, 228, 2.909778
18, 502, 2.906183
18, 512, 2.906183
19, 234, 2.909778
19, 235, 2.906182
19, 236, 2.906182
19, 237, 2.909778
19, 608, 2.906183
19, 611, 2.906183
20, 253, 2.906182
20, 254, 2.909778
20, 269, 2.909778
20, 270, 2.906182
20, 518, 2.906183
20, 521, 2.906183
21, 260, 2.909778
21, 261, 2.906182
21, 262, 2.906182
21, 263, 2.909778
21, 628, 2.906183
21, 638, 2.906183
22, 281, 2.906183
22, 282, 2.909778
22, 299, 2.909778
22, 300, 2.906183
22, 307, 2.906183
22, 311, 2.906183
23, 278, 2.909778
23, 279, 2.906182
23, 283, 2.906182
23, 284, 2.909778
23, 556, 2.906183
23, 566, 2.906183
24, 290, 2.909778
24, 291, 2.906182
24, 292, 2.906182
24, 293, 2.909778
24, 590, 2.906183
24, 593, 2.906183
25, 309, 2.906182
25, 310, 2.909778
25, 325, 2.909778
25, 326, 2.906182
25, 536, 2.906183
25, 539, 2.906183
26, 316, 2.909778
26, 317, 2.906182
26, 318, 2.906182
26, 319, 2.909778
26, 574, 2.906183
26, 584, 2.906183
27, 337, 2.906182
27, 338, 2.909778
27, 355, 2.909778
27, 356, 2.906182
27, 626, 2.906183
27, 629, 2.906183
28, 334, 2.909778
28, 335, 2.906182
28, 339, 2.906182
28, 340, 2.909778
28, 610, 2.906183
28, 620, 2.906183
29, 346, 2.909778
29, 347, 2.906183
29, 348, 2.906183
29, 349, 2.909778
29, 375, 2.906183
29, 376, 2.906183
30, 367, 2.906182
30, 368, 2.909778
30, 381, 2.909778
30, 382, 2.906182
30, 572, 2.906183
30, 575, 2.906183
31, 364, 2.909778
31, 365, 2.906182
31, 369, 2.906182
31, 370, 2.909778
31, 592, 2.906183
31, 602, 2.906183
32, 393, 2.906182
32, 394, 2.909778
32, 411, 2.909778
32, 412, 2.906182
32, 507, 2.906183
32, 508, 2.906183
33, 390, 2.909778
33, 391, 2.906182
33, 395, 2.906182
33, 396, 2.909778
33, 543, 2.906183
33, 544, 2.906183
34, 402, 2.909778
34, 403, 2.906183
34, 404, 2.906183
34, 405, 2.909778
34, 431, 2.906183
34, 432, 2.906183
35, 423, 2.906182
35, 424, 2.909778
35, 437, 2.909778
35, 438, 2.906182
35, 579, 2.906183
35, 580, 2.906183
36, 420, 2.909778
36, 421, 2.906182
36, 425, 2.906182
36, 426, 2.909778
36, 615, 2.906183
36, 616, 2.906183
37, 449, 2.906182
37, 450, 2.909778
37, 467, 2.909778
37, 468, 2.906182
37, 561, 2.906183
37, 562, 2.906183
38, 446, 2.909778
38, 447, 2.906182
38, 451, 2.906182
38, 452, 2.909778
38, 525, 2.906183
38, 526, 2.906183
39, 458, 2.909778
39, 459, 2.906183
39, 460, 2.906183
39, 461, 2.909778
39, 487, 2.906183
39, 488, 2.906183
40, 479, 2.906182
40, 480, 2.909778
40, 493, 2.909778
40, 494, 2.906182
40, 633, 2.906183
40, 634, 2.906183
41, 476, 2.909778
41, 477, 2.906182
41, 481, 2.906182
41, 482, 2.909778
41, 597, 2.906183
41, 598, 2.906183
42, 162, 2.550466
42, 164, 2.812511
42, 168, 2.670678
42, 170, 2.779350
42, 552, 2.812512
42, 553, 2.670679
43, 163, 2.550466
43, 164, 2.812511
43, 165, 2.670678
43, 166, 2.779350
43, 534, 2.812512
43, 537, 2.670679
44, 165, 2.940688
44, 167, 3.056697
44, 168, 2.940688
44, 169, 3.056697
44, 189, 3.097040
44, 191, 3.097040
45, 171, 3.056697
45, 173, 2.940687
45, 177, 2.940688
45, 179, 3.056697
45, 189, 3.097040
45, 190, 3.097040
46, 172, 2.779350
46, 173, 2.670679
46, 174, 2.812511
46, 175, 2.550466
46, 546, 2.812511
46, 547, 2.670679
47, 174, 2.812511
47, 176, 2.550466
47, 177, 2.670679
47, 178, 2.779350
47, 209, 2.670679
47, 210, 2.812511
48, 180, 3.056697
48, 182, 2.940688
48, 186, 2.940687
48, 188, 3.056697
48, 190, 3.097040
48, 191, 3.097040
49, 181, 2.779350
49, 182, 2.670679
49, 183, 2.812511
49, 184, 2.550466
49, 204, 2.812511
49, 206, 2.670679
50, 183, 2.812511
50, 185, 2.550466
50, 186, 2.670679
50, 187, 2.779350
50, 558, 2.670679
50, 559, 2.812511
51, 192, 2.550466
51, 194, 2.812511
51, 198, 2.670678
51, 200, 2.779350
51, 498, 2.812512
51, 499, 2.670679
52, 193, 2.550466
52, 194, 2.812511
52, 195, 2.670678
52, 196, 2.779350
52, 516, 2.812512
52, 519, 2.670679
53, 195, 2.940688
53, 197, 3.056697
53, 198, 2.940688
53, 199, 3.056697
53, 215, 3.097040
53, 217, 3.097040
54, 201, 3.056697
54, 203, 2.940687
54, 206, 2.940688
54, 207, 3.056697
54, 215, 3.097040
54, 216, 3.097040
55, 202, 2.779350
55, 203, 2.670679
55, 204, 2.812511
55, 205, 2.550466
55, 528, 2.812511
55, 529, 2.670679
56, 208, 3.056697
56, 209, 2.940688
56, 212, 2.940687
56, 214, 3.056697
56, 216, 3.097040
56, 217, 3.097040
57, 210, 2.812511
57, 211, 2.550466
57, 212, 2.670679
57, 213, 2.779350
57, 504, 2.670679
57, 505, 2.812511
58, 218, 2.550466
58, 220, 2.812511
58, 224, 2.670679
58, 226, 2.779350
58, 249, 2.812511
58, 250, 2.670679
59, 219, 2.550466
59, 220, 2.812511
59, 221, 2.670679
59, 222, 2.779350
59, 498, 2.812511
59, 501, 2.670679
60, 221, 2.940687
60, 223, 3.056697
60, 224, 2.940687
60, 225, 3.056697
60, 245, 3.097040
60, 247, 3.097040
61, 227, 3.056697
61, 229, 2.940688
61, 233, 2.940688
61, 235, 3.056697
61, 245, 3.097040
61, 246, 3.097040
62, 228, 2.779350
62, 229, 2.670678
62, 230, 2.812511
62, 231, 2.550466
62, 510, 2.812512
62, 511, 2.670679
63, 230, 2.812511
63, 232, 2.550466
63, 233, 2.670678
63, 234, 2.779350
63, 612, 2.670679
63, 613, 2.812512
64, 236, 3.056697
64, 238, 2.940687
64, 242, 2.940687
64, 244, 3.056697
64, 246, 3.097040
64, 247, 3.097040
65, 237, 2.779350
65, 238, 2.670679
65, 239, 2.812511
65, 240, 2.550466
65, 606, 2.812511
65, 607, 2.670679
66, 239, 2.812511
66, 241, 2.550466
66, 242, 2.670679
66, 243, 2.779350
66, 256, 2.670679
66, 257, 2.812511
67, 248, 2.550466
67, 249, 2.812511
67, 252, 2.670679
67, 254, 2.779350
67, 516, 2.812511
67, 517, 2.670679
68, 250, 2.940687
68, 251, 3.056697
68, 252, 2.940687
68, 253, 3.056697
68, 271, 3.097040
68, 273, 3.097040
69, 255, 3.056697
69, 256, 2.940687
69, 259, 2.940687
69, 261, 3.056697
69, 271, 3.097040
69, 272, 3.097040
70, 257, 2.812511
70, 258, 2.550466
70, 259, 2.670679
70, 260, 2.779350
70, 624, 2.812511
70, 627, 2.670679
71, 262, 3.056697
71, 264, 2.940688
71, 268, 2.940688
71, 270, 3.056697
71, 272, 3.097040
71, 273, 3.097040
72, 263, 2.779350
72, 264, 2.670678
72, 265, 2.812511
72, 266, 2.550466
72, 636, 2.812512
72, 637, 2.670679
73, 265, 2.812511
73, 267, 2.550466
73, 268, 2.670678
73, 269, 2.779350
73, 522, 2.670679
73, 523, 2.812512
74, 274, 2.550466
74, 276, 2.812511
74, 280, 2.670679
74, 282, 2.779350
74, 305, 2.812511
74, 306, 2.670679
75, 275, 2.550466
75, 276, 2.812511
75, 277, 2.670679
75, 278, 2.779350
75, 552, 2.812511
75, 555, 2.670679
76, 277, 2.940687
76, 279, 3.056697
76, 280, 2.940687
76, 281, 3.056697
76, 301, 3.097040
76, 303, 3.097040
77, 283, 3.056697
77, 285, 2.940688
77, 289, 2.940688
77, 291, 3.056697
77, 301, 3.097040
77, 302, 3.097040
78, 284, 2.779350
78, 285, 2.670678
78, 286, 2.812511
78, 287, 2.550466
78, 564, 2.812512
78, 565, 2.670679
79, 286, 2.812511
79, 288, 2.550466
79, 289, 2.670678
79, 290, 2.779350
79, 594, 2.670679
79, 595, 2.812512
80, 292, 3.056697
80, 294, 2.940687
80, 298, 2.940687
80, 300, 3.056697
80, 302, 3.097040
80, 303, 3.097040
81, 293, 2.779350
81, 294, 2.670679
81, 295, 2.812511
81, 296, 2.550466
81, 588, 2.812511
81, 589, 2.670679
82, 295, 2.812511
82, 297, 2.550466
82, 298, 2.670679
82, 299, 2.779350
82, 312, 2.670679
82, 313, 2.812511
83, 304, 2.550466
83, 305, 2.812511
83, 308, 2.670679
83, 310, 2.779350
83, 534, 2.812511
83, 535, 2.670679
84, 306, 2.940687
84, 307, 3.056697
84, 308, 2.940687
84, 309, 3.056697
84, 327, 3.097040
84, 329, 3.097040
85, 311, 3.056697
85, 312, 2.940687
85, 315, 2.940687
85, 317, 3.056697
85, 327, 3.097040
85, 328, 3.097040
86, 313, 2.812511
86, 314, 2.550466
86, 315, 2.670679
86, 316, 2.779350
86, 570, 2.812511
86, 573, 2.670679
87, 318, 3.056697
87, 320, 2.940688
87, 324, 2.940688
87, 326, 3.056697
87, 328, 3.097040
87, 329, 3.097040
88, 319, 2.779350
88, 320, 2.670678
88, 321, 2.812511
88, 322, 2.550466
88, 582, 2.812512
88, 583, 2.670679
89, 321, 2.812511
89, 323, 2.550466
89, 324, 2.670678
89, 325, 2.779350
89, 540, 2.670679
89, 541, 2.812512
90, 330, 2.550466
90, 332, 2.812511
90, 336, 2.670678
90, 338, 2.779350
90, 624, 2.812512
90, 625, 2.670679
91, 331, 2.550466
91, 332, 2.812511
91, 333, 2.670678
91, 334, 2.779350
91, 606, 2.812512
91, 609, 2.670679
92, 333, 2.940688
92, 335, 3.056697
92, 336, 2.940688
92, 337, 3.056697
92, 357, 3.097040
92, 359, 3.097040
93, 339, 3.056697
93, 341, 2.940687
93, 345, 2.940688
93, 347, 3.056697
93, 357, 3.097040
93, 358, 3.097040
94, 340, 2.779350
94, 341, 2.670679
94, 342, 2.812511
94, 343, 2.550466
94, 618, 2.812511
94, 619, 2.670679
95, 342, 2.812511
95, 344, 2.550466
95, 345, 2.670679
95, 346, 2.779350
95, 377, 2.670679
95, 378, 2.812511
96, 348, 3.056697
96, 350, 2.940688
96, 354, 2.940687
96, 356, 3.056697
96, 358, 3.097040
96, 359, 3.097040
97, 349, 2.779350
97, 350, 2.670679
97, 351, 2.812511
97, 352, 2.550466
97, 372, 2.812511
97, 374, 2.670679
98, 351, 2.812511
98, 353, 2.550466
98, 354, 2.670679
98, 355, 2.779350
98, 630, 2.670679
98, 631, 2.812511
99, 360, 2.550466
99, 362, 2.812511
99, 366, 2.670678
99, 368, 2.779350
99, 570, 2.812512
99, 571, 2.670679
100, 361, 2.550466
100, 362, 2.812511
100, 363, 2.670678
100, 364, 2.779350
100, 588, 2.812512
100, 591, 2.670679
101, 363, 2.940688
101, 365, 3.056697
101, 366, 2.940688
101, 367, 3.056697
101, 383, 3.097040
101, 385, 3.097040
102, 369, 3.056697
102, 371, 2.940687
102, 374, 2.940688
102, 375, 3.056697
102, 383, 3.097040
102, 384, 3.097040
103, 370, 2.779350
103, 371, 2.670679
103, 372, 2.812511
103, 373, 2.550466
103, 600, 2.812511
103, 601, 2.670679
104, 376, 3.056697
104, 377, 2.940688
104, 380, 2.940687
104, 382, 3.056697
104, 384, 3.097040
104, 385, 3.097040
105, 378, 2.812511
105, 379, 2.550466
105, 380, 2.670679
105, 381, 2.779350
105, 576, 2.670679
105, 577, 2.812511
106, 386, 2.550466
106, 388, 2.812511
106, 392, 2.670678
106, 394, 2.779350
106, 505, 2.812512
106, 506, 2.670679
107, 387, 2.550466
107, 388, 2.812511
107, 389, 2.670678
107, 390, 2.779350
107, 545, 2.670679
107, 546, 2.812512
108, 389, 2.940688
108, 391, 3.056697
108, 392, 2.940688
108, 393, 3.056697
108, 413, 3.097039
108, 415, 3.097039
109, 395, 3.056697
109, 397, 2.940687
109, 401, 2.940688
109, 403, 3.056697
109, 413, 3.097040
109, 414, 3.097040
110, 396, 2.779350
110, 397, 2.670679
110, 398, 2.812511
110, 399, 2.550466
110, 541, 2.812511
110, 542, 2.670679
111, 398, 2.812511
111, 400, 2.550466
111, 401, 2.670679
111, 402, 2.779350
111, 433, 2.670679
111, 434, 2.812511
112, 404, 3.056697
112, 406, 2.940688
112, 410, 2.940687
112, 412, 3.056697
112, 414, 3.097040
112, 415, 3.097040
113, 405, 2.779350
113, 406, 2.670679
113, 407, 2.812511
113, 408, 2.550466
113, 428, 2.812511
113, 430, 2.670679
114, 407, 2.812511
114, 409, 2.550466
114, 410, 2.670679
114, 411, 2.779350
114, 509, 2.670679
114, 510, 2.812511
115, 416, 2.550466
115, 418, 2.812511
115, 422, 2.670678
115, 424, 2.779350
115, 577, 2.812512
115, 578, 2.670679
116, 417, 2.550466
116, 418, 2.812511
116, 419, 2.670678
116, 420, 2.779350
116, 617, 2.670679
116, 618, 2.812512
117, 419, 2.940688
117, 421, 3.056697
117, 422, 2.940688
117, 423, 3.056697
117, 439, 3.097039
117, 441, 3.097039
118, 425, 3.056697
118, 427, 2.940687
118, 430, 2.940688
118, 431, 3.056697
118, 439, 3.097040
118, 440, 3.097040
119, 426, 2.779350
119, 427, 2.670679
119, 428, 2.812511
119, 429, 2.550466
119, 613, 2.812511
119, 614, 2.670679
120, 432, 3.056697
120, 433, 2.940688
120, 436, 2.940687
120, 438, 3.056697
120, 440, 3.097040
120, 441, 3.097040
121, 434, 2.812511
121, 435, 2.550466
121, 436, 2.670679
121, 437, 2.779350
121, 581, 2.670679
121, 582, 2.812511
122, 442, 2.550466
122, 444, 2.812511
122, 448, 2.670678
122, 450, 2.779350
122, 559, 2.812512
122, 560, 2.670679
123, 443, 2.550466
123, 444, 2.812511
123, 445, 2.670678
123, 446, 2.779350
123, 527, 2.670679
123, 528, 2.812512
124, 445, 2.940688
124, 447, 3.056697
124, 448, 2.940688
124, 449, 3.056697
124, 469, 3.097039
124, 471, 3.097039
125, 451, 3.056697
125, 453, 2.940687
125, 457, 2.940688
125, 459, 3.056697
125, 469, 3.097040
125, 470, 3.097040
126, 452, 2.779350
126, 453, 2.670679
126, 454, 2.812511
126, 455, 2.550466
126, 523, 2.812511
126, 524, 2.670679
127, 454, 2.812511
127, 456, 2.550466
127, 457, 2.670679
127, 458, 2.779350
127, 489, 2.670679
127, 490, 2.812511
128, 460, 3.056697
128, 462, 2.940688
128, 466, 2.940687
128, 468, 3.056697
128, 470, 3.097040
128, 471, 3.097040
129, 461, 2.779350
129, 462, 2.670679
129, 463, 2.812511
129, 464, 2.550466
129, 484, 2.812511
129, 486, 2.670679
130, 463, 2.812511
130, 465, 2.550466
130, 466, 2.670679
130, 467, 2.779350
130, 563, 2.670679
130, 564, 2.812511
131, 472, 2.550466
131, 474, 2.812511
131, 478, 2.670678
131, 480, 2.779350
131, 631, 2.812512
131, 632, 2.670679
132, 473, 2.550466
132, 474, 2.812511
132, 475, 2.670678
132, 476, 2.779350
132, 599, 2.670679
132, 600, 2.812512
133, 475, 2.940688
133, 477, 3.056697
133, 478, 2.940688
133, 479, 3.056697
133, 495, 3.097039
133, 497, 3.097039
134, 481, 3.056697
134, 483, 2.940687
134, 486, 2.940688
134, 487, 3.056697
134, 495, 3.097040
134, 496, 3.097040
135, 482, 2.779350
135, 483, 2.670679
135, 484, 2.812511
135, 485, 2.550466
135, 595, 2.812511
135, 596, 2.670679
136, 488, 3.056697
136, 489, 2.940688
136, 492, 2.940687
136, 494, 3.056697
136, 496, 3.097040
136, 497, 3.097040
137, 490, 2.812511
137, 491, 2.550466
137, 492, 2.670679
137, 493, 2.779350
137, 635, 2.670679
137, 636, 2.812511
138, 499, 2.940688
138, 500, 3.056697
138, 501, 2.940688
138, 502, 3.056697
138, 513, 3.097040
138, 515, 3.097040
139, 503, 3.056697
139, 504, 2.940688
139, 506, 2.940688
139, 507, 3.056696
139, 513, 3.097040
139, 514, 3.097040
140, 508, 3.056697
140, 509, 2.940688
140, 511, 2.940687
140, 512, 3.056696
140, 514, 3.097041
140, 515, 3.097040
141, 517, 2.940688
141, 518, 3.056697
141, 519, 2.940688
141, 520, 3.056697
141, 531, 3.097040
141, 533, 3.097040
142, 521, 3.056696
142, 522, 2.940687
142, 524, 2.940688
142, 525, 3.056697
142, 531, 3.097040
142, 532, 3.097041
143, 526, 3.056696
143, 527, 2.940688
143, 529, 2.940688
143, 530, 3.056697
143, 532, 3.097040
143, 533, 3.097040
144, 535, 2.940688
144, 536, 3.056697
144, 537, 2.940688
144, 538, 3.056697
144, 549, 3.097040
144, 551, 3.097040
145, 539, 3.056696
145, 540, 2.940687
145, 542, 2.940688
145, 543, 3.056697
145, 549, 3.097040
145, 550, 3.097041
146, 544, 3.056696
146, 545, 2.940688
146, 547, 2.940688
146, 548, 3.056697
146, 550, 3.097040
146, 551, 3.097040
147, 553, 2.940688
147, 554, 3.056697
147, 555, 2.940688
147, 556, 3.056697
147, 567, 3.097040
147, 569, 3.097040
148, 557, 3.056697
148, 558, 2.940688
148, 560, 2.940688
148, 561, 3.056696
148, 567, 3.097040
148, 568, 3.097040
149, 562, 3.056697
149, 563, 2.940688
149, 565, 2.940687
149, 566, 3.056696
149, 568, 3.097041
149, 569, 3.097040
150, 571, 2.940688
150, 572, 3.056697
150, 573, 2.940688
150, 574, 3.056697
150, 585, 3.097040
150, 587, 3.097040
151, 575, 3.056697
151, 576, 2.940688
151, 578, 2.940688
151, 579, 3.056696
151, 585, 3.097040
151, 586, 3.097040
152, 580, 3.056697
152, 581, 2.940688
152, 583, 2.940687
152, 584, 3.056696
152, 586, 3.097041
152, 587, 3.097040
153, 589, 2.940688
153, 590, 3.056697
153, 591, 2.940688
153, 592, 3.056697
153, 603, 3.097040
153, 605, 3.097040
154, 593, 3.056696
154, 594, 2.940687
154, 596, 2.940688
154, 597, 3.056697
154, 603, 3.097040
154, 604, 3.097041
155, 598, 3.056696
155, 599, 2.940688
155, 601, 2.940688
155, 602, 3.056697
155, 604, 3.097040
155, 605, 3.097040
156, 607, 2.940688
156, 608, 3.056697
156, 609, 2.940688
156, 610, 3.056697
156, 621, 3.097040
156, 623, 3.097040
157, 611, 3.056696
157, 612, 2.940687
157, 614, 2.940688
157, 615, 3.056697
157, 621, 3.097040
157, 622, 3.097041
158, 616, 3.056696
158, 617, 2.940688
158, 619, 2.940688
158, 620, 3.056697
158, 622, 3.097040
158, 623, 3.097040
159, 625, 2.940688
159, 626, 3.056697
159, 627, 2.940688
159, 628, 3.056697
159, 639, 3.097040
159, 641, 3.097040
160, 629, 3.056697
160, 630, 2.940688
160, 632, 2.940688
160, 633, 3.056696
160, 639, 3.097040
160, 640, 3.097040
161, 634, 3.056697
161, 635, 2.940688
161, 637, 2.940687
161, 638, 3.056696
161, 640, 3.097041
161, 641, 3.097040
162, 163, 2.663444
162, 164, 2.476340
162, 275, 2.663444
162, 552, 2.476340
163, 164, 2.476340
163, 304, 2.663444
163, 534, 2.476340
164, 165, 2.764059
164, 168, 2.764059
165, 166, 2.900817
165, 167, 2.970871
165, 168, 2.971343
166, 167, 2.823864
166, 537, 2.900817
166, 538, 2.823863
167, 171, 3.046791
167, 189, 3.046253
168, 169, 2.970871
168, 170, 2.900817
169, 170, 2.823864
169, 188, 3.046791
169, 191, 3.046253
170, 553, 2.900817
170, 554, 2.823863
171, 172, 2.823864
171, 173, 2.970870
171, 189, 3.046254
172, 173, 2.900817
172, 547, 2.900816
172, 548, 2.823863
173, 174, 2.764060
173, 177, 2.971344
174, 175, 2.476341
174, 176, 2.476341
174, 177, 2.764060
175, 176, 2.663444
175, 387, 2.663444
175, 546, 2.476340
176, 210, 2.476341
176, 211, 2.663444
177, 178, 2.900817
177, 179, 2.970870
178, 179, 2.823863
178, 208, 2.823863
178, 209, 2.900817
179, 180, 3.046792
179, 190, 3.046254
180, 181, 2.823863
180, 182, 2.970870
180, 190, 3.046254
181, 182, 2.900817
181, 206, 2.900817
181, 207, 2.823863
182, 183, 2.764060
182, 186, 2.971344
183, 184, 2.476341
183, 185, 2.476341
183, 186, 2.764060
184, 185, 2.663444
184, 204, 2.476341
184, 205, 2.663444
185, 442, 2.663444
185, 559, 2.476340
186, 187, 2.900817
186, 188, 2.970870
187, 188, 2.823864
187, 557, 2.823863
187, 558, 2.900816
188, 191, 3.046254
189, 190, 3.128296
189, 191, 3.128296
190, 191, 3.128296
192, 193, 2.663444
192, 194, 2.476340
192, 219, 2.663444
192, 498, 2.476340
193, 194, 2.476340
193, 248, 2.663444
193, 516, 2.476340
194, 195, 2.764059
194, 198, 2.764059
195, 196, 2.900817
195, 197, 2.970871
195, 198, 2.971343
196, 197, 2.823864
196, 519, 2.900817
196, 520, 2.823863
197, 201, 3.046791
197, 215, 3.046253
198, 199, 2.970871
198, 200, 2.900817
199, 200, 2.823864
199, 214, 3.046791
199, 217, 3.046253
200, 499, 2.900817
200, 500, 2.823863
201, 202, 2.823864
201, 203, 2.970870
201, 215, 3.046254
202, 203, 2.900817
202, 529, 2.900816
202, 530, 2.823863
203, 204, 2.764060
203, 206, 2.971344
204, 205, 2.476341
204, 206, 2.764060
205, 443, 2.663444
205, 528, 2.476340
206, 207, 2.970870
207, 208, 3.046792
207, 216, 3.046254
208, 209, 2.970870
208, 216, 3.046254
209, 210, 2.764060
209, 212, 2.971344
210, 211, 2.476341
210, 212, 2.764060
211, 386, 2.663444
211, 505, 2.476340
212, 213, 2.900817
212, 214, 2.970870
213, 214, 2.823864
213, 503, 2.823863
213, 504, 2.900816
214, 217, 3.046254
215, 216, 3.128296
215, 217, 3.128296
216, 217, 3.128296
218, 219, 2.663444
218, 220, 2.476340
218, 248, 2.663444
218, 249, 2.476340
219, 220, 2.476341
219, 498, 2.476340
220, 221, 2.764060
220, 224, 2.764059
221, 222, 2.900817
221, 223, 2.970870
221, 224, 2.971343
222, 223, 2.823864
222, 501, 2.900816
222, 502, 2.823863
223, 227, 3.046791
223, 245, 3.046254
224, 225, 2.970870
224, 226, 2.900817
225, 226, 2.823863
225, 244, 3.046792
225, 247, 3.046254
226, 250, 2.900817
226, 251, 2.823863
227, 228, 2.823864
227, 229, 2.970871
227, 245, 3.046253
228, 229, 2.900817
228, 511, 2.900817
228, 512, 2.823863
229, 230, 2.764059
229, 233, 2.971343
230, 231, 2.476340
230, 232, 2.476340
230, 233, 2.764059
231, 232, 2.663444
231, 409, 2.663444
231, 510, 2.476340
232, 429, 2.663444
232, 613, 2.476340
233, 234, 2.900817
233, 235, 2.970871
234, 235, 2.823864
234, 611, 2.823863
234, 612, 2.900817
235, 236, 3.046791
235, 246, 3.046253
236, 237, 2.823864
236, 238, 2.970870
236, 246, 3.046254
237, 238, 2.900817
237, 607, 2.900816
237, 608, 2.823863
238, 239, 2.764060
238, 242, 2.971343
239, 240, 2.476341
239, 241, 2.476340
239, 242, 2.764059
240, 241, 2.663444
240, 331, 2.663444
240, 606, 2.476340
241, 257, 2.476340
241, 258, 2.663444
242, 243, 2.900817
242, 244, 2.970870
243, 244, 2.823863
243, 255, 2.823863
243, 256, 2.900817
244, 247, 3.046254
245, 246, 3.128296
245, 247, 3.128296
246, 247, 3.128296
248, 249, 2.476341
248, 516, 2.476340
249, 250, 2.764059
249, 252, 2.764060
250, 251, 2.970870
250, 252, 2.971343
251, 255, 3.046792
251, 271, 3.046254
252, 253, 2.970870
252, 254, 2.900817
253, 254, 2.823864
253, 270, 3.046791
253, 273, 3.046254
254, 517, 2.900816
254, 518, 2.823863
255, 256, 2.970870
255, 271, 3.046254
256, 257, 2.764059
256, 259, 2.971343
257, 258, 2.476341
257, 259, 2.764060
258, 330, 2.663444
258, 624, 2.476340
259, 260, 2.900817
259, 261, 2.970870
260, 261, 2.823864
260, 627, 2.900816
260, 628, 2.823863
261, 262, 3.046791
261, 272, 3.046254
262, 263, 2.823864
262, 264, 2.970871
262, 272, 3.046253
263, 264, 2.900817
263, 637, 2.900817
263, 638, 2.823863
264, 265, 2.764059
264, 268, 2.971343
265, 266, 2.476340
265, 267, 2.476340
265, 268, 2.764059
266, 267, 2.663444
266, 491, 2.663444
266, 636, 2.476340
267, 455, 2.663444
267, 523, 2.476340
268, 269, 2.900817
268, 270, 2.970871
269, 270, 2.823864
269, 521, 2.823863
269, 522, 2.900817
270, 273, 3.046253
271, 272, 3.128296
271, 273, 3.128296
272, 273, 3.128296
274, 275, 2.663444
274, 276, 2.476340
274, 304, 2.663444
274, 305, 2.476340
275, 276, 2.476341
275, 552, 2.476340
276, 277, 2.764060
276, 280, 2.764059
277, 278, 2.900817
277, 279, 2.970870
277, 280, 2.971343
278, 279, 2.823864
278, 555, 2.900816
278, 556, 2.823863
279, 283, 3.046791
279, 301, 3.046254
280, 281, 2.970870
280, 282, 2.900817
281, 282, 2.823863
281, 300, 3.046792
281, 303, 3.046254
282, 306, 2.900817
282, 307, 2.823863
283, 284, 2.823864
283, 285, 2.970871
283, 301, 3.046253
284, 285, 2.900817
284, 565, 2.900817
284, 566, 2.823863
285, 286, 2.764059
285, 289, 2.971343
286, 287, 2.476340
286, 288, 2.476340
286, 289, 2.764059
287, 288, 2.663444
287, 465, 2.663444
287, 564, 2.476340
288, 485, 2.663444
288, 595, 2.476340
289, 290, 2.900817
289, 291, 2.970871
290, 291, 2.823864
290, 593, 2.823863
290, 594, 2.900817
291, 292, 3.046791
291, 302, 3.046253
292, 293, 2.823864
292, 294, 2.970870
292, 302, 3.046254
293, 294, 2.900817
293, 589, 2.900816
293, 590, 2.823863
294, 295, 2.764060
294, 298, 2.971343
295, 296, 2.476341
295, 297, 2.476340
295, 298, 2.764059
296, 297, 2.663444
296, 361, 2.663444
296, 588, 2.476340
297, 313, 2.476340
297, 314, 2.663444
298, 299, 2.900817
298, 300, 2.970870
299, 300, 2.823863
299, 311, 2.823863
299, 312, 2.900817
300, 303, 3.046254
301, 302, 3.128296
301, 303, 3.128296
302, 303, 3.128296
304, 305, 2.476341
304, 534, 2.476340
305, 306, 2.764059
305, 308, 2.764060
306, 307, 2.970870
306, 308, 2.971343
307, 311, 3.046792
307, 327, 3.046254
308, 309, 2.970870
308, 310, 2.900817
309, 310, 2.823864
309, 326, 3.046791
309, 329, 3.046254
310, 535, 2.900816
310, 536, 2.823863
311, 312, 2.970870
311, 327, 3.046254
312, 313, 2.764059
312, 315, 2.971343
313, 314, 2.476341
313, 315, 2.764060
314, 360, 2.663444
314, 570, 2.476340
315, 316, 2.900817
315, 317, 2.970870
316, 317, 2.823864
316, 573, 2.900816
316, 574, 2.823863
317, 318, 3.046791
317, 328, 3.046254
318, 319, 2.823864
318, 320, 2.970871
318, 328, 3.046253
319, 320, 2.900817
319, 583, 2.900817
319, 584, 2.823863
320, 321, 2.764059
320, 324, 2.971343
321, 322, 2.476340
321, 323, 2.476340
321, 324, 2.764059
322, 323, 2.663444
322, 435, 2.663444
322, 582, 2.476340
323, 399, 2.663444
323, 541, 2.476340
324, 325, 2.900817
324, 326, 2.970871
325, 326, 2.823864
325, 539, 2.823863
325, 540, 2.900817
326, 329, 3.046253
327, 328, 3.128296
327, 329, 3.128296
328, 329, 3.128296
330, 331, 2.663444
330, 332, 2.476340
330, 624, 2.476340
331, 332, 2.476340
331, 606, 2.476340
332, 333, 2.764059
332, 336, 2.764059
333, 334, 2.900817
333, 335, 2.970871
333, 336, 2.971343
334, 335, 2.823864
334, 609, 2.900817
334, 610, 2.823863
335, 339, 3.046791
335, 357, 3.046253
336, 337, 2.970871
336, 338, 2.900817
337, 338, 2.823864
337, 356, 3.046791
337, 359, 3.046253
338, 625, 2.900817
338, 626, 2.823863
339, 340, 2.823864
339, 341, 2.970870
339, 357, 3.046254
340, 341, 2.900817
340, 619, 2.900816
340, 620, 2.823863
341, 342, 2.764060
341, 345, 2.971344
342, 343, 2.476341
342, 344, 2.476341
342, 345, 2.764060
343, 344, 2.663444
343, 417, 2.663444
343, 618, 2.476340
344, 378, 2.476341
344, 379, 2.663444
345, 346, 2.900817
345, 347, 2.970870
346, 347, 2.823863
346, 376, 2.823863
346, 377, 2.900817
347, 348, 3.046792
347, 358, 3.046254
348, 349, 2.823863
348, 350, 2.970870
348, 358, 3.046254
349, 350, 2.900817
349, 374, 2.900817
349, 375, 2.823863
350, 351, 2.764060
350, 354, 2.971344
351, 352, 2.476341
351, 353, 2.476341
351, 354, 2.764060
352, 353, 2.663444
352, 372, 2.476341
352, 373, 2.663444
353, 472, 2.663444
353, 631, 2.476340
354, 355, 2.900817
354, 356, 2.970870
355, 356, 2.823864
355, 629, 2.823863
355, 630, 2.900816
356, 359, 3.046254
357, 358, 3.128296
357, 359, 3.128296
358, 359, 3.128296
360, 361, 2.663444
360, 362, 2.476340
360, 570, 2.476340
361, 362, 2.476340
361, 588, 2.476340
362, 363, 2.764059
362, 366, 2.764059
363, 364, 2.900817
363, 365, 2.970871
363, 366, 2.971343
364, 365, 2.823864
364, 591, 2.900817
364, 592, 2.823863
365, 369, 3.046791
365, 383, 3.046253
366, 367, 2.970871
366, 368, 2.900817
367, 368, 2.823864
367, 382, 3.046791
367, 385, 3.046253
368, 571, 2.900817
368, 572, 2.823863
369, 370, 2.823864
369, 371, 2.970870
369, 383, 3.046254
370, 371, 2.900817
370, 601, 2.900816
370, 602, 2.823863
371, 372, 2.764060
371, 374, 2.971344
372, 373, 2.476341
372, 374, 2.764060
373, 473, 2.663444
373, 600, 2.476340
374, 375, 2.970870
375, 376, 3.046792
375, 384, 3.046254
376, 377, 2.970870
376, 384, 3.046254
377, 378, 2.764060
377, 380, 2.971344
378, 379, 2.476341
378, 380, 2.764060
379, 416, 2.663444
379, 577, 2.476340
380, 381, 2.900817
380, 382, 2.970870
381, 382, 2.823864
381, 575, 2.823863
381, 576, 2.900816
382, 385, 3.046254
383, 384, 3.128296
383, 385, 3.128296
384, 385, 3.128296
386, 387, 2.663444
386, 388, 2.476340
386, 505, 2.476340
387, 388, 2.476340
387, 546, 2.476340
388, 389, 2.764059
388, 392, 2.764059
389, 390, 2.900817
389, 391, 2.970871
389, 392, 2.971343
390, 391, 2.823864
390, 544, 2.823863
390, 545, 2.900817
391, 395, 3.046791
391, 413, 3.046253
392, 393, 2.970871
392, 394, 2.900817
393, 394, 2.823864
393, 412, 3.046791
393, 415, 3.046253
394, 506, 2.900817
394, 507, 2.823863
395, 396, 2.823864
395, 397, 2.970870
395, 413, 3.046254
396, 397, 2.900817
396, 542, 2.900816
396, 543, 2.823863
397, 398, 2.764060
397, 401, 2.971343
398, 399, 2.476341
398, 400, 2.476340
398, 401, 2.764059
399, 400, 2.663444
399, 541, 2.476340
400, 434, 2.476340
400, 435, 2.663444
401, 402, 2.900817
401, 403, 2.970870
402, 403, 2.823863
402, 432, 2.823863
402, 433, 2.900817
403, 404, 3.046792
403, 414, 3.046254
404, 405, 2.823863
404, 406, 2.970870
404, 414, 3.046254
405, 406, 2.900817
405, 430, 2.900817
405, 431, 2.823863
406, 407, 2.764059
406, 410, 2.971343
407, 408, 2.476340
407, 409, 2.476341
407, 410, 2.764060
408, 409, 2.663444
408, 428, 2.476340
408, 429, 2.663444
409, 510, 2.476340
410, 411, 2.900817
410, 412, 2.970870
411, 412, 2.823864
411, 508, 2.823863
411, 509, 2.900816
412, 415, 3.046254
413, 414, 3.128296
413, 415, 3.128296
414, 415, 3.128296
416, 417, 2.663444
416, 418, 2.476340
416, 577, 2.476340
417, 418, 2.476340
417, 618, 2.476340
418, 419, 2.764059
418, 422, 2.764059
419, 420, 2.900817
419, 421, 2.970871
419, 422, 2.971343
420, 421, 2.823864
420, 616, 2.823863
420, 617, 2.900817
421, 425, 3.046791
421, 439, 3.046253
422, 423, 2.970871
422, 424, 2.900817
423, 424, 2.823864
423, 438, 3.046791
423, 441, 3.046253
424, 578, 2.900817
424, 579, 2.823863
425, 426, 2.823864
425, 427, 2.970870
425, 439, 3.046254
426, 427, 2.900817
426, 614, 2.900816
426, 615, 2.823863
427, 428, 2.764060
427, 430, 2.971343
428, 429, 2.476341
428, 430, 2.764059
429, 613, 2.476340
430, 431, 2.970870
431, 432, 3.046792
431, 440, 3.046254
432, 433, 2.970870
432, 440, 3.046254
433, 434, 2.764059
433, 436, 2.971343
434, 435, 2.476341
434, 436, 2.764060
435, 582, 2.476340
436, 437, 2.900817
436, 438, 2.970870
437, 438, 2.823864
437, 580, 2.823863
437, 581, 2.900816
438, 441, 3.046254
439, 440, 3.128296
439, 441, 3.128296
440, 441, 3.128296
442, 443, 2.663444
442, 444, 2.476340
442, 559, 2.476340
443, 444, 2.476340
443, 528, 2.476340
444, 445, 2.764059
444, 448, 2.764059
445, 446, 2.900817
445, 447, 2.970871
445, 448, 2.971343
446, 447, 2.823864
446, 526, 2.823863
446, 527, 2.900817
447, 451, 3.046791
447, 469, 3.046253
448, 449, 2.970871
448, 450, 2.900817
449, 450, 2.823864
449, 468, 3.046791
449, 471, 3.046253
450, 560, 2.900817
450, 561, 2.823863
451, 452, 2.823864
451, 453, 2.970870
451, 469, 3.046254
452, 453, 2.900817
452, 524, 2.900816
452, 525, 2.823863
453, 454, 2.764060
453, 457, 2.971343
454, 455, 2.476341
454, 456, 2.476340
454, 457, 2.764059
455, 456, 2.663444
455, 523, 2.476340
456, 490, 2.476340
456, 491, 2.663444
457, 458, 2.900817
457, 459, 2.970870
458, 459, 2.823863
458, 488, 2.823863
458, 489, 2.900817
459, 460, 3.046792
459, 470, 3.046254
460, 461, 2.823863
460, 462, 2.970870
460, 470, 3.046254
461, 462, 2.900817
461, 486, 2.900817
461, 487, 2.823863
462, 463, 2.764059
462, 466, 2.971343
463, 464, 2.476340
463, 465, 2.476341
463, 466, 2.764060
464, 465, 2.663444
464, 484, 2.476340
464, 485, 2.663444
465, 564, 2.476340
466, 467, 2.900817
466, 468, 2.970870
467, 468, 2.823864
467, 562, 2.823863
467, 563, 2.900816
468, 471, 3.046254
469, 470, 3.128296
469, 471, 3.128296
470, 471, 3.128296
472, 473, 2.663444
472, 474, 2.476340
472, 631, 2.476340
473, 474, 2.476340
473, 600, 2.476340
474, 475, 2.764059
474, 478, 2.764059
475, 476, 2.900817
475, 477, 2.970871
475, 478, 2.971343
476, 477, 2.823864
476, 598, 2.823863
476, 599, 2.900817
477, 481, 3.046791
477, 495, 3.046253
478, 479, 2.970871
478, 480, 2.900817
479, 480, 2.823864
479, 494, 3.046791
479, 497, 3.046253
480, 632, 2.900817
480, 633, 2.823863
481, 482, 2.823864
481, 483, 2.970870
481, 495, 3.046254
482, 483, 2.900817
482, 596, 2.900816
482, 597, 2.823863
483, 484, 2.764060
483, 486, 2.971343
484, 485, 2.476341
484, 486, 2.764059
485, 595, 2.476340
486, 487, 2.970870
487, 488, 3.046792
487, 496, 3.046254
488, 489, 2.970870
488, 496, 3.046254
489, 490, 2.764059
489, 492, 2.971343
490, 491, 2.476341
490, 492, 2.764060
491, 636, 2.476340
492, 493, 2.900817
492, 494, 2.970870
493, 494, 2.823864
493, 634, 2.823863
493, 635, 2.900816
494, 497, 3.046254
495, 496, 3.128296
495, 497, 3.128296
496, 497, 3.128296
498, 499, 2.764059
498, 501, 2.764059
499, 500, 2.970870
499, 501, 2.971343
500, 503, 3.046792
500, 513, 3.046254
501, 502, 2.970870
502, 512, 3.046792
502, 515, 3.046254
503, 504, 2.970870
503, 513, 3.046254
504, 505, 2.764059
504, 506, 2.971343
505, 506, 2.764059
506, 507, 2.970870
507, 508, 3.046792
507, 514, 3.046254
508, 509, 2.970870
508, 514, 3.046254
509, 510, 2.764059
509, 511, 2.971343
510, 511, 2.764059
511, 512, 2.970870
512, 515, 3.046254
513, 514, 3.128296
513, 515, 3.128296
514, 515, 3.128296
516, 517, 2.764059
516, 519, 2.764059
517, 518, 2.970870
517, 519, 2.971343
518, 521, 3.046792
518, 531, 3.046254
519, 520, 2.970870
520, 530, 3.046792
520, 533, 3.046254
521, 522, 2.970870
521, 531, 3.046254
522, 523, 2.764059
522, 524, 2.971343
523, 524, 2.764059
524, 525, 2.970870
525, 526, 3.046792
525, 532, 3.046254
526, 527, 2.970870
526, 532, 3.046254
527, 528, 2.764059
527, 529, 2.971343
528, 529, 2.764059
529, 530, 2.970870
530, 533, 3.046254
531, 532, 3.128296
531, 533, 3.128296
532, 533, 3.128296
534, 535, 2.764059
534, 537, 2.764059
535, 536, 2.970870
535, 537, 2.971343
536, 539, 3.046792
536, 549, 3.046254
537, 538, 2.970870
538, 548, 3.046792
538, 551, 3.046254
539, 540, 2.970870
539, 549, 3.046254
540, 541, 2.764059
540, 542, 2.971343
541, 542, 2.764059
542, 543, 2.970870
543, 544, 3.046792
543, 550, 3.046254
544, 545, 2.970870
544, 550, 3.046254
545, 546, 2.764059
545, 547, 2.971343
546, 547, 2.764059
547, 548, 2.970870
548, 551, 3.046254
549, 550, 3.128296
549, 551, 3.128296
550, 551, 3.128296
552, 553, 2.764059
552, 555, 2.764059
553, 554, 2.970870
553, 555, 2.971343
554, 557, 3.046792
554, 567, 3.046254
555, 556, 2.970870
556, 566, 3.046792
556, 569, 3.046254
557, 558, 2.970870
557, 567, 3.046254
558, 559, 2.764059
558, 560, 2.971343
559, 560, 2.764059
560, 561, 2.970870
561, 562, 3.046792
561, 568, 3.046254
562, 563, 2.970870
562, 568, 3.046254
563, 564, 2.764059
563, 565, 2.971343
564, 565, 2.764059
565, 566, 2.970870
566, 569, 3.046254
567, 568, 3.128296
567, 569, 3.128296
568, 569, 3.128296
570, 571, 2.764059
570, 573, 2.764059
571, 572, 2.970870
571, 573, 2.971343
572, 575, 3.046792
572, 585, 3.046254
573, 574, 2.970870
574, 584, 3.046792
574, 587, 3.046254
575, 576, 2.970870
575, 585, 3.046254
576, 577, 2.764059
576, 578, 2.971343
577, 578, 2.764059
578, 579, 2.970870
579, 580, 3.046792
579, 586, 3.046254
580, 581, 2.970870
580, 586, 3.046254
581, 582, 2.764059
581, 583, 2.971343
582, 583, 2.764059
583, 584, 2.970870
584, 587, 3.046254
585, 586, 3.128296
585, 587, 3.128296
586, 587, 3.128296
588, 589, 2.764059
588, 591, 2.764059
589, 590, 2.970870
589, 591, 2.971343
590, 593, 3.046792
590, 603, 3.046254
591, 592, 2.970870
592, 602, 3.046792
592, 605, 3.046254
593, 594, 2.970870
593, 603, 3.046254
594, 595, 2.764059
594, 596, 2.971343
595, 596, 2.764059
596, 597, 2.970870
597, 598, 3.046792
597, 604, 3.046254
598, 599, 2.970870
598, 604, 3.046254
599, 600, 2.764059
599, 601, 2.971343
600, 601, 2.764059
601, 602, 2.970870
602, 605, 3.046254
603, 604, 3.128296
603, 605, 3.128296
604, 605, 3.128296
606, 607, 2.764059
606, 609, 2.764059
607, 608, 2.970870
607, 609, 2.971343
608, 611, 3.046792
608, 621, 3.046254
609, 610, 2.970870
610, 620, 3.046792
610, 623, 3.046254
611, 612, 2.970870
611, 621, 3.046254
612, 613, 2.764059
612, 614, 2.971343
613, 614, 2.764059
614, 615, 2.970870
615, 616, 3.046792
615, 622, 3.046254
616, 617, 2.970870
616, 622, 3.046254
617, 618, 2.764059
617, 619, 2.971343
618, 619, 2.764059
619, 620, 2.970870
620, 623, 3.046254
621, 622, 3.128296
621, 623, 3.128296
622, 623, 3.128296
624, 625, 2.764059
624, 627, 2.764059
625, 626, 2.970870
625, 627, 2.971343
626, 629, 3.046792
626, 639, 3.046254
627, 628, 2.970870
628, 638, 3.046792
628, 641, 3.046254
629, 630, 2.970870
629, 639, 3.046254
630, 631, 2.764059
630, 632, 2.971343
631, 632, 2.764059
632, 633, 2.970870
633, 634, 3.046792
633, 640, 3.046254
634, 635, 2.970870
634, 640, 3.046254
635, 636, 2.764059
635, 637, 2.971343
636, 637, 2.764059
637, 638, 2.970870
638, 641, 3.046254
639, 640, 3.128296
639, 641, 3.128296
640, 641, 3.128296
