source_idx: 284
h_value: 0.900505

points:
0.000000, 3.154387, -5.103905, 4.241224
0.000000, 3.154387, 5.103905, 12.702835
0.000000, -3.154387, 5.103905, 14.608332
-3.154387, 5.103905, 0.000000, 10.206335
-3.154387, -5.103905, 0.000000, 12.702835
3.154387, 5.103905, 0.000000, 6.146721
3.154387, -5.103905, 0.000000, 8.643221
0.000000, -3.154387, -5.103905, 6.146721
5.103905, 0.000000, 3.154387, 8.643221
-5.103905, 0.000000, 3.154387, 16.447888
-5.103905, 0.000000, -3.154387, 10.206335
5.103905, 0.000000, -3.154387, 2.401668
1.854102, 4.854102, -3.000000, 4.315101
-1.854102, 4.854102, -3.000000, 7.146833
0.000000, 6.000000, 0.000000, 8.038200
-1.854102, 4.854102, 3.000000, 11.774856
1.854102, 4.854102, 3.000000, 9.424778
0.000000, 0.000000, 6.000000, 14.534455
-3.000000, 1.854102, 4.854102, 15.483467
-3.000000, -1.854102, 4.854102, 17.929778
3.000000, 1.854102, 4.854102, 10.811356
3.000000, -1.854102, 4.854102, 11.702723
0.000000, 0.000000, -6.000000, 4.315101
3.000000, 1.854102, -4.854102, 0.919778
3.000000, -1.854102, -4.854102, 3.366089
-3.000000, 1.854102, -4.854102, 7.146833
-3.000000, -1.854102, -4.854102, 8.038200
1.854102, -4.854102, 3.000000, 11.702723
-1.854102, -4.854102, 3.000000, 14.534455
0.000000, -6.000000, 0.000000, 10.811356
-1.854102, -4.854102, -3.000000, 9.424778
1.854102, -4.854102, -3.000000, 7.074700
-4.854102, 3.000000, 1.854102, 13.419443
-4.854102, 3.000000, -1.854102, 10.344556
-6.000000, 0.000000, 0.000000, 13.419442
-4.854102, -3.000000, -1.854102, 11.774856
-4.854102, -3.000000, 1.854102, 15.483467
4.854102, 3.000000, -1.854102, 3.366089
4.854102, 3.000000, 1.854102, 7.074700
6.000000, 0.000000, 0.000000, 5.430114
4.854102, -3.000000, 1.854102, 8.505000
4.854102, -3.000000, -1.854102, 5.430113
0.885725, 4.090310, -4.299402, 3.994731
-0.885725, 4.090310, -4.299402, 5.533205
0.000000, 5.103904, -3.154387, 5.635691
-0.974759, 5.706339, -1.577193, 7.500437
-2.657176, 5.185127, -1.433134, 8.799068
-1.771451, 5.732535, 0.000000, 9.205895
0.974759, 5.706339, -1.577193, 6.172104
1.771451, 5.732535, 0.000000, 6.947839
2.657176, 5.185127, -1.433134, 5.169927
-0.885725, 4.090310, 4.299402, 12.388712
0.885725, 4.090310, 4.299402, 11.201299
0.000000, 5.103904, 3.154387, 10.637172
0.974759, 5.706339, 1.577193, 8.700524
2.657176, 5.185127, 1.433134, 7.648257
-0.974759, 5.706339, 1.577193, 9.906961
-2.657176, 5.185127, 1.433134, 10.973770
0.000000, 1.771451, 5.732535, 13.679629
-1.433134, 2.657176, 5.185127, 14.045864
-1.577193, 0.974759, 5.706339, 15.415952
-3.154387, 0.000000, 5.103904, 17.250832
-4.299402, 0.885725, 4.090310, 16.459068
-4.299402, -0.885725, 4.090310, 17.971082
-1.577193, -0.974759, 5.706339, 16.359261
-1.433134, -2.657176, 5.185127, 16.131526
0.000000, -1.771451, 5.732535, 14.854825
1.433134, 2.657176, 5.185127, 11.901717
1.577193, 0.974759, 5.706339, 12.677452
1.577193, -0.974759, 5.706339, 13.213865
1.433134, -2.657176, 5.185127, 13.316351
3.154387, 0.000000, 5.103904, 11.349119
4.299402, -0.885725, 4.090310, 10.050488
4.299402, 0.885725, 4.090310, 9.643661
0.000000, 1.771451, -5.732535, 3.994731
1.433134, 2.657176, -5.185127, 2.718029
1.577193, 0.974759, -5.706339, 2.490295
3.154387, 0.000000, -5.103904, 1.598724
4.299402, 0.885725, -4.090310, 0.878474
4.299402, -0.885725, -4.090310, 2.390488
1.577193, -0.974759, -5.706339, 3.433604
1.433134, -2.657176, -5.185127, 4.803692
0.000000, -1.771451, -5.732535, 5.169927
-1.433134, 2.657176, -5.185127, 5.533205
-1.577193, 0.974759, -5.706339, 5.635691
-1.577193, -0.974759, -5.706339, 6.172104
-1.433134, -2.657176, -5.185127, 6.947839
-3.154387, 0.000000, -5.103904, 7.500437
-4.299402, -0.885725, -4.090310, 9.205895
-4.299402, 0.885725, -4.090310, 8.799068
0.885725, -4.090310, 4.299402, 13.316351
-0.885725, -4.090310, 4.299402, 14.854825
0.000000, -5.103904, 3.154387, 13.213865
-0.974759, -5.706339, 1.577193, 12.677452
-2.657176, -5.185127, 1.433134, 13.679629
-1.771451, -5.732535, 0.000000, 11.901717
0.974759, -5.706339, 1.577193, 11.349119
1.771451, -5.732535, 0.000000, 9.643661
2.657176, -5.185127, 1.433134, 10.050488
-0.885725, -4.090310, -4.299402, 7.648257
0.885725, -4.090310, -4.299402, 6.460844
0.000000, -5.103904, -3.154387, 8.212384
0.974759, -5.706339, -1.577193, 8.942595
2.657176, -5.185127, -1.433134, 7.875786
-0.974759, -5.706339, -1.577193, 10.149032
-2.657176, -5.185127, -1.433134, 11.201299
-4.090310, 4.299402, 0.885725, 11.686006
-4.090310, 4.299402, -0.885725, 10.303252
-5.103904, 3.154387, 0.000000, 11.926691
-5.706339, 1.577193, -0.974759, 11.926691
-5.185127, 1.433134, -2.657176, 10.303252
-5.732535, 0.000000, -1.771451, 11.686006
-5.706339, 1.577193, 0.974759, 13.666002
-5.732535, 0.000000, 1.771451, 15.112875
-5.185127, 1.433134, 2.657176, 15.112874
-4.090310, -4.299402, -0.885725, 12.388712
-4.090310, -4.299402, 0.885725, 14.045864
-5.103904, -3.154387, 0.000000, 13.637501
-5.706339, -1.577193, 0.974759, 14.696635
-5.185127, -1.433134, 2.657176, 16.459068
-5.706339, -1.577193, -0.974759, 12.744045
-5.185127, -1.433134, -2.657176, 10.973770
4.090310, 4.299402, -0.885725, 4.803692
4.090310, 4.299402, 0.885725, 6.460844
5.103904, 3.154387, 0.000000, 5.212055
5.706339, 1.577193, 0.974759, 6.105511
5.185127, 1.433134, 2.657176, 7.875786
5.732535, 0.000000, 1.771451, 7.163550
5.706339, 1.577193, -0.974759, 4.152921
5.732535, 0.000000, -1.771451, 3.736681
5.185127, 1.433134, -2.657176, 2.390488
4.090310, -4.299402, 0.885725, 8.546304
4.090310, -4.299402, -0.885725, 7.163550
5.103904, -3.154387, 0.000000, 6.922865
5.706339, -1.577193, -0.974759, 5.183554
5.185127, -1.433134, -2.657176, 3.736681
5.706339, -1.577193, 0.974759, 6.922865
5.185127, -1.433134, 2.657176, 8.546304
-2.551952, 3.526711, 4.129146, 13.637501
-3.526711, 4.129146, 2.551952, 12.744044
-4.129146, 2.551953, 3.526712, 14.696635
2.551952, 3.526711, 4.129146, 10.149032
4.129146, 2.551953, 3.526712, 8.942595
3.526711, 4.129146, 2.551952, 8.212384
-2.551952, 3.526711, -4.129146, 7.023109
-4.129146, 2.551953, -3.526712, 8.735906
-3.526711, 4.129146, -2.551952, 8.735906
2.551952, 3.526711, -4.129146, 2.490295
3.526711, 4.129146, -2.551952, 3.433604
4.129146, 2.551953, -3.526712, 1.598724
-2.551952, -3.526711, -4.129146, 8.700524
-3.526711, -4.129146, -2.551952, 10.637172
-4.129146, -2.551953, -3.526712, 9.906961
2.551952, -3.526711, -4.129146, 5.212055
4.129146, -2.551953, -3.526712, 4.152921
3.526711, -4.129146, -2.551952, 6.105511
-2.551952, -3.526711, 4.129146, 16.359261
-4.129146, -2.551953, 3.526712, 17.250832
-3.526711, -4.129146, 2.551952, 15.415952
2.551952, -3.526711, 4.129146, 11.826446
3.526711, -4.129146, 2.551952, 10.113650
4.129146, -2.551953, 3.526712, 10.113649
0.420544, 3.624261, -4.763179, 4.067279
-0.420544, 3.624261, -4.763179, 4.836597
0.000000, 4.135620, -4.347027, 4.747554
-0.469159, 4.623145, -3.795579, 5.532833
-1.374269, 4.514063, -3.706024, 6.313991
-0.962145, 5.037856, -3.113566, 6.395653
0.469159, 4.623145, -3.795579, 4.766404
0.962145, 5.037856, -3.113566, 4.923653
1.374269, 4.514063, -3.706024, 4.071186
-1.443217, 5.335175, -2.335175, 7.292780
-2.290449, 5.080293, -2.223614, 7.989329
-1.876638, 5.493014, -1.518232, 8.174515
-2.238842, 5.519300, -0.724505, 8.998041
-2.943807, 5.183723, -0.680454, 9.543848
-2.523263, 5.443634, 0.000000, 9.736627
-1.407478, 5.782971, -0.759116, 8.393388
-0.916180, 5.929638, 0.000000, 8.630201
-0.481072, 5.929813, -0.778391, 7.756706
0.481072, 5.929813, -0.778391, 7.128151
0.916180, 5.929638, 0.000000, 7.466125
1.407478, 5.782971, -0.759116, 6.551136
2.238842, 5.519300, -0.724505, 6.058882
2.523263, 5.443634, 0.000000, 6.505583
2.943807, 5.183723, -0.680454, 5.666191
1.876638, 5.493014, -1.518232, 5.614209
2.290449, 5.080293, -2.223614, 4.700157
1.443217, 5.335175, -2.335175, 5.218270
-0.493941, 5.477895, -2.397642, 6.564190
0.000000, 5.783167, -1.598428, 6.816200
0.493941, 5.477895, -2.397642, 5.854082
-0.420544, 3.624261, 4.763179, 12.581610
0.420544, 3.624261, 4.763179, 11.996472
0.000000, 4.135620, 4.347027, 11.810353
0.469159, 4.623145, 3.795579, 10.947974
1.374269, 4.514063, 3.706024, 10.333686
0.962145, 5.037856, 3.113566, 10.020043
-0.469159, 4.623145, 3.795579, 11.555756
-0.962145, 5.037856, 3.113566, 11.234981
-1.374269, 4.514063, 3.706024, 12.117377
1.443217, 5.335175, 2.335175, 9.067995
2.290449, 5.080293, 2.223614, 8.515870
1.876638, 5.493014, 1.518232, 8.139922
2.238842, 5.519300, 0.724505, 7.277261
2.943807, 5.183723, 0.680454, 6.853084
1.407478, 5.782971, 0.759116, 7.781510
0.481072, 5.929813, 0.778391, 8.349309
-0.481072, 5.929813, 0.778391, 8.948848
-1.407478, 5.782971, 0.759116, 9.540700
-2.238842, 5.519300, 0.724505, 10.089916
-2.943807, 5.183723, 0.680454, 10.574739
-1.876638, 5.493014, 1.518232, 10.473337
-2.290449, 5.080293, 2.223614, 11.383431
-1.443217, 5.335175, 2.335175, 10.864857
0.493941, 5.477895, 2.397642, 9.668920
0.000000, 5.783167, 1.598428, 9.302732
-0.493941, 5.477895, 2.397642, 10.281952
0.000000, 2.523263, 5.443634, 13.183365
-0.680454, 2.943807, 5.183723, 13.343462
-0.724505, 2.238842, 5.519300, 13.921074
-1.518232, 1.876638, 5.493014, 14.730167
-2.223614, 2.290449, 5.080293, 14.778370
-2.335174, 1.443217, 5.335175, 15.569788
-0.759116, 1.407478, 5.782970, 14.509056
-0.778391, 0.481072, 5.929813, 15.041968
0.000000, 0.916180, 5.929638, 14.149399
-3.113566, 0.962145, 5.037856, 16.365231
-3.706024, 1.374269, 4.514063, 16.076400
-3.795579, 0.469159, 4.623145, 16.993339
-4.347027, 0.000000, 4.135620, 17.282183
-4.763179, 0.420544, 3.624261, 16.570784
-4.763179, -0.420544, 3.624261, 17.165066
-3.795579, -0.469159, 4.623145, 17.932617
-3.706024, -1.374269, 4.514063, 18.849556
-3.113566, -0.962145, 5.037856, 17.956987
-2.335174, -1.443217, 5.335175, 17.245342
-2.223614, -2.290449, 5.080293, 17.010000
-1.518232, -1.876638, 5.493014, 16.383322
-0.724505, -2.238842, 5.519300, 15.544901
-0.680454, -2.943807, 5.183723, 15.325510
0.000000, -2.523263, 5.443634, 14.782277
-0.759116, -1.407478, 5.782970, 15.601376
0.000000, -0.916180, 5.929638, 14.778370
-0.778391, -0.481072, 5.929813, 15.431093
-2.397642, 0.493941, 5.477895, 16.355545
-2.397642, -0.493941, 5.477895, 16.993979
-1.598428, 0.000000, 5.783167, 16.004976
0.680454, 2.943807, 5.183723, 12.343974
0.724505, 2.238842, 5.519300, 12.790674
0.759116, 1.407478, 5.782970, 13.235347
0.778391, 0.481072, 5.929813, 13.631286
1.518232, 1.876638, 5.493014, 12.298420
2.335174, 1.443217, 5.335175, 11.721406
2.223614, 2.290449, 5.080293, 11.383431
0.778391, -0.481072, 5.929813, 13.925903
0.759116, -1.407478, 5.782970, 14.083152
0.724505, -2.238842, 5.519300, 14.102001
0.680454, -2.943807, 5.183723, 14.012959
1.518232, -1.876638, 5.493014, 13.316723
2.223614, -2.290449, 5.080293, 12.535565
2.335174, -1.443217, 5.335175, 12.453903
3.113566, -0.962145, 5.037856, 11.556776
3.706024, -1.374269, 4.514063, 10.860227
3.795579, -0.469159, 4.623145, 10.675041
4.347027, 0.000000, 4.135620, 9.851514
4.763179, -0.420544, 3.624261, 9.305708
4.763179, 0.420544, 3.624261, 9.112928
3.795579, 0.469159, 4.623145, 10.456168
3.706024, 1.374269, 4.514063, 10.219355
3.113566, 0.962145, 5.037856, 11.092850
1.598428, 0.000000, 5.783167, 12.995474
2.397642, -0.493941, 5.477895, 12.285366
2.397642, 0.493941, 5.477895, 12.033356
0.000000, 2.523263, -5.443634, 4.067279
0.680454, 2.943807, -5.183723, 3.524046
0.724505, 2.238842, -5.519300, 3.304655
1.518232, 1.876638, -5.493014, 2.466234
2.223614, 2.290449, -5.080293, 1.839556
2.335174, 1.443217, -5.335175, 1.604214
0.759116, 1.407478, -5.782970, 3.248179
0.778391, 0.481072, -5.929813, 3.418463
0.000000, 0.916180, -5.929638, 4.071186
3.113566, 0.962145, -5.037856, 0.892569
3.706024, 1.374269, -4.514063, 0.000000
3.795579, 0.469159, -4.623145, 0.916939
4.347027, 0.000000, -4.135620, 1.567373
4.763179, 0.420544, -3.624261, 1.684490
4.763179, -0.420544, -3.624261, 2.278772
3.795579, -0.469159, -4.623145, 1.856217
3.706024, -1.374269, -4.514063, 2.773156
3.113566, -0.962145, -5.037856, 2.484325
2.335174, -1.443217, -5.335175, 3.279768
2.223614, -2.290449, -5.080293, 4.071186
1.518232, -1.876638, -5.493014, 4.119389
0.724505, -2.238842, -5.519300, 4.928481
0.680454, -2.943807, -5.183723, 5.506094
0.000000, -2.523263, -5.443634, 5.666191
0.759116, -1.407478, -5.782970, 4.340500
0.000000, -0.916180, -5.929638, 4.700157
0.778391, -0.481072, -5.929813, 3.807588
2.397642, 0.493941, -5.477895, 1.855577
2.397642, -0.493941, -5.477895, 2.494011
1.598428, 0.000000, -5.783167, 2.844580
-0.680454, 2.943807, -5.183723, 4.836597
-0.724505, 2.238842, -5.519300, 4.747554
-0.759116, 1.407478, -5.782970, 4.766404
-0.778391, 0.481072, -5.929813, 4.923653
-1.518232, 1.876638, -5.493014, 5.532833
-2.335174, 1.443217, -5.335175, 6.395653
-2.223614, 2.290449, -5.080293, 6.313991
-0.778391, -0.481072, -5.929813, 5.218270
-0.759116, -1.407478, -5.782970, 5.614209
-0.724505, -2.238842, -5.519300, 6.058881
-0.680454, -2.943807, -5.183723, 6.505582
-1.518232, -1.876638, -5.493014, 6.551136
-2.223614, -2.290449, -5.080293, 7.466125
-2.335174, -1.443217, -5.335175, 7.128150
-3.113566, -0.962145, -5.037856, 7.756706
-3.706024, -1.374269, -4.514063, 8.630201
-3.795579, -0.469159, -4.623145, 8.393388
-4.347027, 0.000000, -4.135620, 8.998041
-4.763179, -0.420544, -3.624261, 9.736628
-4.763179, 0.420544, -3.624261, 9.543848
-3.795579, 0.469159, -4.623145, 8.174515
-3.706024, 1.374269, -4.514063, 7.989329
-3.113566, 0.962145, -5.037856, 7.292780
-1.598428, 0.000000, -5.783167, 5.854082
-2.397642, -0.493941, -5.477895, 6.816200
-2.397642, 0.493941, -5.477895, 6.564190
0.420544, -3.624261, 4.763179, 14.012959
-0.420544, -3.624261, 4.763179, 14.782277
0.000000, -4.135620, 4.347027, 14.102001
-0.469159, -4.623145, 3.795579, 14.083152
-1.374269, -4.514063, 3.706024, 14.778370
-0.962145, -5.037856, 3.113566, 13.925903
0.469159, -4.623145, 3.795579, 13.316723
0.962145, -5.037856, 3.113566, 12.453903
1.374269, -4.514063, 3.706024, 12.535565
-1.443217, -5.335175, 2.335175, 13.631286
-2.290449, -5.080293, 2.223614, 14.149399
-1.876638, -5.493014, 1.518232, 13.235347
-2.238842, -5.519300, 0.724505, 12.790674
-2.943807, -5.183723, 0.680454, 13.183365
-2.523263, -5.443634, 0.000000, 12.343973
-1.407478, -5.782971, 0.759116, 12.298420
-0.916180, -5.929638, 0.000000, 11.383431
-0.481072, -5.929813, 0.778391, 11.721405
0.481072, -5.929813, 0.778391, 11.092850
0.916180, -5.929638, 0.000000, 10.219354
1.407478, -5.782971, 0.759116, 10.456168
2.238842, -5.519300, 0.724505, 9.851514
2.523263, -5.443634, 0.000000, 9.112928
2.943807, -5.183723, 0.680454, 9.305708
1.876638, -5.493014, 1.518232, 10.675041
2.290449, -5.080293, 2.223614, 10.860227
1.443217, -5.335175, 2.335175, 11.556776
-0.493941, -5.477895, 2.397642, 12.995473
0.000000, -5.783167, 1.598428, 12.033356
0.493941, -5.477895, 2.397642, 12.285366
-0.420544, -3.624261, -4.763179, 6.853083
0.420544, -3.624261, -4.763179, 6.267946
0.000000, -4.135620, -4.347027, 7.039203
0.469159, -4.623145, -3.795579, 7.293800
1.374269, -4.514063, -3.706024, 6.732178
0.962145, -5.037856, -3.113566, 7.614575
-0.469159, -4.623145, -3.795579, 7.901582
-0.962145, -5.037856, -3.113566, 8.829513
-1.374269, -4.514063, -3.706024, 8.515870
1.443217, -5.335175, -2.335175, 7.984699
2.290449, -5.080293, -2.223614, 7.466125
1.876638, -5.493014, -1.518232, 8.376219
2.238842, -5.519300, -0.724505, 8.759640
2.943807, -5.183723, -0.680454, 8.274817
1.407478, -5.782971, -0.759116, 9.308856
0.481072, -5.929813, -0.778391, 9.900708
-0.481072, -5.929813, -0.778391, 10.500247
-1.407478, -5.782971, -0.759116, 11.068046
-2.238842, -5.519300, -0.724505, 11.572295
-2.943807, -5.183723, -0.680454, 11.996472
-1.876638, -5.493014, -1.518232, 10.709634
-2.290449, -5.080293, -2.223614, 10.333686
-1.443217, -5.335175, -2.335175, 9.781561
0.493941, -5.477895, -2.397642, 8.567604
0.000000, -5.783167, -1.598428, 9.546824
-0.493941, -5.477895, -2.397642, 9.180636
-3.624261, 4.763179, 0.420544, 10.903720
-3.624261, 4.763179, -0.420544, 10.258684
-4.135620, 4.347027, 0.000000, 11.001655
-4.623145, 3.795579, -0.469159, 11.078906
-4.514063, 3.706024, -1.374269, 10.333686
-5.037856, 3.113566, -0.962145, 11.122049
-4.623145, 3.795579, 0.469159, 11.827690
-5.037856, 3.113566, 0.962145, 12.708756
-4.514063, 3.706024, 1.374269, 12.535565
-5.335175, 2.335174, -1.443217, 11.122049
-5.080293, 2.223614, -2.290449, 10.333686
-5.493014, 1.518232, -1.876638, 11.078906
-5.519300, 0.724505, -2.238842, 11.001655
-5.183723, 0.680454, -2.943807, 10.258684
-5.443634, 0.000000, -2.523263, 10.903720
-5.782971, 0.759116, -1.407478, 11.827690
-5.929638, 0.000000, -0.916180, 12.535565
-5.929813, 0.778391, -0.481072, 12.708756
-5.929813, 0.778391, 0.481072, 13.599993
-5.929638, 0.000000, 0.916180, 14.293665
-5.782971, 0.759116, 1.407478, 14.448545
-5.519300, 0.724505, 2.238842, 15.206448
-5.443634, 0.000000, 2.523263, 15.839640
-5.183723, 0.680454, 2.943807, 15.839640
-5.493014, 1.518232, 1.876638, 14.448545
-5.080293, 2.223614, 2.290449, 14.293666
-5.335175, 2.335174, 1.443217, 13.599993
-5.477895, 2.397642, -0.493941, 11.962522
-5.783167, 1.598428, 0.000000, 12.807069
-5.477895, 2.397642, 0.493941, 12.807069
-3.624261, -4.763179, -0.420544, 12.581610
-3.624261, -4.763179, 0.420544, 13.343462
-4.135620, -4.347027, 0.000000, 13.223669
-4.623145, -3.795579, 0.469159, 13.908502
-4.514063, -3.706024, 1.374269, 14.778370
-5.037856, -3.113566, 0.962145, 14.587369
-4.623145, -3.795579, -0.469159, 13.005552
-5.037856, -3.113566, -0.962145, 12.683686
-4.514063, -3.706024, -1.374269, 12.117377
-5.335175, -2.335174, 1.443217, 15.186324
-5.080293, -2.223614, 2.290449, 16.076400
-5.493014, -1.518232, 1.876638, 15.621717
-5.519300, -0.724505, 2.238842, 15.836936
-5.183723, -0.680454, 2.943807, 16.570784
-5.782971, -0.759116, 1.407478, 14.996474
-5.929813, -0.778391, 0.481072, 14.081211
-5.929813, -0.778391, -0.481072, 13.135955
-5.782971, -0.759116, -1.407478, 12.210749
-5.519300, -0.724505, -2.238842, 11.348229
-5.183723, -0.680454, -2.943807, 10.574739
-5.493014, -1.518232, -1.876638, 11.816345
-5.080293, -2.223614, -2.290449, 11.383431
-5.335175, -2.335174, -1.443217, 12.275244
-5.477895, -2.397642, 0.493941, 14.225037
-5.783167, -1.598428, 0.000000, 13.720741
-5.477895, -2.397642, -0.493941, 13.237292
3.624261, 4.763179, -0.420544, 5.506094
3.624261, 4.763179, 0.420544, 6.267946
4.135620, 4.347027, 0.000000, 5.625887
4.623145, 3.795579, 0.469159, 5.844004
4.514063, 3.706024, 1.374269, 6.732178
5.037856, 3.113566, 0.962145, 6.165870
4.623145, 3.795579, -0.469159, 4.941054
5.037856, 3.113566, -0.962145, 4.262187
4.514063, 3.706024, -1.374269, 4.071186
5.335175, 2.335174, 1.443217, 6.574312
5.080293, 2.223614, 2.290449, 7.466125
5.493014, 1.518232, 1.876638, 7.033211
5.519300, 0.724505, 2.238842, 7.501327
5.183723, 0.680454, 2.943807, 8.274817
5.443634, 0.000000, 2.523263, 7.945836
5.782971, 0.759116, 1.407478, 6.638807
5.929638, 0.000000, 0.916180, 6.313991
5.929813, 0.778391, 0.481072, 5.713601
5.929813, 0.778391, -0.481072, 4.768345
5.929638, 0.000000, -0.916180, 4.555890
5.782971, 0.759116, -1.407478, 3.853082
5.519300, 0.724505, -2.238842, 3.012619
5.443634, 0.000000, -2.523263, 3.009916
5.183723, 0.680454, -2.943807, 2.278771
5.493014, 1.518232, -1.876638, 3.227839
5.080293, 2.223614, -2.290449, 2.773156
5.335175, 2.335174, -1.443217, 3.663231
5.477895, 2.397642, 0.493941, 5.612264
5.783167, 1.598428, 0.000000, 5.128815
5.477895, 2.397642, -0.493941, 4.624519
3.624261, -4.763179, 0.420544, 8.590872
3.624261, -4.763179, -0.420544, 7.945836
4.135620, -4.347027, 0.000000, 7.847901
4.623145, -3.795579, -0.469159, 7.021866
4.514063, -3.706024, -1.374269, 6.313991
5.037856, -3.113566, -0.962145, 6.140800
4.623145, -3.795579, 0.469159, 7.770650
5.037856, -3.113566, 0.962145, 7.727507
4.514063, -3.706024, 1.374269, 8.515870
5.335175, -2.335174, -1.443217, 5.249563
5.080293, -2.223614, -2.290449, 4.555890
5.493014, -1.518232, -1.876638, 4.401011
5.519300, -0.724505, -2.238842, 3.643108
5.183723, -0.680454, -2.943807, 3.009916
5.782971, -0.759116, -1.407478, 4.401011
5.929813, -0.778391, -0.481072, 5.249563
5.929813, -0.778391, 0.481072, 6.140800
5.782971, -0.759116, 1.407478, 7.021866
5.519300, -0.724505, 2.238842, 7.847901
5.183723, -0.680454, 2.943807, 8.590872
5.493014, -1.518232, 1.876638, 7.770650
5.080293, -2.223614, 2.290449, 8.515870
5.335175, -2.335174, 1.443217, 7.727507
5.477895, -2.397642, -0.493941, 6.042487
5.783167, -1.598428, 0.000000, 6.042487
5.477895, -2.397642, 0.493941, 6.887034
-1.172273, 3.411115, 4.794796, 13.223669
-1.697435, 3.864029, 4.264739, 13.005552
-2.221609, 4.259464, 3.594638, 12.683686
-1.987391, 3.104913, 4.733898, 13.908502
-2.816247, 2.702681, 4.556783, 14.587369
-2.702681, 4.556782, 2.816247, 12.275244
-3.104913, 4.733899, 1.987391, 11.816345
-3.411115, 4.794796, 1.172273, 11.348229
-3.864029, 4.264739, 1.697435, 12.210750
-4.259464, 3.594638, 2.221609, 13.135955
-4.556783, 2.816247, 2.702681, 14.081211
-4.733899, 1.987391, 3.104913, 14.996474
-4.794796, 1.172273, 3.411115, 15.836936
-4.264739, 1.697435, 3.864029, 15.621717
-3.594638, 2.221609, 4.259464, 15.186324
-3.080253, 3.879467, 3.385525, 13.237293
-3.879467, 3.385525, 3.080253, 13.720741
-3.385525, 3.080253, 3.879467, 14.225037
1.172273, 3.411115, 4.794796, 11.572295
1.987391, 3.104913, 4.733898, 11.068046
2.816247, 2.702681, 4.556783, 10.500247
1.697435, 3.864029, 4.264739, 10.709634
2.221609, 4.259464, 3.594638, 9.781561
3.594638, 2.221609, 4.259464, 9.900708
4.264739, 1.697435, 3.864029, 9.308856
4.794796, 1.172273, 3.411115, 8.759640
4.733899, 1.987391, 3.104913, 8.376219
4.556783, 2.816247, 2.702681, 7.984699
4.259464, 3.594638, 2.221609, 7.614575
3.864029, 4.264739, 1.697435, 7.293800
3.411115, 4.794796, 1.172273, 7.039203
3.104913, 4.733899, 1.987391, 7.901582
2.702681, 4.556782, 2.816247, 8.829514
3.385525, 3.080253, 3.879467, 9.546824
3.879467, 3.385525, 3.080253, 8.567604
3.080253, 3.879467, 3.385525, 9.180636
-1.172273, 3.411115, -4.794796, 5.482664
-1.987391, 3.104913, -4.733898, 6.230941
-2.816247, 2.702681, -4.556783, 7.055925
-1.697435, 3.864029, -4.264739, 6.230941
-2.221609, 4.259464, -3.594638, 7.055925
-3.594638, 2.221609, -4.259464, 7.915794
-4.264739, 1.697435, -3.864029, 8.761766
-4.794796, 1.172273, -3.411115, 9.551558
-4.733899, 1.987391, -3.104913, 9.557615
-4.556783, 2.816247, -2.702681, 9.560989
-4.259464, 3.594638, -2.221609, 9.560988
-3.864029, 4.264739, -1.697435, 9.557615
-3.411115, 4.794796, -1.172273, 9.551557
-3.104913, 4.733899, -1.987391, 8.761766
-2.702681, 4.556782, -2.816247, 7.915794
-3.385525, 3.080253, -3.879467, 7.874517
-3.879467, 3.385525, -3.080253, 8.726590
-3.080253, 3.879467, -3.385525, 7.874517
1.172273, 3.411115, -4.794796, 3.304655
1.697435, 3.864029, -4.264739, 3.248180
2.221609, 4.259464, -3.594638, 3.418463
1.987391, 3.104913, -4.733898, 2.466234
2.816247, 2.702681, -4.556783, 1.604214
2.702681, 4.556782, -2.816247, 3.807588
3.104913, 4.733899, -1.987391, 4.340500
3.411115, 4.794796, -1.172273, 4.928482
3.864029, 4.264739, -1.697435, 4.119389
4.259464, 3.594638, -2.221609, 3.279768
4.556783, 2.816247, -2.702681, 2.484325
4.733899, 1.987391, -3.104913, 1.856217
4.794796, 1.172273, -3.411115, 1.567374
4.264739, 1.697435, -3.864029, 0.916939
3.594638, 2.221609, -4.259464, 0.892569
3.080253, 3.879467, -3.385525, 2.844580
3.879467, 3.385525, -3.080253, 2.494011
3.385525, 3.080253, -3.879467, 1.855577
-1.172273, -3.411115, -4.794796, 7.277261
-1.697435, -3.864029, -4.264739, 8.139922
-2.221609, -4.259464, -3.594638, 9.067994
-1.987391, -3.104913, -4.733898, 7.781510
-2.816247, -2.702681, -4.556783, 8.349309
-2.702681, -4.556782, -2.816247, 10.020042
-3.104913, -4.733899, -1.987391, 10.947974
-3.411115, -4.794796, -1.172273, 11.810353
-3.864029, -4.264739, -1.697435, 11.555756
-4.259464, -3.594638, -2.221609, 11.234981
-4.556783, -2.816247, -2.702681, 10.864857
-4.733899, -1.987391, -3.104913, 10.473337
-4.794796, -1.172273, -3.411115, 10.089916
-4.264739, -1.697435, -3.864029, 9.540700
-3.594638, -2.221609, -4.259464, 8.948848
-3.080253, -3.879467, -3.385525, 9.668920
-3.879467, -3.385525, -3.080253, 10.281952
-3.385525, -3.080253, -3.879467, 9.302732
1.172273, -3.411115, -4.794796, 5.625887
1.987391, -3.104913, -4.733898, 4.941054
2.816247, -2.702681, -4.556783, 4.262187
1.697435, -3.864029, -4.264739, 5.844004
2.221609, -4.259464, -3.594638, 6.165870
3.594638, -2.221609, -4.259464, 3.663231
4.264739, -1.697435, -3.864029, 3.227839
4.794796, -1.172273, -3.411115, 3.012620
4.733899, -1.987391, -3.104913, 3.853082
4.556783, -2.816247, -2.702681, 4.768345
4.259464, -3.594638, -2.221609, 5.713601
3.864029, -4.264739, -1.697435, 6.638806
3.411115, -4.794796, -1.172273, 7.501327
3.104913, -4.733899, -1.987391, 7.033211
2.702681, -4.556782, -2.816247, 6.574312
3.385525, -3.080253, -3.879467, 4.624519
3.879467, -3.385525, -3.080253, 5.128815
3.080253, -3.879467, -3.385525, 5.612263
-1.172273, -3.411115, 4.794796, 15.544901
-1.987391, -3.104913, 4.733898, 16.383322
-2.816247, -2.702681, 4.556783, 17.245342
-1.697435, -3.864029, 4.264739, 15.601376
-2.221609, -4.259464, 3.594638, 15.431093
-3.594638, -2.221609, 4.259464, 17.956987
-4.264739, -1.697435, 3.864029, 17.932617
-4.794796, -1.172273, 3.411115, 17.282182
-4.733899, -1.987391, 3.104913, 16.993339
-4.556783, -2.816247, 2.702681, 16.365231
-4.259464, -3.594638, 2.221609, 15.569788
-3.864029, -4.264739, 1.697435, 14.730167
-3.411115, -4.794796, 1.172273, 13.921074
-3.104913, -4.733899, 1.987391, 14.509055
-2.702681, -4.556782, 2.816247, 15.041968
-3.385525, -3.080253, 3.879467, 16.993979
-3.879467, -3.385525, 3.080253, 16.355545
-3.080253, -3.879467, 3.385525, 16.004976
1.172273, -3.411115, 4.794796, 13.366892
1.697435, -3.864029, 4.264739, 12.618615
2.221609, -4.259464, 3.594638, 11.793630
1.987391, -3.104913, 4.733898, 12.618615
2.816247, -2.702681, 4.556783, 11.793631
2.702681, -4.556782, 2.816247, 10.933762
3.104913, -4.733899, 1.987391, 10.087790
3.411115, -4.794796, 1.172273, 9.297999
3.864029, -4.264739, 1.697435, 9.291941
4.259464, -3.594638, 2.221609, 9.288567
4.556783, -2.816247, 2.702681, 9.288567
4.733899, -1.987391, 3.104913, 9.291941
4.794796, -1.172273, 3.411115, 9.297998
4.264739, -1.697435, 3.864029, 10.087790
3.594638, -2.221609, 4.259464, 10.933762
3.080253, -3.879467, 3.385525, 10.975039
3.879467, -3.385525, 3.080253, 10.122966
3.385525, -3.080253, 3.879467, 10.975039

graph:
0, 162, 0.716751
0, 163, 0.716751
0, 274, 0.716752
0, 275, 0.716752
0, 304, 0.716752
1, 192, 0.716751
1, 193, 0.716751
1, 218, 0.716752
1, 219, 0.716752
1, 248, 0.716752
2, 240, 0.716752
2, 241, 0.716752
2, 258, 0.716752
2, 330, 0.716751
2, 331, 0.716751
3, 175, 0.716752
3, 176, 0.716752
3, 211, 0.716752
3, 386, 0.716751
3, 387, 0.716751
4, 343, 0.716752
4, 344, 0.716752
4, 379, 0.716752
4, 416, 0.716751
4, 417, 0.716751
5, 184, 0.716752
5, 185, 0.716752
5, 205, 0.716752
5, 442, 0.716751
5, 443, 0.716751
6, 352, 0.716752
6, 353, 0.716752
6, 373, 0.716752
6, 472, 0.716751
6, 473, 0.716751
7, 296, 0.716752
7, 297, 0.716752
7, 314, 0.716752
7, 360, 0.716751
7, 361, 0.716751
8, 266, 0.716752
8, 267, 0.716752
8, 455, 0.716752
8, 456, 0.716752
8, 491, 0.716752
9, 231, 0.716752
9, 232, 0.716752
9, 408, 0.716752
9, 409, 0.716752
9, 429, 0.716752
10, 322, 0.716752
10, 323, 0.716752
10, 399, 0.716752
10, 400, 0.716752
10, 435, 0.716752
11, 287, 0.716752
11, 288, 0.716752
11, 464, 0.716752
11, 465, 0.716752
11, 485, 0.716752
12, 169, 0.917742
12, 170, 0.918878
12, 187, 0.918877
12, 188, 0.917742
12, 554, 0.917742
12, 557, 0.917742
13, 166, 0.918878
13, 167, 0.917742
13, 171, 0.917742
13, 172, 0.918877
13, 538, 0.917742
13, 548, 0.917742
14, 178, 0.918877
14, 179, 0.917742
14, 180, 0.917742
14, 181, 0.918877
14, 207, 0.917742
14, 208, 0.917742
15, 199, 0.917742
15, 200, 0.918878
15, 213, 0.918877
15, 214, 0.917742
15, 500, 0.917742
15, 503, 0.917742
16, 196, 0.918878
16, 197, 0.917742
16, 201, 0.917742
16, 202, 0.918877
16, 520, 0.917742
16, 530, 0.917742
17, 225, 0.917742
17, 226, 0.918877
17, 243, 0.918877
17, 244, 0.917742
17, 251, 0.917742
17, 255, 0.917742
18, 222, 0.918877
18, 223, 0.917742
18, 227, 0.917742
18, 228, 0.918878
18, 502, 0.917742
18, 512, 0.917742
19, 234, 0.918878
19, 235, 0.917742
19, 236, 0.917742
19, 237, 0.918877
19, 608, 0.917742
19, 611, 0.917742
20, 253, 0.917742
20, 254, 0.918877
20, 269, 0.918878
20, 270, 0.917742
20, 518, 0.917742
20, 521, 0.917742
21, 260, 0.918877
21, 261, 0.917742
21, 262, 0.917742
21, 263, 0.918878
21, 628, 0.917742
21, 638, 0.917742
22, 281, 0.917742
22, 282, 0.918877
22, 299, 0.918877
22, 300, 0.917742
22, 307, 0.917742
22, 311, 0.917742
23, 278, 0.918877
23, 279, 0.917742
23, 283, 0.917742
23, 284, 0.918878
23, 556, 0.917742
23, 566, 0.917742
24, 290, 0.918878
24, 291, 0.917742
24, 292, 0.917742
24, 293, 0.918877
24, 590, 0.917742
24, 593, 0.917742
25, 309, 0.917742
25, 310, 0.918877
25, 325, 0.918878
25, 326, 0.917742
25, 536, 0.917742
25, 539, 0.917742
26, 316, 0.918877
26, 317, 0.917742
26, 318, 0.917742
26, 319, 0.918878
26, 574, 0.917742
26, 584, 0.917742
27, 337, 0.917742
27, 338, 0.918878
27, 355, 0.918877
27, 356, 0.917742
27, 626, 0.917742
27, 629, 0.917742
28, 334, 0.918878
28, 335, 0.917742
28, 339, 0.917742
28, 340, 0.918877
28, 610, 0.917742
28, 620, 0.917742
29, 346, 0.918877
29, 347, 0.917742
29, 348, 0.917742
29, 349, 0.918877
29, 375, 0.917742
29, 376, 0.917742
30, 367, 0.917742
30, 368, 0.918878
30, 381, 0.918877
30, 382, 0.917742
30, 572, 0.917742
30, 575, 0.917742
31, 364, 0.918878
31, 365, 0.917742
31, 369, 0.917742
31, 370, 0.918877
31, 592, 0.917742
31, 602, 0.917742
32, 393, 0.917742
32, 394, 0.918878
32, 411, 0.918877
32, 412, 0.917742
32, 507, 0.917742
32, 508, 0.917742
33, 390, 0.918878
33, 391, 0.917742
33, 395, 0.917742
33, 396, 0.918877
33, 543, 0.917742
33, 544, 0.917742
34, 402, 0.918877
34, 403, 0.917742
34, 404, 0.917742
34, 405, 0.918877
34, 431, 0.917742
34, 432, 0.917742
35, 423, 0.917742
35, 424, 0.918878
35, 437, 0.918877
35, 438, 0.917742
35, 579, 0.917742
35, 580, 0.917742
36, 420, 0.918878
36, 421, 0.917742
36, 425, 0.917742
36, 426, 0.918877
36, 615, 0.917742
36, 616, 0.917742
37, 449, 0.917742
37, 450, 0.918878
37, 467, 0.918877
37, 468, 0.917742
37, 561, 0.917742
37, 562, 0.917742
38, 446, 0.918878
38, 447, 0.917742
38, 451, 0.917742
38, 452, 0.918877
38, 525, 0.917742
38, 526, 0.917742
39, 458, 0.918877
39, 459, 0.917742
39, 460, 0.917742
39, 461, 0.918877
39, 487, 0.917742
39, 488, 0.917742
40, 479, 0.917742
40, 480, 0.918878
40, 493, 0.918877
40, 494, 0.917742
40, 633, 0.917742
40, 634, 0.917742
41, 476, 0.918878
41, 477, 0.917742
41, 481, 0.917742
41, 482, 0.918877
41, 597, 0.917742
41, 598, 0.917742
42, 162, 0.805410
42, 164, 0.888161
42, 168, 0.843372
42, 170, 0.877690
42, 552, 0.888161
42, 553, 0.843372
43, 163, 0.805410
43, 164, 0.888161
43, 165, 0.843372
43, 166, 0.877690
43, 534, 0.888161
43, 537, 0.843372
44, 165, 0.928638
44, 167, 0.965273
44, 168, 0.928638
44, 169, 0.965273
44, 189, 0.978013
44, 191, 0.978013
45, 171, 0.965273
45, 173, 0.928638
45, 177, 0.928638
45, 179, 0.965273
45, 189, 0.978013
45, 190, 0.978013
46, 172, 0.877689
46, 173, 0.843372
46, 174, 0.888161
46, 175, 0.805410
46, 546, 0.888161
46, 547, 0.843372
47, 174, 0.888161
47, 176, 0.805410
47, 177, 0.843372
47, 178, 0.877689
47, 209, 0.843372
47, 210, 0.888161
48, 180, 0.965273
48, 182, 0.928638
48, 186, 0.928638
48, 188, 0.965273
48, 190, 0.978013
48, 191, 0.978013
49, 181, 0.877689
49, 182, 0.843372
49, 183, 0.888161
49, 184, 0.805410
49, 204, 0.888161
49, 206, 0.843372
50, 183, 0.888161
50, 185, 0.805410
50, 186, 0.843372
50, 187, 0.877689
50, 558, 0.843372
50, 559, 0.888161
51, 192, 0.805410
51, 194, 0.888161
51, 198, 0.843372
51, 200, 0.877690
51, 498, 0.888161
51, 499, 0.843372
52, 193, 0.805410
52, 194, 0.888161
52, 195, 0.843372
52, 196, 0.877690
52, 516, 0.888161
52, 519, 0.843372
53, 195, 0.928638
53, 197, 0.965273
53, 198, 0.928638
53, 199, 0.965273
53, 215, 0.978013
53, 217, 0.978013
54, 201, 0.965273
54, 203, 0.928638
54, 206, 0.928638
54, 207, 0.965273
54, 215, 0.978013
54, 216, 0.978013
55, 202, 0.877689
55, 203, 0.843372
55, 204, 0.888161
55, 205, 0.805410
55, 528, 0.888161
55, 529, 0.843372
56, 208, 0.965273
56, 209, 0.928638
56, 212, 0.928638
56, 214, 0.965273
56, 216, 0.978013
56, 217, 0.978013
57, 210, 0.888161
57, 211, 0.805410
57, 212, 0.843372
57, 213, 0.877689
57, 504, 0.843372
57, 505, 0.888161
58, 218, 0.805410
58, 220, 0.888161
58, 224, 0.843372
58, 226, 0.877689
58, 249, 0.888161
58, 250, 0.843372
59, 219, 0.805410
59, 220, 0.888161
59, 221, 0.843372
59, 222, 0.877689
59, 498, 0.888161
59, 501, 0.843372
60, 221, 0.928638
60, 223, 0.965273
60, 224, 0.928638
60, 225, 0.965273
60, 245, 0.978013
60, 247, 0.978013
61, 227, 0.965273
61, 229, 0.928638
61, 233, 0.928638
61, 235, 0.965273
61, 245, 0.978013
61, 246, 0.978013
62, 228, 0.877690
62, 229, 0.843372
62, 230, 0.888161
62, 231, 0.805410
62, 510, 0.888161
62, 511, 0.843372
63, 230, 0.888161
63, 232, 0.805410
63, 233, 0.843372
63, 234, 0.877690
63, 612, 0.843372
63, 613, 0.888161
64, 236, 0.965273
64, 238, 0.928638
64, 242, 0.928638
64, 244, 0.965273
64, 246, 0.978013
64, 247, 0.978013
65, 237, 0.877689
65, 238, 0.843372
65, 239, 0.888161
65, 240, 0.805410
65, 606, 0.888161
65, 607, 0.843372
66, 239, 0.888161
66, 241, 0.805410
66, 242, 0.843372
66, 243, 0.877689
66, 256, 0.843372
66, 257, 0.888161
67, 248, 0.805410
67, 249, 0.888161
67, 252, 0.843372
67, 254, 0.877689
67, 516, 0.888161
67, 517, 0.843372
68, 250, 0.928638
68, 251, 0.965273
68, 252, 0.928638
68, 253, 0.965273
68, 271, 0.978013
68, 273, 0.978013
69, 255, 0.965273
69, 256, 0.928638
69, 259, 0.928638
69, 261, 0.965273
69, 271, 0.978013
69, 272, 0.978013
70, 257, 0.888161
70, 258, 0.805410
70, 259, 0.843372
70, 260, 0.877689
70, 624, 0.888161
70, 627, 0.843372
71, 262, 0.965273
71, 264, 0.928638
71, 268, 0.928638
71, 270, 0.965273
71, 272, 0.978013
71, 273, 0.978013
72, 263, 0.877690
72, 264, 0.843372
72, 265, 0.888161
72, 266, 0.805410
72, 636, 0.888161
72, 637, 0.843372
73, 265, 0.888161
73, 267, 0.805410
73, 268, 0.843372
73, 269, 0.877690
73, 522, 0.843372
73, 523, 0.888161
74, 274, 0.805410
74, 276, 0.888161
74, 280, 0.843372
74, 282, 0.877689
74, 305, 0.888161
74, 306, 0.843372
75, 275, 0.805410
75, 276, 0.888161
75, 277, 0.843372
75, 278, 0.877689
75, 552, 0.888161
75, 555, 0.843372
76, 277, 0.928638
76, 279, 0.965273
76, 280, 0.928638
76, 281, 0.965273
76, 301, 0.978013
76, 303, 0.978013
77, 283, 0.965273
77, 285, 0.928638
77, 289, 0.928638
77, 291, 0.965273
77, 301, 0.978013
77, 302, 0.978013
78, 284, 0.877690
78, 285, 0.843372
78, 286, 0.888161
78, 287, 0.805410
78, 564, 0.888161
78, 565, 0.843372
79, 286, 0.888161
79, 288, 0.805410
79, 289, 0.843372
79, 290, 0.877690
79, 594, 0.843372
79, 595, 0.888161
80, 292, 0.965273
80, 294, 0.928638
80, 298, 0.928638
80, 300, 0.965273
80, 302, 0.978013
80, 303, 0.978013
81, 293, 0.877689
81, 294, 0.843372
81, 295, 0.888161
81, 296, 0.805410
81, 588, 0.888161
81, 589, 0.843372
82, 295, 0.888161
82, 297, 0.805410
82, 298, 0.843372
82, 299, 0.877689
82, 312, 0.843372
82, 313, 0.888161
83, 304, 0.805410
83, 305, 0.888161
83, 308, 0.843372
83, 310, 0.877689
83, 534, 0.888161
83, 535, 0.843372
84, 306, 0.928638
84, 307, 0.965273
84, 308, 0.928638
84, 309, 0.965273
84, 327, 0.978013
84, 329, 0.978013
85, 311, 0.965273
85, 312, 0.928638
85, 315, 0.928638
85, 317, 0.965273
85, 327, 0.978013
85, 328, 0.978013
86, 313, 0.888161
86, 314, 0.805410
86, 315, 0.843372
86, 316, 0.877689
86, 570, 0.888161
86, 573, 0.843372
87, 318, 0.965273
87, 320, 0.928638
87, 324, 0.928638
87, 326, 0.965273
87, 328, 0.978013
87, 329, 0.978013
88, 319, 0.877690
88, 320, 0.843372
88, 321, 0.888161
88, 322, 0.805410
88, 582, 0.888161
88, 583, 0.843372
89, 321, 0.888161
89, 323, 0.805410
89, 324, 0.843372
89, 325, 0.877690
89, 540, 0.843372
89, 541, 0.888161
90, 330, 0.805410
90, 332, 0.888161
90, 336, 0.843372
90, 338, 0.877690
90, 624, 0.888161
90, 625, 0.843372
91, 331, 0.805410
91, 332, 0.888161
91, 333, 0.843372
91, 334, 0.877690
91, 606, 0.888161
91, 609, 0.843372
92, 333, 0.928638
92, 335, 0.965273
92, 336, 0.928638
92, 337, 0.965273
92, 357, 0.978013
92, 359, 0.978013
93, 339, 0.965273
93, 341, 0.928638
93, 345, 0.928638
93, 347, 0.965273
93, 357, 0.978013
93, 358, 0.978013
94, 340, 0.877689
94, 341, 0.843372
94, 342, 0.888161
94, 343, 0.805410
94, 618, 0.888161
94, 619, 0.843372
95, 342, 0.888161
95, 344, 0.805410
95, 345, 0.843372
95, 346, 0.877689
95, 377, 0.843372
95, 378, 0.888161
96, 348, 0.965273
96, 350, 0.928638
96, 354, 0.928638
96, 356, 0.965273
96, 358, 0.978013
96, 359, 0.978013
97, 349, 0.877689
97, 350, 0.843372
97, 351, 0.888161
97, 352, 0.805410
97, 372, 0.888161
97, 374, 0.843372
98, 351, 0.888161
98, 353, 0.805410
98, 354, 0.843372
98, 355, 0.877689
98, 630, 0.843372
98, 631, 0.888161
99, 360, 0.805410
99, 362, 0.888161
99, 366, 0.843372
99, 368, 0.877690
99, 570, 0.888161
99, 571, 0.843372
100, 361, 0.805410
100, 362, 0.888161
100, 363, 0.843372
100, 364, 0.877690
100, 588, 0.888161
100, 591, 0.843372
101, 363, 0.928638
101, 365, 0.965273
101, 366, 0.928638
101, 367, 0.965273
101, 383, 0.978013
101, 385, 0.978013
102, 369, 0.965273
102, 371, 0.928638
102, 374, 0.928638
102, 375, 0.965273
102, 383, 0.978013
102, 384, 0.978013
103, 370, 0.877689
103, 371, 0.843372
103, 372, 0.888161
103, 373, 0.805410
103, 600, 0.888161
103, 601, 0.843372
104, 376, 0.965273
104, 377, 0.928638
104, 380, 0.928638
104, 382, 0.965273
104, 384, 0.978013
104, 385, 0.978013
105, 378, 0.888161
105, 379, 0.805410
105, 380, 0.843372
105, 381, 0.877689
105, 576, 0.843372
105, 577, 0.888161
106, 386, 0.805410
106, 388, 0.888161
106, 392, 0.843372
106, 394, 0.877689
106, 505, 0.888161
106, 506, 0.843372
107, 387, 0.805410
107, 388, 0.888161
107, 389, 0.843372
107, 390, 0.877689
107, 545, 0.843372
107, 546, 0.888161
108, 389, 0.928638
108, 391, 0.965273
108, 392, 0.928638
108, 393, 0.965273
108, 413, 0.978013
108, 415, 0.978013
109, 395, 0.965273
109, 397, 0.928638
109, 401, 0.928638
109, 403, 0.965273
109, 413, 0.978013
109, 414, 0.978013
110, 396, 0.877689
110, 397, 0.843372
110, 398, 0.888161
110, 399, 0.805410
110, 541, 0.888161
110, 542, 0.843372
111, 398, 0.888161
111, 400, 0.805410
111, 401, 0.843372
111, 402, 0.877689
111, 433, 0.843372
111, 434, 0.888161
112, 404, 0.965273
112, 406, 0.928638
112, 410, 0.928638
112, 412, 0.965273
112, 414, 0.978013
112, 415, 0.978013
113, 405, 0.877689
113, 406, 0.843372
113, 407, 0.888161
113, 408, 0.805410
113, 428, 0.888161
113, 430, 0.843372
114, 407, 0.888161
114, 409, 0.805410
114, 410, 0.843372
114, 411, 0.877689
114, 509, 0.843372
114, 510, 0.888161
115, 416, 0.805410
115, 418, 0.888161
115, 422, 0.843372
115, 424, 0.877689
115, 577, 0.888161
115, 578, 0.843372
116, 417, 0.805410
116, 418, 0.888161
116, 419, 0.843372
116, 420, 0.877689
116, 617, 0.843372
116, 618, 0.888161
117, 419, 0.928638
117, 421, 0.965273
117, 422, 0.928638
117, 423, 0.965273
117, 439, 0.978013
117, 441, 0.978013
118, 425, 0.965273
118, 427, 0.928638
118, 430, 0.928638
118, 431, 0.965273
118, 439, 0.978013
118, 440, 0.978013
119, 426, 0.877689
119, 427, 0.843372
119, 428, 0.888161
119, 429, 0.805410
119, 613, 0.888161
119, 614, 0.843372
120, 432, 0.965273
120, 433, 0.928638
120, 436, 0.928638
120, 438, 0.965273
120, 440, 0.978013
120, 441, 0.978013
121, 434, 0.888161
121, 435, 0.805410
121, 436, 0.843372
121, 437, 0.877689
121, 581, 0.843372
121, 582, 0.888161
122, 442, 0.805410
122, 444, 0.888161
122, 448, 0.843372
122, 450, 0.877689
122, 559, 0.888161
122, 560, 0.843372
123, 443, 0.805410
123, 444, 0.888161
123, 445, 0.843372
123, 446, 0.877689
123, 527, 0.843372
123, 528, 0.888161
124, 445, 0.928638
124, 447, 0.965273
124, 448, 0.928638
124, 449, 0.965273
124, 469, 0.978013
124, 471, 0.978013
125, 451, 0.965273
125, 453, 0.928638
125, 457, 0.928638
125, 459, 0.965273
125, 469, 0.978013
125, 470, 0.978013
126, 452, 0.877689
126, 453, 0.843372
126, 454, 0.888161
126, 455, 0.805410
126, 523, 0.888161
126, 524, 0.843372
127, 454, 0.888161
127, 456, 0.805410
127, 457, 0.843372
127, 458, 0.877689
127, 489, 0.843372
127, 490, 0.888161
128, 460, 0.965273
128, 462, 0.928638
128, 466, 0.928638
128, 468, 0.965273
128, 470, 0.978013
128, 471, 0.978013
129, 461, 0.877689
129, 462, 0.843372
129, 463, 0.888161
129, 464, 0.805410
129, 484, 0.888161
129, 486, 0.843372
130, 463, 0.888161
130, 465, 0.805410
130, 466, 0.843372
130, 467, 0.877689
130, 563, 0.843372
130, 564, 0.888161
131, 472, 0.805410
131, 474, 0.888161
131, 478, 0.843372
131, 480, 0.877689
131, 631, 0.888161
131, 632, 0.843372
132, 473, 0.805410
132, 474, 0.888161
132, 475, 0.843372
132, 476, 0.877689
132, 599, 0.843372
132, 600, 0.888161
133, 475, 0.928638
133, 477, 0.965273
133, 478, 0.928638
133, 479, 0.965273
133, 495, 0.978013
133, 497, 0.978013
134, 481, 0.965273
134, 483, 0.928638
134, 486, 0.928638
134, 487, 0.965273
134, 495, 0.978013
134, 496, 0.978013
135, 482, 0.877689
135, 483, 0.843372
135, 484, 0.888161
135, 485, 0.805410
135, 595, 0.888161
135, 596, 0.843372
136, 488, 0.965273
136, 489, 0.928638
136, 492, 0.928638
136, 494, 0.965273
136, 496, 0.978013
136, 497, 0.978013
137, 490, 0.888161
137, 491, 0.805410
137, 492, 0.843372
137, 493, 0.877689
137, 635, 0.843372
137, 636, 0.888161
138, 499, 0.928638
138, 500, 0.965273
138, 501, 0.928638
138, 502, 0.965273
138, 513, 0.978013
138, 515, 0.978013
139, 503, 0.965273
139, 504, 0.928638
139, 506, 0.928638
139, 507, 0.965273
139, 513, 0.978013
139, 514, 0.978013
140, 508, 0.965273
140, 509, 0.928638
140, 511, 0.928638
140, 512, 0.965273
140, 514, 0.978013
140, 515, 0.978013
141, 517, 0.928638
141, 518, 0.965273
141, 519, 0.928638
141, 520, 0.965273
141, 531, 0.978013
141, 533, 0.978013
142, 521, 0.965273
142, 522, 0.928638
142, 524, 0.928638
142, 525, 0.965273
142, 531, 0.978013
142, 532, 0.978013
143, 526, 0.965273
143, 527, 0.928638
143, 529, 0.928638
143, 530, 0.965273
143, 532, 0.978013
143, 533, 0.978013
144, 535, 0.928638
144, 536, 0.965273
144, 537, 0.928638
144, 538, 0.965273
144, 549, 0.978013
144, 551, 0.978013
145, 539, 0.965273
145, 540, 0.928638
145, 542, 0.928638
145, 543, 0.965273
145, 549, 0.978013
145, 550, 0.978013
146, 544, 0.965273
146, 545, 0.928638
146, 547, 0.928638
146, 548, 0.965273
146, 550, 0.978013
146, 551, 0.978013
147, 553, 0.928638
147, 554, 0.965273
147, 555, 0.928638
147, 556, 0.965273
147, 567, 0.978013
147, 569, 0.978013
148, 557, 0.965273
148, 558, 0.928638
148, 560, 0.928638
148, 561, 0.965273
148, 567, 0.978013
148, 568, 0.978013
149, 562, 0.965273
149, 563, 0.928638
149, 565, 0.928638
149, 566, 0.965273
149, 568, 0.978013
149, 569, 0.978013
150, 571, 0.928638
150, 572, 0.965273
150, 573, 0.928638
150, 574, 0.965273
150, 585, 0.978013
150, 587, 0.978013
151, 575, 0.965273
151, 576, 0.928638
151, 578, 0.928638
151, 579, 0.965273
151, 585, 0.978013
151, 586, 0.978013
152, 580, 0.965273
152, 581, 0.928638
152, 583, 0.928638
152, 584, 0.965273
152, 586, 0.978013
152, 587, 0.978013
153, 589, 0.928638
153, 590, 0.965273
153, 591, 0.928638
153, 592, 0.965273
153, 603, 0.978013
153, 605, 0.978013
154, 593, 0.965273
154, 594, 0.928638
154, 596, 0.928638
154, 597, 0.965273
154, 603, 0.978013
154, 604, 0.978013
155, 598, 0.965273
155, 599, 0.928638
155, 601, 0.928638
155, 602, 0.965273
155, 604, 0.978013
155, 605, 0.978013
156, 607, 0.928638
156, 608, 0.965273
156, 609, 0.928638
156, 610, 0.965273
156, 621, 0.978013
156, 623, 0.978013
157, 611, 0.965273
157, 612, 0.928638
157, 614, 0.928638
157, 615, 0.965273
157, 621, 0.978013
157, 622, 0.978013
158, 616, 0.965273
158, 617, 0.928638
158, 619, 0.928638
158, 620, 0.965273
158, 622, 0.978013
158, 623, 0.978013
159, 625, 0.928638
159, 626, 0.965273
159, 627, 0.928638
159, 628, 0.965273
159, 639, 0.978013
159, 641, 0.978013
160, 629, 0.965273
160, 630, 0.928638
160, 632, 0.928638
160, 633, 0.965273
160, 639, 0.978013
160, 640, 0.978013
161, 634, 0.965273
161, 635, 0.928638
161, 637, 0.928638
161, 638, 0.965273
161, 640, 0.978013
161, 641, 0.978013
162, 163, 0.841088
162, 164, 0.782002
162, 275, 0.841087
162, 552, 0.782002
163, 164, 0.782002
163, 304, 0.841087
163, 534, 0.782002
164, 165, 0.872861
164, 168, 0.872861
165, 166, 0.916047
165, 167, 0.938170
165, 168, 0.938319
166, 167, 0.891746
166, 537, 0.916047
166, 538, 0.891746
167, 171, 0.962145
167, 189, 0.961975
168, 169, 0.938170
168, 170, 0.916047
169, 170, 0.891746
169, 188, 0.962145
169, 191, 0.961975
170, 553, 0.916047
170, 554, 0.891746
171, 172, 0.891747
171, 173, 0.938169
171, 189, 0.961975
172, 173, 0.916047
172, 547, 0.916047
172, 548, 0.891746
173, 174, 0.872861
173, 177, 0.938319
174, 175, 0.782002
174, 176, 0.782002
174, 177, 0.872861
175, 176, 0.841088
175, 387, 0.841087
175, 546, 0.782002
176, 210, 0.782002
176, 211, 0.841088
177, 178, 0.916047
177, 179, 0.938170
178, 179, 0.891746
178, 208, 0.891746
178, 209, 0.916047
179, 180, 0.962145
179, 190, 0.961975
180, 181, 0.891746
180, 182, 0.938170
180, 190, 0.961975
181, 182, 0.916047
181, 206, 0.916047
181, 207, 0.891746
182, 183, 0.872861
182, 186, 0.938319
183, 184, 0.782002
183, 185, 0.782002
183, 186, 0.872861
184, 185, 0.841088
184, 204, 0.782002
184, 205, 0.841088
185, 442, 0.841087
185, 559, 0.782002
186, 187, 0.916047
186, 188, 0.938169
187, 188, 0.891747
187, 557, 0.891746
187, 558, 0.916047
188, 191, 0.961975
189, 190, 0.987883
189, 191, 0.987883
190, 191, 0.987883
192, 193, 0.841088
192, 194, 0.782002
192, 219, 0.841087
192, 498, 0.782002
193, 194, 0.782002
193, 248, 0.841087
193, 516, 0.782002
194, 195, 0.872861
194, 198, 0.872861
195, 196, 0.916047
195, 197, 0.938170
195, 198, 0.938319
196, 197, 0.891746
196, 519, 0.916047
196, 520, 0.891746
197, 201, 0.962145
197, 215, 0.961975
198, 199, 0.938170
198, 200, 0.916047
199, 200, 0.891746
199, 214, 0.962145
199, 217, 0.961975
200, 499, 0.916047
200, 500, 0.891746
201, 202, 0.891747
201, 203, 0.938169
201, 215, 0.961975
202, 203, 0.916047
202, 529, 0.916047
202, 530, 0.891746
203, 204, 0.872861
203, 206, 0.938319
204, 205, 0.782002
204, 206, 0.872861
205, 443, 0.841087
205, 528, 0.782002
206, 207, 0.938170
207, 208, 0.962145
207, 216, 0.961975
208, 209, 0.938170
208, 216, 0.961975
209, 210, 0.872861
209, 212, 0.938319
210, 211, 0.782002
210, 212, 0.872861
211, 386, 0.841087
211, 505, 0.782002
212, 213, 0.916047
212, 214, 0.938169
213, 214, 0.891747
213, 503, 0.891746
213, 504, 0.916047
214, 217, 0.961975
215, 216, 0.987883
215, 217, 0.987883
216, 217, 0.987883
218, 219, 0.841088
218, 220, 0.782002
218, 248, 0.841088
218, 249, 0.782002
219, 220, 0.782002
219, 498, 0.782002
220, 221, 0.872861
220, 224, 0.872861
221, 222, 0.916047
221, 223, 0.938169
221, 224, 0.938319
222, 223, 0.891746
222, 501, 0.916047
222, 502, 0.891746
223, 227, 0.962145
223, 245, 0.961975
224, 225, 0.938170
224, 226, 0.916047
225, 226, 0.891746
225, 244, 0.962145
225, 247, 0.961975
226, 250, 0.916047
226, 251, 0.891746
227, 228, 0.891746
227, 229, 0.938170
227, 245, 0.961975
228, 229, 0.916047
228, 511, 0.916047
228, 512, 0.891746
229, 230, 0.872861
229, 233, 0.938319
230, 231, 0.782002
230, 232, 0.782002
230, 233, 0.872861
231, 232, 0.841088
231, 409, 0.841087
231, 510, 0.782002
232, 429, 0.841087
232, 613, 0.782002
233, 234, 0.916047
233, 235, 0.938170
234, 235, 0.891746
234, 611, 0.891746
234, 612, 0.916047
235, 236, 0.962145
235, 246, 0.961975
236, 237, 0.891746
236, 238, 0.938169
236, 246, 0.961975
237, 238, 0.916047
237, 607, 0.916047
237, 608, 0.891746
238, 239, 0.872861
238, 242, 0.938319
239, 240, 0.782002
239, 241, 0.782002
239, 242, 0.872861
240, 241, 0.841088
240, 331, 0.841087
240, 606, 0.782002
241, 257, 0.782002
241, 258, 0.841088
242, 243, 0.916047
242, 244, 0.938170
243, 244, 0.891746
243, 255, 0.891746
243, 256, 0.916047
244, 247, 0.961975
245, 246, 0.987883
245, 247, 0.987883
246, 247, 0.987883
248, 249, 0.782002
248, 516, 0.782002
249, 250, 0.872861
249, 252, 0.872861
250, 251, 0.938170
250, 252, 0.938319
251, 255, 0.962145
251, 271, 0.961975
252, 253, 0.938169
252, 254, 0.916047
253, 254, 0.891746
253, 270, 0.962145
253, 273, 0.961975
254, 517, 0.916047
254, 518, 0.891746
255, 256, 0.938170
255, 271, 0.961975
256, 257, 0.872861
256, 259, 0.938319
257, 258, 0.782002
257, 259, 0.872861
258, 330, 0.841087
258, 624, 0.782002
259, 260, 0.916047
259, 261, 0.938169
260, 261, 0.891746
260, 627, 0.916047
260, 628, 0.891746
261, 262, 0.962145
261, 272, 0.961975
262, 263, 0.891746
262, 264, 0.938170
262, 272, 0.961975
263, 264, 0.916047
263, 637, 0.916047
263, 638, 0.891746
264, 265, 0.872861
264, 268, 0.938319
265, 266, 0.782002
265, 267, 0.782002
265, 268, 0.872861
266, 267, 0.841088
266, 491, 0.841087
266, 636, 0.782002
267, 455, 0.841087
267, 523, 0.782002
268, 269, 0.916047
268, 270, 0.938170
269, 270, 0.891746
269, 521, 0.891746
269, 522, 0.916047
270, 273, 0.961975
271, 272, 0.987883
271, 273, 0.987883
272, 273, 0.987883
274, 275, 0.841088
274, 276, 0.782002
274, 304, 0.841088
274, 305, 0.782002
275, 276, 0.782002
275, 552, 0.782002
276, 277, 0.872861
276, 280, 0.872861
277, 278, 0.916047
277, 279, 0.938169
277, 280, 0.938319
278, 279, 0.891746
278, 555, 0.916047
278, 556, 0.891746
279, 283, 0.962145
279, 301, 0.961975
280, 281, 0.938170
280, 282, 0.916047
281, 282, 0.891746
281, 300, 0.962145
281, 303, 0.961975
282, 306, 0.916047
282, 307, 0.891746
283, 284, 0.891746
283, 285, 0.938170
283, 301, 0.961975
284, 285, 0.916047
284, 565, 0.916047
284, 566, 0.891746
285, 286, 0.872861
285, 289, 0.938319
286, 287, 0.782002
286, 288, 0.782002
286, 289, 0.872861
287, 288, 0.841088
287, 465, 0.841087
287, 564, 0.782002
288, 485, 0.841087
288, 595, 0.782002
289, 290, 0.916047
289, 291, 0.938170
290, 291, 0.891746
290, 593, 0.891746
290, 594, 0.916047
291, 292, 0.962145
291, 302, 0.961975
292, 293, 0.891746
292, 294, 0.938169
292, 302, 0.961975
293, 294, 0.916047
293, 589, 0.916047
293, 590, 0.891746
294, 295, 0.872861
294, 298, 0.938319
295, 296, 0.782002
295, 297, 0.782002
295, 298, 0.872861
296, 297, 0.841088
296, 361, 0.841087
296, 588, 0.782002
297, 313, 0.782002
297, 314, 0.841088
298, 299, 0.916047
298, 300, 0.938170
299, 300, 0.891746
299, 311, 0.891746
299, 312, 0.916047
300, 303, 0.961975
301, 302, 0.987883
301, 303, 0.987883
302, 303, 0.987883
304, 305, 0.782002
304, 534, 0.782002
305, 306, 0.872861
305, 308, 0.872861
306, 307, 0.938170
306, 308, 0.938319
307, 311, 0.962145
307, 327, 0.961975
308, 309, 0.938169
308, 310, 0.916047
309, 310, 0.891746
309, 326, 0.962145
309, 329, 0.961975
310, 535, 0.916047
310, 536, 0.891746
311, 312, 0.938170
311, 327, 0.961975
312, 313, 0.872861
312, 315, 0.938319
313, 314, 0.782002
313, 315, 0.872861
314, 360, 0.841087
314, 570, 0.782002
315, 316, 0.916047
315, 317, 0.938169
316, 317, 0.891746
316, 573, 0.916047
316, 574, 0.891746
317, 318, 0.962145
317, 328, 0.961975
318, 319, 0.891746
318, 320, 0.938170
318, 328, 0.961975
319, 320, 0.916047
319, 583, 0.916047
319, 584, 0.891746
320, 321, 0.872861
320, 324, 0.938319
321, 322, 0.782002
321, 323, 0.782002
321, 324, 0.872861
322, 323, 0.841088
322, 435, 0.841087
322, 582, 0.782002
323, 399, 0.841087
323, 541, 0.782002
324, 325, 0.916047
324, 326, 0.938170
325, 326, 0.891746
325, 539, 0.891746
325, 540, 0.916047
326, 329, 0.961975
327, 328, 0.987883
327, 329, 0.987883
328, 329, 0.987883
330, 331, 0.841088
330, 332, 0.782002
330, 624, 0.782002
331, 332, 0.782002
331, 606, 0.782002
332, 333, 0.872861
332, 336, 0.872861
333, 334, 0.916047
333, 335, 0.938170
333, 336, 0.938319
334, 335, 0.891746
334, 609, 0.916047
334, 610, 0.891746
335, 339, 0.962145
335, 357, 0.961975
336, 337, 0.938170
336, 338, 0.916047
337, 338, 0.891746
337, 356, 0.962145
337, 359, 0.961975
338, 625, 0.916047
338, 626, 0.891746
339, 340, 0.891747
339, 341, 0.938169
339, 357, 0.961975
340, 341, 0.916047
340, 619, 0.916047
340, 620, 0.891746
341, 342, 0.872861
341, 345, 0.938319
342, 343, 0.782002
342, 344, 0.782002
342, 345, 0.872861
343, 344, 0.841088
343, 417, 0.841087
343, 618, 0.782002
344, 378, 0.782002
344, 379, 0.841088
345, 346, 0.916047
345, 347, 0.938170
346, 347, 0.891746
346, 376, 0.891746
346, 377, 0.916047
347, 348, 0.962145
347, 358, 0.961975
348, 349, 0.891746
348, 350, 0.938170
348, 358, 0.961975
349, 350, 0.916047
349, 374, 0.916047
349, 375, 0.891746
350, 351, 0.872861
350, 354, 0.938319
351, 352, 0.782002
351, 353, 0.782002
351, 354, 0.872861
352, 353, 0.841088
352, 372, 0.782002
352, 373, 0.841088
353, 472, 0.841087
353, 631, 0.782002
354, 355, 0.916047
354, 356, 0.938169
355, 356, 0.891747
355, 629, 0.891746
355, 630, 0.916047
356, 359, 0.961975
357, 358, 0.987883
357, 359, 0.987883
358, 359, 0.987883
360, 361, 0.841088
360, 362, 0.782002
360, 570, 0.782002
361, 362, 0.782002
361, 588, 0.782002
362, 363, 0.872861
362, 366, 0.872861
363, 364, 0.916047
363, 365, 0.938170
363, 366, 0.938319
364, 365, 0.891746
364, 591, 0.916047
364, 592, 0.891746
365, 369, 0.962145
365, 383, 0.961975
366, 367, 0.938170
366, 368, 0.916047
367, 368, 0.891746
367, 382, 0.962145
367, 385, 0.961975
368, 571, 0.916047
368, 572, 0.891746
369, 370, 0.891747
369, 371, 0.938169
369, 383, 0.961975
370, 371, 0.916047
370, 601, 0.916047
370, 602, 0.891746
371, 372, 0.872861
371, 374, 0.938319
372, 373, 0.782002
372, 374, 0.872861
373, 473, 0.841087
373, 600, 0.782002
374, 375, 0.938170
375, 376, 0.962145
375, 384, 0.961975
376, 377, 0.938170
376, 384, 0.961975
377, 378, 0.872861
377, 380, 0.938319
378, 379, 0.782002
378, 380, 0.872861
379, 416, 0.841087
379, 577, 0.782002
380, 381, 0.916047
380, 382, 0.938169
381, 382, 0.891747
381, 575, 0.891746
381, 576, 0.916047
382, 385, 0.961975
383, 384, 0.987883
383, 385, 0.987883
384, 385, 0.987883
386, 387, 0.841088
386, 388, 0.782002
386, 505, 0.782002
387, 388, 0.782002
387, 546, 0.782002
388, 389, 0.872861
388, 392, 0.872861
389, 390, 0.916047
389, 391, 0.938170
389, 392, 0.938319
390, 391, 0.891746
390, 544, 0.891746
390, 545, 0.916047
391, 395, 0.962145
391, 413, 0.961975
392, 393, 0.938170
392, 394, 0.916047
393, 394, 0.891746
393, 412, 0.962145
393, 415, 0.961975
394, 506, 0.916047
394, 507, 0.891746
395, 396, 0.891746
395, 397, 0.938169
395, 413, 0.961975
396, 397, 0.916047
396, 542, 0.916047
396, 543, 0.891746
397, 398, 0.872861
397, 401, 0.938319
398, 399, 0.782002
398, 400, 0.782002
398, 401, 0.872861
399, 400, 0.841088
399, 541, 0.782002
400, 434, 0.782002
400, 435, 0.841088
401, 402, 0.916047
401, 403, 0.938170
402, 403, 0.891746
402, 432, 0.891746
402, 433, 0.916047
403, 404, 0.962145
403, 414, 0.961975
404, 405, 0.891746
404, 406, 0.938170
404, 414, 0.961975
405, 406, 0.916047
405, 430, 0.916047
405, 431, 0.891746
406, 407, 0.872861
406, 410, 0.938319
407, 408, 0.782002
407, 409, 0.782002
407, 410, 0.872861
408, 409, 0.841088
408, 428, 0.782002
408, 429, 0.841088
409, 510, 0.782002
410, 411, 0.916047
410, 412, 0.938169
411, 412, 0.891746
411, 508, 0.891746
411, 509, 0.916047
412, 415, 0.961975
413, 414, 0.987883
413, 415, 0.987883
414, 415, 0.987883
416, 417, 0.841088
416, 418, 0.782002
416, 577, 0.782002
417, 418, 0.782002
417, 618, 0.782002
418, 419, 0.872861
418, 422, 0.872861
419, 420, 0.916047
419, 421, 0.938170
419, 422, 0.938319
420, 421, 0.891746
420, 616, 0.891746
420, 617, 0.916047
421, 425, 0.962145
421, 439, 0.961975
422, 423, 0.938170
422, 424, 0.916047
423, 424, 0.891746
423, 438, 0.962145
423, 441, 0.961975
424, 578, 0.916047
424, 579, 0.891746
425, 426, 0.891746
425, 427, 0.938169
425, 439, 0.961975
426, 427, 0.916047
426, 614, 0.916047
426, 615, 0.891746
427, 428, 0.872861
427, 430, 0.938319
428, 429, 0.782002
428, 430, 0.872861
429, 613, 0.782002
430, 431, 0.938170
431, 432, 0.962145
431, 440, 0.961975
432, 433, 0.938170
432, 440, 0.961975
433, 434, 0.872861
433, 436, 0.938319
434, 435, 0.782002
434, 436, 0.872861
435, 582, 0.782002
436, 437, 0.916047
436, 438, 0.938169
437, 438, 0.891746
437, 580, 0.891746
437, 581, 0.916047
438, 441, 0.961975
439, 440, 0.987883
439, 441, 0.987883
440, 441, 0.987883
442, 443, 0.841088
442, 444, 0.782002
442, 559, 0.782002
443, 444, 0.782002
443, 528, 0.782002
444, 445, 0.872861
444, 448, 0.872861
445, 446, 0.916047
445, 447, 0.938170
445, 448, 0.938319
446, 447, 0.891746
446, 526, 0.891746
446, 527, 0.916047
447, 451, 0.962145
447, 469, 0.961975
448, 449, 0.938170
448, 450, 0.916047
449, 450, 0.891746
449, 468, 0.962145
449, 471, 0.961975
450, 560, 0.916047
450, 561, 0.891746
451, 452, 0.891746
451, 453, 0.938169
451, 469, 0.961975
452, 453, 0.916047
452, 524, 0.916047
452, 525, 0.891746
453, 454, 0.872861
453, 457, 0.938319
454, 455, 0.782002
454, 456, 0.782002
454, 457, 0.872861
455, 456, 0.841088
455, 523, 0.782002
456, 490, 0.782002
456, 491, 0.841088
457, 458, 0.916047
457, 459, 0.938170
458, 459, 0.891746
458, 488, 0.891746
458, 489, 0.916047
459, 460, 0.962145
459, 470, 0.961975
460, 461, 0.891746
460, 462, 0.938170
460, 470, 0.961975
461, 462, 0.916047
461, 486, 0.916047
461, 487, 0.891746
462, 463, 0.872861
462, 466, 0.938319
463, 464, 0.782002
463, 465, 0.782002
463, 466, 0.872861
464, 465, 0.841088
464, 484, 0.782002
464, 485, 0.841088
465, 564, 0.782002
466, 467, 0.916047
466, 468, 0.938169
467, 468, 0.891746
467, 562, 0.891746
467, 563, 0.916047
468, 471, 0.961975
469, 470, 0.987883
469, 471, 0.987883
470, 471, 0.987883
472, 473, 0.841088
472, 474, 0.782002
472, 631, 0.782002
473, 474, 0.782002
473, 600, 0.782002
474, 475, 0.872861
474, 478, 0.872861
475, 476, 0.916047
475, 477, 0.938170
475, 478, 0.938319
476, 477, 0.891746
476, 598, 0.891746
476, 599, 0.916047
477, 481, 0.962145
477, 495, 0.961975
478, 479, 0.938170
478, 480, 0.916047
479, 480, 0.891746
479, 494, 0.962145
479, 497, 0.961975
480, 632, 0.916047
480, 633, 0.891746
481, 482, 0.891746
481, 483, 0.938169
481, 495, 0.961975
482, 483, 0.916047
482, 596, 0.916047
482, 597, 0.891746
483, 484, 0.872861
483, 486, 0.938319
484, 485, 0.782002
484, 486, 0.872861
485, 595, 0.782002
486, 487, 0.938170
487, 488, 0.962145
487, 496, 0.961975
488, 489, 0.938170
488, 496, 0.961975
489, 490, 0.872861
489, 492, 0.938319
490, 491, 0.782002
490, 492, 0.872861
491, 636, 0.782002
492, 493, 0.916047
492, 494, 0.938169
493, 494, 0.891746
493, 634, 0.891746
493, 635, 0.916047
494, 497, 0.961975
495, 496, 0.987883
495, 497, 0.987883
496, 497, 0.987883
498, 499, 0.872861
498, 501, 0.872861
499, 500, 0.938169
499, 501, 0.938319
500, 503, 0.962145
500, 513, 0.961975
501, 502, 0.938169
502, 512, 0.962145
502, 515, 0.961975
503, 504, 0.938170
503, 513, 0.961975
504, 505, 0.872861
504, 506, 0.938319
505, 506, 0.872861
506, 507, 0.938169
507, 508, 0.962145
507, 514, 0.961975
508, 509, 0.938169
508, 514, 0.961975
509, 510, 0.872861
509, 511, 0.938319
510, 511, 0.872861
511, 512, 0.938169
512, 515, 0.961975
513, 514, 0.987883
513, 515, 0.987883
514, 515, 0.987883
516, 517, 0.872861
516, 519, 0.872861
517, 518, 0.938169
517, 519, 0.938319
518, 521, 0.962145
518, 531, 0.961975
519, 520, 0.938169
520, 530, 0.962145
520, 533, 0.961975
521, 522, 0.938169
521, 531, 0.961975
522, 523, 0.872861
522, 524, 0.938319
523, 524, 0.872861
524, 525, 0.938169
525, 526, 0.962145
525, 532, 0.961975
526, 527, 0.938169
526, 532, 0.961975
527, 528, 0.872861
527, 529, 0.938319
528, 529, 0.872861
529, 530, 0.938170
530, 533, 0.961975
531, 532, 0.987883
531, 533, 0.987883
532, 533, 0.987883
534, 535, 0.872861
534, 537, 0.872861
535, 536, 0.938169
535, 537, 0.938319
536, 539, 0.962145
536, 549, 0.961975
537, 538, 0.938169
538, 548, 0.962145
538, 551, 0.961975
539, 540, 0.938169
539, 549, 0.961975
540, 541, 0.872861
540, 542, 0.938319
541, 542, 0.872861
542, 543, 0.938169
543, 544, 0.962145
543, 550, 0.961975
544, 545, 0.938169
544, 550, 0.961975
545, 546, 0.872861
545, 547, 0.938319
546, 547, 0.872861
547, 548, 0.938170
548, 551, 0.961975
549, 550, 0.987883
549, 551, 0.987883
550, 551, 0.987883
552, 553, 0.872861
552, 555, 0.872861
553, 554, 0.938169
553, 555, 0.938319
554, 557, 0.962145
554, 567, 0.961975
555, 556, 0.938169
556, 566, 0.962145
556, 569, 0.961975
557, 558, 0.938170
557, 567, 0.961975
558, 559, 0.872861
558, 560, 0.938319
559, 560, 0.872861
560, 561, 0.938169
561, 562, 0.962145
561, 568, 0.961975
562, 563, 0.938169
562, 568, 0.961975
563, 564, 0.872861
563, 565, 0.938319
564, 565, 0.872861
565, 566, 0.938169
566, 569, 0.961975
567, 568, 0.987883
567, 569, 0.987883
568, 569, 0.987883
570, 571, 0.872861
570, 573, 0.872861
571, 572, 0.938169
571, 573, 0.938319
572, 575, 0.962145
572, 585, 0.961975
573, 574, 0.938169
574, 584, 0.962145
574, 587, 0.961975
575, 576, 0.938170
575, 585, 0.961975
576, 577, 0.872861
576, 578, 0.938319
577, 578, 0.872861
578, 579, 0.938169
579, 580, 0.962145
579, 586, 0.961975
580, 581, 0.938169
580, 586, 0.961975
581, 582, 0.872861
581, 583, 0.938319
582, 583, 0.872861
583, 584, 0.938169
584, 587, 0.961975
585, 586, 0.987883
585, 587, 0.987883
586, 587, 0.987883
588, 589, 0.872861
588, 591, 0.872861
589, 590, 0.938169
589, 591, 0.938319
590, 593, 0.962145
590, 603, 0.961975
591, 592, 0.938169
592, 602, 0.962145
592, 605, 0.961975
593, 594, 0.938169
593, 603, 0.961975
594, 595, 0.872861
594, 596, 0.938319
595, 596, 0.872861
596, 597, 0.938169
597, 598, 0.962145
597, 604, 0.961975
598, 599, 0.938169
598, 604, 0.961975
599, 600, 0.872861
599, 601, 0.938319
600, 601, 0.872861
601, 602, 0.938170
602, 605, 0.961975
603, 604, 0.987883
603, 605, 0.987883
604, 605, 0.987883
606, 607, 0.872861
606, 609, 0.872861
607, 608, 0.938169
607, 609, 0.938319
608, 611, 0.962145
608, 621, 0.961975
609, 610, 0.938169
610, 620, 0.962145
610, 623, 0.961975
611, 612, 0.938169
611, 621, 0.961975
612, 613, 0.872861
612, 614, 0.938319
613, 614, 0.872861
614, 615, 0.938169
615, 616, 0.962145
615, 622, 0.961975
616, 617, 0.938169
616, 622, 0.961975
617, 618, 0.872861
617, 619, 0.938319
618, 619, 0.872861
619, 620, 0.938170
620, 623, 0.961975
621, 622, 0.987883
621, 623, 0.987883
622, 623, 0.987883
624, 625, 0.872861
624, 627, 0.872861
625, 626, 0.938169
625, 627, 0.938319
626, 629, 0.962145
626, 639, 0.961975
627, 628, 0.938169
628, 638, 0.962145
628, 641, 0.961975
629, 630, 0.938170
629, 639, 0.961975
630, 631, 0.872861
630, 632, 0.938319
631, 632, 0.872861
632, 633, 0.938169
633, 634, 0.962145
633, 640, 0.961975
634, 635, 0.938169
634, 640, 0.961975
635, 636, 0.872861
635, 637, 0.938319
636, 637, 0.872861
637, 638, 0.938169
638, 641, 0.961975
639, 640, 0.987883
639, 641, 0.987883
640, 641, 0.987883
