source_idx: 166
h_value: 2.101178

points:
0.000000, 7.360236, -11.909112, 5.603893
0.000000, 7.360236, 11.909112, 23.814782
0.000000, -7.360236, 11.909112, 38.378404
-7.360236, 11.909112, 0.000000, 9.896189
-7.360236, -11.909112, 0.000000, 29.639948
7.360236, 11.909112, 0.000000, 14.342349
7.360236, -11.909112, 0.000000, 34.086108
0.000000, -7.360236, -11.909112, 20.167515
11.909112, 0.000000, 7.360236, 29.639948
-11.909112, 0.000000, 7.360236, 23.814782
-11.909112, 0.000000, -7.360236, 14.342349
11.909112, 0.000000, -7.360236, 20.167515
4.326238, 11.326238, -7.000000, 7.854208
-4.326238, 11.326238, -7.000000, 2.146148
0.000000, 13.999999, 0.000000, 10.068568
-4.326238, 11.326238, 7.000000, 16.675943
4.326238, 11.326238, 7.000000, 18.755799
0.000000, 0.000000, 13.999999, 31.312032
-7.000000, 4.326238, 11.326238, 24.137297
-7.000000, -4.326238, 11.326238, 31.312032
7.000000, 4.326238, 11.326238, 27.474665
7.000000, -4.326238, 11.326238, 36.128089
0.000000, 0.000000, -13.999999, 12.670265
7.000000, 4.326238, -11.326238, 12.670265
7.000000, -4.326238, -11.326238, 19.845000
-7.000000, 4.326238, -11.326238, 7.854208
-7.000000, -4.326238, -11.326238, 16.507632
4.326238, -11.326238, 7.000000, 41.836149
-4.326238, -11.326238, 7.000000, 36.128089
0.000000, -13.999999, 0.000000, 33.913729
-4.326238, -11.326238, -7.000000, 25.226498
4.326238, -11.326238, -7.000000, 27.306354
-11.326238, 7.000000, 4.326238, 16.675943
-11.326238, 7.000000, -4.326238, 10.068568
-13.999999, 0.000000, 0.000000, 18.755799
-11.326238, -7.000000, -4.326238, 21.991148
-11.326238, -7.000000, 4.326238, 27.474665
11.326238, 7.000000, -4.326238, 16.507633
11.326238, 7.000000, 4.326238, 21.991149
13.999999, 0.000000, 0.000000, 25.226498
11.326238, -7.000000, 4.326238, 33.913729
11.326238, -7.000000, -4.326238, 27.306354
2.066693, 9.544057, -10.031937, 5.577804
-2.066693, 9.544057, -10.031937, 2.049772
0.000000, 11.909110, -7.360235, 3.730357
-2.274438, 13.314790, -3.680117, 5.810688
-6.200078, 12.098630, -3.343979, 6.342068
-4.133385, 13.375916, 0.000000, 9.321040
2.274438, 13.314790, -3.680117, 8.011742
4.133385, 13.375916, 0.000000, 12.063163
6.200078, 12.098630, -3.343979, 11.208615
-2.066693, 9.544057, 10.031937, 20.531159
2.066693, 9.544057, 10.031937, 21.480421
0.000000, 11.909110, 7.360235, 17.501020
2.274438, 13.314790, 3.680117, 14.401576
6.200078, 12.098630, 3.343979, 16.211625
-2.274438, 13.314790, 3.680117, 13.149946
-6.200078, 12.098630, 3.343979, 12.910811
0.000000, 4.133385, 13.375916, 27.267347
-3.343979, 6.200078, 12.098630, 24.040921
-3.680117, 2.274438, 13.314790, 27.828945
-7.360235, 0.000000, 11.909110, 27.828945
-10.031937, 2.066693, 9.544057, 24.040921
-10.031937, -2.066693, 9.544057, 27.267347
-3.680117, -2.274438, 13.314790, 31.887338
-3.343979, -6.200078, 12.098630, 35.263374
0.000000, -4.133385, 13.375916, 35.263374
3.343979, 6.200078, 12.098630, 25.605463
3.680117, 2.274438, 13.314790, 29.736104
3.680117, -2.274438, 13.314790, 34.292148
3.343979, -6.200078, 12.098630, 38.404493
7.360235, 0.000000, 11.909110, 31.820836
10.031937, -2.066693, 9.544057, 32.773682
10.031937, 2.066693, 9.544057, 28.906995
0.000000, 4.133385, -13.375916, 8.718924
3.343979, 6.200078, -12.098630, 8.718923
3.680117, 2.274438, -13.314790, 12.094959
7.360235, 0.000000, -11.909110, 16.153352
10.031937, 2.066693, -9.544057, 16.714950
10.031937, -2.066693, -9.544057, 19.941376
3.680117, -2.274438, -13.314790, 16.153352
3.343979, -6.200078, -12.098630, 19.941376
0.000000, -4.133385, -13.375916, 16.714950
-3.343979, 6.200078, -12.098630, 5.577804
-3.680117, 2.274438, -13.314790, 9.690149
-3.680117, -2.274438, -13.314790, 14.246193
-3.343979, -6.200078, -12.098630, 18.376834
-7.360235, 0.000000, -11.909110, 12.161461
-10.031937, -2.066693, -9.544057, 15.075302
-10.031937, 2.066693, -9.544057, 11.208615
2.066693, -9.544057, 10.031937, 41.932525
-2.066693, -9.544057, 10.031937, 38.404493
0.000000, -11.909110, 7.360235, 40.251940
-2.274438, -13.314790, 3.680117, 35.970555
-6.200078, -12.098630, 3.343979, 32.773682
-4.133385, -13.375916, 0.000000, 31.919134
2.274438, -13.314790, 3.680117, 38.171610
4.133385, -13.375916, 0.000000, 34.661258
6.200078, -12.098630, 3.343979, 37.640229
-2.066693, -9.544057, -10.031937, 22.501876
2.066693, -9.544057, -10.031937, 23.451138
0.000000, -11.909110, -7.360235, 26.481277
2.274438, -13.314790, -3.680117, 30.832351
6.200078, -12.098630, -3.343979, 31.071486
-2.274438, -13.314790, -3.680117, 29.580721
-6.200078, -12.098630, -3.343979, 27.770672
-9.544057, 10.031937, 2.066693, 12.910811
-9.544057, 10.031937, -2.066693, 9.321040
-11.909110, 7.360235, 0.000000, 13.149946
-13.314790, 3.680117, -2.274438, 14.401576
-12.098630, 3.343979, -6.200078, 12.063163
-13.375916, 0.000000, -4.133385, 16.211625
-13.314790, 3.680117, 2.274438, 17.501020
-13.375916, 0.000000, 4.133385, 21.480421
-12.098630, 3.343979, 6.200078, 20.531159
-9.544057, -10.031937, -2.066693, 26.136364
-9.544057, -10.031937, 2.066693, 28.906994
-11.909110, -7.360235, 0.000000, 24.820068
-13.314790, -3.680117, 2.274438, 23.116242
-12.098630, -3.343979, 6.200078, 25.605463
-13.314790, -3.680117, -2.274438, 20.301223
-12.098630, -3.343979, -6.200078, 17.845933
9.544057, 10.031937, -2.066693, 15.075303
9.544057, 10.031937, 2.066693, 17.845933
11.909110, 7.360235, 0.000000, 19.162230
13.314790, 3.680117, 2.274438, 23.681074
12.098630, 3.343979, 6.200078, 26.136364
13.375916, 0.000000, 4.133385, 27.770672
13.314790, 3.680117, -2.274438, 20.866055
13.375916, 0.000000, -4.133385, 22.501876
12.098630, 3.343979, -6.200078, 18.376834
9.544057, -10.031937, 2.066693, 34.661257
9.544057, -10.031937, -2.066693, 31.071486
11.909110, -7.360235, 0.000000, 30.832351
13.314790, -3.680117, -2.274438, 26.481277
12.098630, -3.343979, -6.200078, 23.451139
13.314790, -3.680117, 2.274438, 29.580721
12.098630, -3.343979, 6.200078, 31.919134
-5.954555, 8.228992, 9.634672, 20.383781
-8.228992, 9.634672, 5.954555, 16.387256
-9.634674, 5.954556, 8.228993, 20.383781
5.954555, 8.228992, 9.634672, 23.116242
9.634674, 5.954556, 8.228993, 24.820067
8.228992, 9.634672, 5.954555, 20.301224
-5.954555, 8.228992, -9.634672, 3.730357
-9.634674, 5.954556, -8.228993, 8.011742
-8.228992, 9.634672, -5.954555, 5.810687
5.954555, 8.228992, -9.634672, 9.690149
8.228992, 9.634672, -5.954555, 12.161461
9.634674, 5.954556, -8.228993, 14.246193
-5.954555, -8.228992, -9.634672, 20.866055
-8.228992, -9.634672, -5.954555, 23.681074
-9.634674, -5.954556, -8.228993, 19.162230
5.954555, -8.228992, -9.634672, 23.598516
9.634674, -5.954556, -8.228993, 23.598516
8.228992, -9.634672, -5.954555, 27.595041
-5.954555, -8.228992, 9.634672, 34.292148
-9.634674, -5.954556, 8.228993, 29.736104
-8.228992, -9.634672, 5.954555, 31.820836
5.954555, -8.228992, 9.634672, 40.251940
8.228992, -9.634672, 5.954555, 38.171610
9.634674, -5.954556, 8.228993, 35.970555
0.981269, 8.456609, -11.114085, 5.317134
-0.981269, 8.456609, -11.114085, 3.930477
0.000000, 9.649779, -10.143064, 3.657205
-1.094705, 10.787337, -8.856352, 2.139525
-3.206628, 10.532814, -8.647389, 0.000000
-2.245004, 11.754995, -7.264987, 2.082661
1.094705, 10.787337, -8.856352, 4.331173
2.245004, 11.754995, -7.264987, 5.796758
3.206628, 10.532814, -8.647389, 6.470699
-3.367507, 12.448742, -5.448741, 3.743165
-5.344380, 11.854018, -5.188434, 4.292296
-4.378821, 12.817033, -3.542541, 5.754545
-5.223965, 12.878368, -1.690511, 7.710861
-6.868882, 12.095354, -1.587726, 8.222773
-5.887613, 12.701812, 0.000000, 9.490317
-3.284116, 13.493598, -1.771270, 7.579086
-2.137752, 13.835823, 0.000000, 9.499433
-1.122502, 13.836229, -1.816247, 7.976414
1.122502, 13.836229, -1.816247, 8.884371
2.137752, 13.835823, 0.000000, 10.967033
3.284116, 13.493598, -1.771270, 10.127834
5.223965, 12.878368, -1.690511, 11.499790
5.887613, 12.701812, 0.000000, 13.221112
6.868882, 12.095354, -1.587726, 12.847552
4.378821, 12.817033, -3.542541, 9.611907
5.344380, 11.854018, -5.188434, 9.499433
3.367507, 12.448742, -5.448741, 7.652792
-1.152530, 12.781754, -5.594499, 4.329680
0.000000, 13.494058, -3.729666, 6.637352
1.152530, 12.781754, -5.594499, 5.819359
-0.981269, 8.456609, 11.114085, 22.268979
0.981269, 8.456609, 11.114085, 22.718798
0.000000, 9.649779, 10.143064, 20.995431
1.094705, 10.787337, 8.856352, 19.584572
3.206628, 10.532814, 8.647389, 20.137137
2.245004, 11.754995, 7.264987, 18.098981
-1.094705, 10.787337, 8.856352, 19.073867
-2.245004, 11.754995, 7.264987, 17.016487
-3.206628, 10.532814, 8.647389, 18.641767
3.367507, 12.448742, 5.448741, 16.632351
5.344380, 11.854018, 5.188434, 17.420958
4.378821, 12.817033, 3.542541, 15.285984
5.223965, 12.878368, 1.690511, 14.137390
6.868882, 12.095354, 1.587726, 15.179692
3.284116, 13.493598, 1.771270, 13.099821
1.122502, 13.836229, 1.816247, 12.175963
-1.122502, 13.836229, 1.816247, 11.488523
-3.284116, 13.493598, 1.771270, 11.121610
-5.223965, 12.878368, 1.690511, 11.077627
-6.868882, 12.095354, 1.587726, 11.285393
-4.378821, 12.817033, 3.542541, 12.909944
-5.344380, 11.854018, 5.188434, 14.732646
-3.367507, 12.448742, 5.448741, 14.923191
1.152530, 12.781754, 5.594499, 15.904467
0.000000, 13.494058, 3.729666, 13.659525
-1.152530, 12.781754, 5.594499, 15.316443
0.000000, 5.887613, 12.701812, 25.442014
-1.587726, 6.868882, 12.095354, 23.936930
-1.690511, 5.223965, 12.878368, 25.670528
-3.542541, 4.378821, 12.817033, 25.850780
-5.188434, 5.344380, 11.854018, 24.111934
-5.448740, 3.367507, 12.448740, 25.951448
-1.771270, 3.284116, 13.493598, 27.597944
-1.816247, 1.122502, 13.836229, 29.653764
0.000000, 2.137752, 13.835823, 29.249651
-7.264987, 2.245004, 11.754995, 25.951448
-8.647389, 3.206628, 10.532814, 24.111934
-8.856352, 1.094705, 10.787337, 25.850780
-10.143064, 0.000000, 9.649779, 25.670528
-11.114085, 0.981269, 8.456609, 23.936930
-11.114085, -0.981269, 8.456609, 25.442014
-8.856352, -1.094705, 10.787337, 27.597944
-8.647389, -3.206628, 10.532814, 29.249651
-7.264987, -2.245004, 11.754995, 29.653764
-5.448740, -3.367507, 12.448740, 31.733317
-5.188434, -5.344380, 11.854018, 33.351886
-3.542541, -4.378821, 12.817033, 33.713272
-1.690511, -5.223965, 12.878368, 35.481712
-1.587726, -6.868882, 12.095354, 36.959160
0.000000, -5.887613, 12.701812, 36.959160
-1.771270, -3.284116, 13.493598, 33.713272
0.000000, -2.137752, 13.835823, 33.351886
-1.816247, -1.122502, 13.836229, 31.733317
-5.594499, 1.152530, 12.781754, 27.912551
-5.594499, -1.152530, 12.781754, 29.883161
-3.729666, 0.000000, 13.494058, 29.883161
1.587726, 6.868882, 12.095354, 24.674391
1.690511, 5.223965, 12.878368, 26.479202
1.771270, 3.284116, 13.493598, 28.491749
1.816247, 1.122502, 13.836229, 30.650561
3.542541, 4.378821, 12.817033, 27.571471
5.448740, 3.367507, 12.448740, 28.642236
5.188434, 5.344380, 11.854018, 26.561339
1.816247, -1.122502, 13.836229, 32.856159
1.771270, -3.284116, 13.493598, 34.991773
1.690511, -5.223965, 12.878368, 36.952851
1.587726, -6.868882, 12.095354, 38.665164
3.542541, -4.378821, 12.817033, 36.450673
5.188434, -5.344380, 11.854018, 37.511598
5.448740, -3.367507, 12.448740, 35.434757
7.264987, -2.245004, 11.754995, 34.037195
8.647389, -3.206628, 10.532814, 34.482864
8.856352, -1.094705, 10.787337, 32.453170
10.143064, 0.000000, 9.649779, 30.855228
11.114085, -0.981269, 8.456609, 31.134746
11.114085, 0.981269, 8.456609, 29.357090
8.856352, 1.094705, 10.787337, 30.346289
8.647389, 3.206628, 10.532814, 28.273881
7.264987, 2.245004, 11.754995, 29.595267
3.729666, 0.000000, 13.494058, 32.015062
5.594499, -1.152530, 12.781754, 33.191752
5.594499, 1.152530, 12.781754, 30.887016
0.000000, 5.887613, -12.701812, 7.023137
1.587726, 6.868882, -12.095354, 7.023137
1.690511, 5.223965, -12.878368, 8.500586
3.542541, 4.378821, -12.817033, 10.269026
5.188434, 5.344380, -11.854018, 10.630411
5.448740, 3.367507, -12.448740, 12.248980
1.771270, 3.284116, -13.493598, 10.269025
1.816247, 1.122502, -13.836229, 12.248980
0.000000, 2.137752, -13.835823, 10.630411
7.264987, 2.245004, -11.754995, 14.328534
8.647389, 3.206628, -10.532814, 14.732646
8.856352, 1.094705, -10.787337, 16.384353
10.143064, 0.000000, -9.649779, 18.311770
11.114085, 0.981269, -8.456609, 18.540284
11.114085, -0.981269, -8.456609, 20.045367
8.856352, -1.094705, -10.787337, 18.131518
8.647389, -3.206628, -10.532814, 19.870364
7.264987, -2.245004, -11.754995, 18.030849
5.448740, -3.367507, -12.448740, 18.030849
5.188434, -5.344380, -11.854018, 19.870363
3.542541, -4.378821, -12.817033, 18.131517
1.690511, -5.223965, -12.878368, 18.311769
1.587726, -6.868882, -12.095354, 20.045367
0.000000, -5.887613, -12.701812, 18.540283
1.771270, -3.284116, -13.493598, 16.384353
0.000000, -2.137752, -13.835823, 14.732646
1.816247, -1.122502, -13.836229, 14.328533
5.594499, 1.152530, -12.781754, 14.099136
5.594499, -1.152530, -12.781754, 16.069746
3.729666, 0.000000, -13.494058, 14.099136
-1.587726, 6.868882, -12.095354, 5.317134
-1.690511, 5.223965, -12.878368, 7.029446
-1.771270, 3.284116, -13.493598, 8.990524
-1.816247, 1.122502, -13.836229, 11.126138
-3.542541, 4.378821, -12.817033, 7.531624
-5.448740, 3.367507, -12.448740, 8.547540
-5.188434, 5.344380, -11.854018, 6.470699
-1.816247, -1.122502, -13.836229, 13.331736
-1.771270, -3.284116, -13.493598, 15.490548
-1.690511, -5.223965, -12.878368, 17.503096
-1.587726, -6.868882, -12.095354, 19.307906
-3.542541, -4.378821, -12.817033, 16.410826
-5.188434, -5.344380, -11.854018, 17.420958
-5.448740, -3.367507, -12.448740, 15.340061
-7.264987, -2.245004, -11.754995, 14.387030
-8.647389, -3.206628, -10.532814, 15.708416
-8.856352, -1.094705, -10.787337, 13.636008
-10.143064, 0.000000, -9.649779, 13.127069
-11.114085, -0.981269, -8.456609, 14.625207
-11.114085, 0.981269, -8.456609, 12.847552
-8.856352, 1.094705, -10.787337, 11.529127
-8.647389, 3.206628, -10.532814, 9.499433
-7.264987, 2.245004, -11.754995, 9.945102
-3.729666, 0.000000, -13.494058, 11.967235
-5.594499, -1.152530, -12.781754, 13.095281
-5.594499, 1.152530, -12.781754, 10.790545
0.981269, -8.456609, 11.114085, 40.051821
-0.981269, -8.456609, 11.114085, 38.665164
0.000000, -9.649779, 10.143064, 40.325092
-1.094705, -10.787337, 8.856352, 39.651124
-3.206628, -10.532814, 8.647389, 37.511599
-2.245004, -11.754995, 7.264987, 38.185540
1.094705, -10.787337, 8.856352, 41.842772
2.245004, -11.754995, 7.264987, 41.899636
3.206628, -10.532814, 8.647389, 43.982297
-3.367507, -12.448742, 5.448741, 36.329506
-5.344380, -11.854018, 5.188434, 34.482864
-4.378821, -12.817033, 3.542541, 34.370390
-5.223965, -12.878368, 1.690511, 32.482507
-6.868882, -12.095354, 1.587726, 31.134746
-5.887613, -12.701812, 0.000000, 30.761185
-3.284116, -13.493598, 1.771270, 33.854463
-2.137752, -13.835823, 0.000000, 33.015264
-1.122502, -13.836229, 1.816247, 35.097926
1.122502, -13.836229, 1.816247, 36.005883
2.137752, -13.835823, 0.000000, 34.482864
3.284116, -13.493598, 1.771270, 36.403212
5.223965, -12.878368, 1.690511, 36.271437
5.887613, -12.701812, 0.000000, 34.491980
6.868882, -12.095354, 1.587726, 35.759524
4.378821, -12.817033, 3.542541, 38.227752
5.344380, -11.854018, 5.188434, 39.690001
3.367507, -12.448742, 5.448741, 40.239133
-1.152530, -12.781754, 5.594499, 38.162938
0.000000, -13.494058, 3.729666, 37.344945
1.152530, -12.781754, 5.594499, 39.652617
-0.981269, -8.456609, -11.114085, 21.263500
0.981269, -8.456609, -11.114085, 21.713318
0.000000, -9.649779, -10.143064, 22.986867
1.094705, -10.787337, -8.856352, 24.908430
3.206628, -10.532814, -8.647389, 25.340530
2.245004, -11.754995, -7.264987, 26.965811
-1.094705, -10.787337, -8.856352, 24.397725
-2.245004, -11.754995, -7.264987, 25.883316
-3.206628, -10.532814, -8.647389, 23.845160
3.367507, -12.448742, -5.448741, 29.059106
5.344380, -11.854018, -5.188434, 29.249651
4.378821, -12.817033, -3.542541, 31.072353
5.223965, -12.878368, -1.690511, 32.904670
6.868882, -12.095354, -1.587726, 32.696904
3.284116, -13.493598, -1.771270, 32.860687
1.122502, -13.836229, -1.816247, 32.493774
-1.122502, -13.836229, -1.816247, 31.806334
-3.284116, -13.493598, -1.771270, 30.882477
-5.223965, -12.878368, -1.690511, 29.844907
-6.868882, -12.095354, -1.587726, 28.802605
-4.378821, -12.817033, -3.542541, 28.696314
-5.344380, -11.854018, -5.188434, 26.561339
-3.367507, -12.448742, -5.448741, 27.349946
1.152530, -12.781754, -5.594499, 28.665854
0.000000, -13.494058, -3.729666, 30.322772
-1.152530, -12.781754, -5.594499, 28.077830
-8.456609, 11.114085, 0.981269, 11.285393
-8.456609, 11.114085, -0.981269, 9.490317
-9.649779, 10.143064, 0.000000, 11.077627
-10.787337, 8.856352, -1.094705, 11.121610
-10.532814, 8.647389, -3.206628, 9.499433
-11.754995, 7.264987, -2.245004, 11.488523
-10.787337, 8.856352, 1.094705, 12.909944
-11.754995, 7.264987, 2.245004, 14.923191
-10.532814, 8.647389, 3.206628, 14.732646
-12.448740, 5.448740, -3.367507, 12.175963
-11.854018, 5.188434, -5.344380, 10.967033
-12.817033, 3.542541, -4.378821, 13.099821
-12.878368, 1.690511, -5.223965, 14.137390
-12.095354, 1.587726, -6.868882, 13.221112
-12.701812, 0.000000, -5.887613, 15.179692
-13.493598, 1.771270, -3.284116, 15.285984
-13.835823, 0.000000, -2.137752, 17.420958
-13.836229, 1.816247, -1.122502, 16.632351
-13.836229, 1.816247, 1.122502, 18.098981
-13.835823, 0.000000, 2.137752, 20.137136
-13.493598, 1.771270, 3.284116, 19.584572
-12.878368, 1.690511, 5.223965, 20.995430
-12.701812, 0.000000, 5.887613, 22.718797
-12.095354, 1.587726, 6.868882, 22.268979
-12.817033, 3.542541, 4.378821, 19.073867
-11.854018, 5.188434, 5.344380, 18.641767
-12.448740, 5.448740, 3.367507, 17.016486
-12.781754, 5.594499, -1.152530, 13.659525
-13.494058, 3.729666, 0.000000, 15.904467
-12.781754, 5.594499, 1.152530, 15.316443
-8.456609, -11.114085, -0.981269, 27.991769
-8.456609, -11.114085, 0.981269, 29.357090
-9.649779, -10.143064, 0.000000, 27.557491
-10.787337, -8.856352, 1.094705, 26.963431
-10.532814, -8.647389, 3.206628, 28.273881
-11.754995, -7.264987, 2.245004, 26.214955
-10.787337, -8.856352, -1.094705, 25.545272
-11.754995, -7.264987, -2.245004, 23.380100
-10.532814, -8.647389, -3.206628, 24.111934
-12.448740, -5.448740, 3.367507, 25.351333
-11.854018, -5.188434, 5.344380, 26.561338
-12.817033, -3.542541, 4.378821, 24.437786
-12.878368, -1.690511, 5.223965, 23.543137
-12.095354, -1.587726, 6.868882, 24.674390
-13.493598, -1.771270, 3.284116, 22.261632
-13.836229, -1.816247, 1.122502, 20.880646
-13.836229, -1.816247, -1.122502, 19.481721
-13.493598, -1.771270, -3.284116, 18.156856
-12.878368, -1.690511, -5.223965, 16.980275
-12.095354, -1.587726, -6.868882, 15.990529
-12.817033, -3.542541, -4.378821, 18.993151
-11.854018, -5.188434, -5.344380, 19.870364
-12.448740, -5.448740, -3.367507, 21.158654
-12.781754, -5.594499, 1.152530, 23.991221
-13.494058, -3.729666, 0.000000, 21.706375
-12.781754, -5.594499, -1.152530, 22.560813
8.456609, 11.114085, -0.981269, 14.625207
8.456609, 11.114085, 0.981269, 15.990529
9.649779, 10.143064, 0.000000, 16.424807
10.787337, 8.856352, 1.094705, 18.437025
10.532814, 8.647389, 3.206628, 19.870364
11.754995, 7.264987, 2.245004, 20.602198
10.787337, 8.856352, -1.094705, 17.018866
11.754995, 7.264987, -2.245004, 17.767342
10.532814, 8.647389, -3.206628, 15.708416
12.448740, 5.448740, 3.367507, 22.823643
11.854018, 5.188434, 5.344380, 24.111934
12.817033, 3.542541, 4.378821, 24.989146
12.878368, 1.690511, 5.223965, 27.002022
12.095354, 1.587726, 6.868882, 27.991769
12.701812, 0.000000, 5.887613, 28.802605
13.493598, 1.771270, 3.284116, 25.825441
13.835823, 0.000000, 2.137752, 26.561339
13.836229, 1.816247, 1.122502, 24.500577
13.836229, 1.816247, -1.122502, 23.101651
13.835823, 0.000000, -2.137752, 23.845161
13.493598, 1.771270, -3.284116, 21.720665
12.878368, 1.690511, -5.223965, 20.439161
12.701812, 0.000000, -5.887613, 21.263500
12.095354, 1.587726, -6.868882, 19.307907
12.817033, 3.542541, -4.378821, 19.544511
11.854018, 5.188434, -5.344380, 17.420959
12.448740, 5.448740, -3.367507, 18.630964
12.781754, 5.594499, 1.152530, 21.421484
13.494058, 3.729666, 0.000000, 22.275922
12.781754, 5.594499, -1.152530, 19.991077
8.456609, -11.114085, 0.981269, 34.491980
8.456609, -11.114085, -0.981269, 32.696904
9.649779, -10.143064, 0.000000, 32.904670
10.787337, -8.856352, -1.094705, 31.072353
10.532814, -8.647389, -3.206628, 29.249651
11.754995, -7.264987, -2.245004, 29.059106
10.787337, -8.856352, 1.094705, 32.860687
11.754995, -7.264987, 2.245004, 32.493774
10.532814, -8.647389, 3.206628, 34.482864
12.448740, -5.448740, -3.367507, 26.965811
11.854018, -5.188434, -5.344380, 25.340530
12.817033, -3.542541, -4.378821, 24.908430
12.878368, -1.690511, -5.223965, 22.986867
12.095354, -1.587726, -6.868882, 21.713318
13.493598, -1.771270, -3.284116, 24.397725
13.836229, -1.816247, -1.122502, 25.883316
13.836229, -1.816247, 1.122502, 27.349946
13.493598, -1.771270, 3.284116, 28.696314
12.878368, -1.690511, 5.223965, 29.844907
12.095354, -1.587726, 6.868882, 30.761185
12.817033, -3.542541, 4.378821, 30.882477
11.854018, -5.188434, 5.344380, 33.015264
12.448740, -5.448740, 3.367507, 31.806334
12.781754, -5.594499, -1.152530, 28.665854
13.494058, -3.729666, 0.000000, 28.077830
12.781754, -5.594499, 1.152530, 30.322772
-2.735304, 7.959269, 11.187858, 22.286968
-3.960681, 9.016067, 9.951056, 20.444122
-5.183753, 9.938748, 8.387489, 18.470186
-4.637246, 7.244797, 11.045762, 22.301101
-6.571242, 6.306255, 10.632493, 22.308973
-6.306255, 10.632492, 6.571241, 16.463826
-7.244797, 11.045762, 4.637246, 14.538863
-7.959269, 11.187858, 2.735304, 12.792882
-9.016067, 9.951056, 3.960681, 14.538862
-9.938748, 8.387489, 5.183753, 16.463826
-10.632493, 6.571242, 6.306255, 18.470185
-11.045762, 4.637246, 7.244797, 20.444122
-11.187858, 2.735304, 7.959269, 22.286967
-9.951056, 3.960681, 9.016067, 22.301101
-8.387489, 5.183753, 9.938748, 22.308973
-7.187256, 9.052089, 7.899559, 18.373873
-9.052089, 7.899559, 7.187256, 18.373873
-7.899559, 7.187256, 9.052089, 20.362042
2.735304, 7.959269, 11.187858, 23.543137
4.637246, 7.244797, 11.045762, 24.437786
6.571242, 6.306255, 10.632493, 25.351333
3.960681, 9.016067, 9.951056, 22.261633
5.183753, 9.938748, 8.387489, 20.880646
8.387489, 5.183753, 9.938748, 26.214955
9.951056, 3.960681, 9.016067, 26.963431
11.187858, 2.735304, 7.959269, 27.557490
11.045762, 4.637246, 7.244797, 25.545272
10.632493, 6.571242, 6.306255, 23.380099
9.938748, 8.387489, 5.183753, 21.158654
9.016067, 9.951056, 3.960681, 18.993151
7.959269, 11.187858, 2.735304, 16.980275
7.244797, 11.045762, 4.637246, 18.156857
6.306255, 10.632492, 6.571241, 19.481721
7.899559, 7.187256, 9.052089, 23.991220
9.052089, 7.899559, 7.187256, 22.560813
7.187256, 9.052089, 7.899559, 21.706376
-2.735304, 7.959269, -11.187858, 3.657205
-4.637246, 7.244797, -11.045762, 4.331173
-6.571242, 6.306255, -10.632493, 5.796758
-3.960681, 9.016067, -9.951056, 2.139525
-5.183753, 9.938748, -8.387489, 2.082661
-8.387489, 5.183753, -9.938748, 7.652792
-9.951056, 3.960681, -9.016067, 9.611907
-11.187858, 2.735304, -7.959269, 11.499790
-11.045762, 4.637246, -7.244797, 10.127834
-10.632493, 6.571242, -6.306255, 8.884371
-9.938748, 8.387489, -5.183753, 7.976414
-9.016067, 9.951056, -3.960681, 7.579085
-7.959269, 11.187858, -2.735304, 7.710860
-7.244797, 11.045762, -4.637246, 5.754545
-6.306255, 10.632492, -6.571241, 3.743165
-7.899559, 7.187256, -9.052089, 5.819359
-9.052089, 7.899559, -7.187256, 6.637352
-7.187256, 9.052089, -7.899559, 4.329681
2.735304, 7.959269, -11.187858, 7.029446
3.960681, 9.016067, -9.951056, 7.531624
5.183753, 9.938748, -8.387489, 8.547540
4.637246, 7.244797, -11.045762, 8.990524
6.571242, 6.306255, -10.632493, 11.126139
6.306255, 10.632492, -6.571241, 9.945102
7.244797, 11.045762, -4.637246, 11.529127
7.959269, 11.187858, -2.735304, 13.127069
9.016067, 9.951056, -3.960681, 13.636008
9.938748, 8.387489, -5.183753, 14.387030
10.632493, 6.571242, -6.306255, 15.340061
11.045762, 4.637246, -7.244797, 16.410826
11.187858, 2.735304, -7.959269, 17.503096
9.951056, 3.960681, -9.016067, 15.490549
8.387489, 5.183753, -9.938748, 13.331737
7.187256, 9.052089, -7.899559, 10.790545
9.052089, 7.899559, -7.187256, 13.095281
7.899559, 7.187256, -9.052089, 11.967236
-2.735304, -7.959269, -11.187858, 20.439160
-3.960681, -9.016067, -9.951056, 21.720665
-5.183753, -9.938748, -8.387489, 23.101651
-4.637246, -7.244797, -11.045762, 19.544511
-6.571242, -6.306255, -10.632493, 18.630964
-6.306255, -10.632492, -6.571241, 24.500577
-7.244797, -11.045762, -4.637246, 25.825441
-7.959269, -11.187858, -2.735304, 27.002022
-9.016067, -9.951056, -3.960681, 24.989146
-9.938748, -8.387489, -5.183753, 22.823644
-10.632493, -6.571242, -6.306255, 20.602198
-11.045762, -4.637246, -7.244797, 18.437025
-11.187858, -2.735304, -7.959269, 16.424807
-9.951056, -3.960681, -9.016067, 17.018866
-8.387489, -5.183753, -9.938748, 17.767342
-7.187256, -9.052089, -7.899559, 22.275921
-9.052089, -7.899559, -7.187256, 21.421484
-7.899559, -7.187256, -9.052089, 19.991077
2.735304, -7.959269, -11.187858, 21.695330
4.637246, -7.244797, -11.045762, 21.681196
6.571242, -6.306255, -10.632493, 21.673324
3.960681, -9.016067, -9.951056, 23.538175
5.183753, -9.938748, -8.387489, 25.512111
8.387489, -5.183753, -9.938748, 21.673324
9.951056, -3.960681, -9.016067, 21.681196
11.187858, -2.735304, -7.959269, 21.695330
11.045762, -4.637246, -7.244797, 23.538176
10.632493, -6.571242, -6.306255, 25.512112
9.938748, -8.387489, -5.183753, 27.518472
9.016067, -9.951056, -3.960681, 29.443435
7.959269, -11.187858, -2.735304, 31.189416
7.244797, -11.045762, -4.637246, 29.443434
6.306255, -10.632492, -6.571241, 27.518471
7.899559, -7.187256, -9.052089, 23.620255
9.052089, -7.899559, -7.187256, 25.608424
7.187256, -9.052089, -7.899559, 25.608424
-2.735304, -7.959269, 11.187858, 36.952852
-4.637246, -7.244797, 11.045762, 34.991773
-6.571242, -6.306255, 10.632493, 32.856159
-3.960681, -9.016067, 9.951056, 36.450673
-5.183753, -9.938748, 8.387489, 35.434757
-8.387489, -5.183753, 9.938748, 30.650560
-9.951056, -3.960681, 9.016067, 28.491749
-11.187858, -2.735304, 7.959269, 26.479201
-11.045762, -4.637246, 7.244797, 27.571471
-10.632493, -6.571242, 6.306255, 28.642236
-9.938748, -8.387489, 5.183753, 29.595268
-9.016067, -9.951056, 3.960681, 30.346289
-7.959269, -11.187858, 2.735304, 30.855228
-7.244797, -11.045762, 4.637246, 32.453170
-6.306255, -10.632492, 6.571241, 34.037195
-7.899559, -7.187256, 9.052089, 32.015062
-9.052089, -7.899559, 7.187256, 30.887016
-7.187256, -9.052089, 7.899559, 33.191752
2.735304, -7.959269, 11.187858, 40.325092
3.960681, -9.016067, 9.951056, 41.842772
5.183753, -9.938748, 8.387489, 41.899636
4.637246, -7.244797, 11.045762, 39.651124
6.571242, -6.306255, 10.632493, 38.185540
6.306255, -10.632492, 6.571241, 40.239132
7.244797, -11.045762, 4.637246, 38.227752
7.959269, -11.187858, 2.735304, 36.271437
9.016067, -9.951056, 3.960681, 36.403212
9.938748, -8.387489, 5.183753, 36.005884
10.632493, -6.571242, 6.306255, 35.097926
11.045762, -4.637246, 7.244797, 33.854464
11.187858, -2.735304, 7.959269, 32.482507
9.951056, -3.960681, 9.016067, 34.370390
8.387489, -5.183753, 9.938748, 36.329505
7.187256, -9.052089, 7.899559, 39.652616
9.052089, -7.899559, 7.187256, 37.344945
7.899559, -7.187256, 9.052089, 38.162938

graph:
0, 162, 1.672420
0, 163, 1.672420
0, 274, 1.672420
0, 275, 1.672420
0, 304, 1.672420
1, 192, 1.672420
1, 193, 1.672420
1, 218, 1.672420
1, 219, 1.672420
1, 248, 1.672420
2, 240, 1.672420
2, 241, 1.672420
2, 258, 1.672420
2, 330, 1.672420
2, 331, 1.672420
3, 175, 1.672420
3, 176, 1.672420
3, 211, 1.672420
3, 386, 1.672420
3, 387, 1.672420
4, 343, 1.672420
4, 344, 1.672420
4, 379, 1.672420
4, 416, 1.672420
4, 417, 1.672420
5, 184, 1.672420
5, 185, 1.672420
5, 205, 1.672420
5, 442, 1.672420
5, 443, 1.672420
6, 352, 1.672420
6, 353, 1.672420
6, 373, 1.672420
6, 472, 1.672420
6, 473, 1.672420
7, 296, 1.672420
7, 297, 1.672420
7, 314, 1.672420
7, 360, 1.672420
7, 361, 1.672420
8, 266, 1.672420
8, 267, 1.672420
8, 455, 1.672420
8, 456, 1.672420
8, 491, 1.672420
9, 231, 1.672420
9, 232, 1.672420
9, 408, 1.672420
9, 409, 1.672420
9, 429, 1.672420
10, 322, 1.672420
10, 323, 1.672420
10, 399, 1.672420
10, 400, 1.672420
10, 435, 1.672420
11, 287, 1.672420
11, 288, 1.672420
11, 464, 1.672420
11, 465, 1.672420
11, 485, 1.672420
12, 169, 2.141398
12, 170, 2.144047
12, 187, 2.144047
12, 188, 2.141397
12, 554, 2.141398
12, 557, 2.141398
13, 166, 2.144047
13, 167, 2.141398
13, 171, 2.141397
13, 172, 2.144047
13, 538, 2.141398
13, 548, 2.141398
14, 178, 2.144047
14, 179, 2.141398
14, 180, 2.141398
14, 181, 2.144047
14, 207, 2.141398
14, 208, 2.141398
15, 199, 2.141398
15, 200, 2.144047
15, 213, 2.144047
15, 214, 2.141397
15, 500, 2.141398
15, 503, 2.141398
16, 196, 2.144047
16, 197, 2.141398
16, 201, 2.141397
16, 202, 2.144047
16, 520, 2.141398
16, 530, 2.141398
17, 225, 2.141398
17, 226, 2.144047
17, 243, 2.144047
17, 244, 2.141398
17, 251, 2.141398
17, 255, 2.141398
18, 222, 2.144047
18, 223, 2.141397
18, 227, 2.141398
18, 228, 2.144047
18, 502, 2.141398
18, 512, 2.141398
19, 234, 2.144047
19, 235, 2.141398
19, 236, 2.141397
19, 237, 2.144047
19, 608, 2.141398
19, 611, 2.141398
20, 253, 2.141397
20, 254, 2.144047
20, 269, 2.144047
20, 270, 2.141398
20, 518, 2.141398
20, 521, 2.141398
21, 260, 2.144047
21, 261, 2.141397
21, 262, 2.141398
21, 263, 2.144047
21, 628, 2.141398
21, 638, 2.141398
22, 281, 2.141398
22, 282, 2.144047
22, 299, 2.144047
22, 300, 2.141398
22, 307, 2.141398
22, 311, 2.141398
23, 278, 2.144047
23, 279, 2.141397
23, 283, 2.141398
23, 284, 2.144047
23, 556, 2.141398
23, 566, 2.141398
24, 290, 2.144047
24, 291, 2.141398
24, 292, 2.141397
24, 293, 2.144047
24, 590, 2.141398
24, 593, 2.141398
25, 309, 2.141397
25, 310, 2.144047
25, 325, 2.144047
25, 326, 2.141398
25, 536, 2.141398
25, 539, 2.141398
26, 316, 2.144047
26, 317, 2.141397
26, 318, 2.141398
26, 319, 2.144047
26, 574, 2.141398
26, 584, 2.141398
27, 337, 2.141398
27, 338, 2.144047
27, 355, 2.144047
27, 356, 2.141397
27, 626, 2.141398
27, 629, 2.141398
28, 334, 2.144047
28, 335, 2.141398
28, 339, 2.141397
28, 340, 2.144047
28, 610, 2.141398
28, 620, 2.141398
29, 346, 2.144047
29, 347, 2.141398
29, 348, 2.141398
29, 349, 2.144047
29, 375, 2.141398
29, 376, 2.141398
30, 367, 2.141398
30, 368, 2.144047
30, 381, 2.144047
30, 382, 2.141397
30, 572, 2.141398
30, 575, 2.141398
31, 364, 2.144047
31, 365, 2.141398
31, 369, 2.141397
31, 370, 2.144047
31, 592, 2.141398
31, 602, 2.141398
32, 393, 2.141398
32, 394, 2.144047
32, 411, 2.144047
32, 412, 2.141397
32, 507, 2.141398
32, 508, 2.141398
33, 390, 2.144047
33, 391, 2.141398
33, 395, 2.141397
33, 396, 2.144047
33, 543, 2.141398
33, 544, 2.141398
34, 402, 2.144047
34, 403, 2.141398
34, 404, 2.141398
34, 405, 2.144047
34, 431, 2.141398
34, 432, 2.141398
35, 423, 2.141398
35, 424, 2.144047
35, 437, 2.144047
35, 438, 2.141397
35, 579, 2.141398
35, 580, 2.141398
36, 420, 2.144047
36, 421, 2.141398
36, 425, 2.141397
36, 426, 2.144047
36, 615, 2.141398
36, 616, 2.141398
37, 449, 2.141398
37, 450, 2.144047
37, 467, 2.144047
37, 468, 2.141397
37, 561, 2.141398
37, 562, 2.141398
38, 446, 2.144047
38, 447, 2.141398
38, 451, 2.141397
38, 452, 2.144047
38, 525, 2.141398
38, 526, 2.141398
39, 458, 2.144047
39, 459, 2.141398
39, 460, 2.141398
39, 461, 2.144047
39, 487, 2.141398
39, 488, 2.141398
40, 479, 2.141398
40, 480, 2.144047
40, 493, 2.144047
40, 494, 2.141397
40, 633, 2.141398
40, 634, 2.141398
41, 476, 2.144047
41, 477, 2.141398
41, 481, 2.141397
41, 482, 2.144047
41, 597, 2.141398
41, 598, 2.141398
42, 162, 1.879291
42, 164, 2.072377
42, 168, 1.967868
42, 170, 2.047942
42, 552, 2.072377
42, 553, 1.967868
43, 163, 1.879291
43, 164, 2.072377
43, 165, 1.967868
43, 166, 2.047942
43, 534, 2.072377
43, 537, 1.967868
44, 165, 2.166822
44, 167, 2.252303
44, 168, 2.166822
44, 169, 2.252303
44, 189, 2.282029
44, 191, 2.282029
45, 171, 2.252303
45, 173, 2.166822
45, 177, 2.166822
45, 179, 2.252303
45, 189, 2.282030
45, 190, 2.282030
46, 172, 2.047942
46, 173, 1.967869
46, 174, 2.072377
46, 175, 1.879291
46, 546, 2.072376
46, 547, 1.967869
47, 174, 2.072377
47, 176, 1.879291
47, 177, 1.967868
47, 178, 2.047941
47, 209, 1.967868
47, 210, 2.072377
48, 180, 2.252303
48, 182, 2.166822
48, 186, 2.166822
48, 188, 2.252303
48, 190, 2.282030
48, 191, 2.282030
49, 181, 2.047941
49, 182, 1.967868
49, 183, 2.072377
49, 184, 1.879291
49, 204, 2.072377
49, 206, 1.967868
50, 183, 2.072377
50, 185, 1.879291
50, 186, 1.967869
50, 187, 2.047942
50, 558, 1.967869
50, 559, 2.072376
51, 192, 1.879291
51, 194, 2.072377
51, 198, 1.967868
51, 200, 2.047942
51, 498, 2.072377
51, 499, 1.967868
52, 193, 1.879291
52, 194, 2.072377
52, 195, 1.967868
52, 196, 2.047942
52, 516, 2.072377
52, 519, 1.967868
53, 195, 2.166822
53, 197, 2.252303
53, 198, 2.166822
53, 199, 2.252303
53, 215, 2.282029
53, 217, 2.282029
54, 201, 2.252303
54, 203, 2.166822
54, 206, 2.166822
54, 207, 2.252303
54, 215, 2.282030
54, 216, 2.282030
55, 202, 2.047942
55, 203, 1.967869
55, 204, 2.072377
55, 205, 1.879291
55, 528, 2.072376
55, 529, 1.967869
56, 208, 2.252303
56, 209, 2.166822
56, 212, 2.166822
56, 214, 2.252303
56, 216, 2.282030
56, 217, 2.282030
57, 210, 2.072377
57, 211, 1.879291
57, 212, 1.967869
57, 213, 2.047942
57, 504, 1.967869
57, 505, 2.072376
58, 218, 1.879291
58, 220, 2.072377
58, 224, 1.967868
58, 226, 2.047941
58, 249, 2.072377
58, 250, 1.967868
59, 219, 1.879291
59, 220, 2.072377
59, 221, 1.967869
59, 222, 2.047942
59, 498, 2.072377
59, 501, 1.967869
60, 221, 2.166822
60, 223, 2.252303
60, 224, 2.166822
60, 225, 2.252303
60, 245, 2.282030
60, 247, 2.282030
61, 227, 2.252303
61, 229, 2.166822
61, 233, 2.166822
61, 235, 2.252303
61, 245, 2.282029
61, 246, 2.282029
62, 228, 2.047942
62, 229, 1.967868
62, 230, 2.072377
62, 231, 1.879291
62, 510, 2.072377
62, 511, 1.967868
63, 230, 2.072377
63, 232, 1.879291
63, 233, 1.967868
63, 234, 2.047942
63, 612, 1.967868
63, 613, 2.072377
64, 236, 2.252303
64, 238, 2.166822
64, 242, 2.166822
64, 244, 2.252303
64, 246, 2.282030
64, 247, 2.282030
65, 237, 2.047942
65, 238, 1.967869
65, 239, 2.072377
65, 240, 1.879291
65, 606, 2.072377
65, 607, 1.967869
66, 239, 2.072377
66, 241, 1.879291
66, 242, 1.967868
66, 243, 2.047941
66, 256, 1.967868
66, 257, 2.072377
67, 248, 1.879291
67, 249, 2.072377
67, 252, 1.967869
67, 254, 2.047942
67, 516, 2.072377
67, 517, 1.967869
68, 250, 2.166822
68, 251, 2.252303
68, 252, 2.166822
68, 253, 2.252303
68, 271, 2.282030
68, 273, 2.282030
69, 255, 2.252303
69, 256, 2.166822
69, 259, 2.166822
69, 261, 2.252303
69, 271, 2.282030
69, 272, 2.282030
70, 257, 2.072377
70, 258, 1.879291
70, 259, 1.967869
70, 260, 2.047942
70, 624, 2.072377
70, 627, 1.967869
71, 262, 2.252303
71, 264, 2.166822
71, 268, 2.166822
71, 270, 2.252303
71, 272, 2.282029
71, 273, 2.282029
72, 263, 2.047942
72, 264, 1.967868
72, 265, 2.072377
72, 266, 1.879291
72, 636, 2.072377
72, 637, 1.967868
73, 265, 2.072377
73, 267, 1.879291
73, 268, 1.967868
73, 269, 2.047942
73, 522, 1.967868
73, 523, 2.072377
74, 274, 1.879291
74, 276, 2.072377
74, 280, 1.967868
74, 282, 2.047941
74, 305, 2.072377
74, 306, 1.967868
75, 275, 1.879291
75, 276, 2.072377
75, 277, 1.967869
75, 278, 2.047942
75, 552, 2.072377
75, 555, 1.967869
76, 277, 2.166822
76, 279, 2.252303
76, 280, 2.166822
76, 281, 2.252303
76, 301, 2.282030
76, 303, 2.282030
77, 283, 2.252303
77, 285, 2.166822
77, 289, 2.166822
77, 291, 2.252303
77, 301, 2.282029
77, 302, 2.282029
78, 284, 2.047942
78, 285, 1.967868
78, 286, 2.072377
78, 287, 1.879291
78, 564, 2.072377
78, 565, 1.967868
79, 286, 2.072377
79, 288, 1.879291
79, 289, 1.967868
79, 290, 2.047942
79, 594, 1.967868
79, 595, 2.072377
80, 292, 2.252303
80, 294, 2.166822
80, 298, 2.166822
80, 300, 2.252303
80, 302, 2.282030
80, 303, 2.282030
81, 293, 2.047942
81, 294, 1.967869
81, 295, 2.072377
81, 296, 1.879291
81, 588, 2.072377
81, 589, 1.967869
82, 295, 2.072377
82, 297, 1.879291
82, 298, 1.967868
82, 299, 2.047941
82, 312, 1.967868
82, 313, 2.072377
83, 304, 1.879291
83, 305, 2.072377
83, 308, 1.967869
83, 310, 2.047942
83, 534, 2.072377
83, 535, 1.967869
84, 306, 2.166822
84, 307, 2.252303
84, 308, 2.166822
84, 309, 2.252303
84, 327, 2.282030
84, 329, 2.282030
85, 311, 2.252303
85, 312, 2.166822
85, 315, 2.166822
85, 317, 2.252303
85, 327, 2.282030
85, 328, 2.282030
86, 313, 2.072377
86, 314, 1.879291
86, 315, 1.967869
86, 316, 2.047942
86, 570, 2.072377
86, 573, 1.967869
87, 318, 2.252303
87, 320, 2.166822
87, 324, 2.166822
87, 326, 2.252303
87, 328, 2.282029
87, 329, 2.282029
88, 319, 2.047942
88, 320, 1.967868
88, 321, 2.072377
88, 322, 1.879291
88, 582, 2.072377
88, 583, 1.967868
89, 321, 2.072377
89, 323, 1.879291
89, 324, 1.967868
89, 325, 2.047942
89, 540, 1.967868
89, 541, 2.072377
90, 330, 1.879291
90, 332, 2.072377
90, 336, 1.967868
90, 338, 2.047942
90, 624, 2.072377
90, 625, 1.967868
91, 331, 1.879291
91, 332, 2.072377
91, 333, 1.967868
91, 334, 2.047942
91, 606, 2.072377
91, 609, 1.967868
92, 333, 2.166822
92, 335, 2.252303
92, 336, 2.166822
92, 337, 2.252303
92, 357, 2.282029
92, 359, 2.282029
93, 339, 2.252303
93, 341, 2.166822
93, 345, 2.166822
93, 347, 2.252303
93, 357, 2.282030
93, 358, 2.282030
94, 340, 2.047942
94, 341, 1.967869
94, 342, 2.072377
94, 343, 1.879291
94, 618, 2.072376
94, 619, 1.967869
95, 342, 2.072377
95, 344, 1.879291
95, 345, 1.967868
95, 346, 2.047941
95, 377, 1.967868
95, 378, 2.072377
96, 348, 2.252303
96, 350, 2.166822
96, 354, 2.166822
96, 356, 2.252303
96, 358, 2.282030
96, 359, 2.282030
97, 349, 2.047941
97, 350, 1.967868
97, 351, 2.072377
97, 352, 1.879291
97, 372, 2.072377
97, 374, 1.967868
98, 351, 2.072377
98, 353, 1.879291
98, 354, 1.967869
98, 355, 2.047942
98, 630, 1.967869
98, 631, 2.072376
99, 360, 1.879291
99, 362, 2.072377
99, 366, 1.967868
99, 368, 2.047942
99, 570, 2.072377
99, 571, 1.967868
100, 361, 1.879291
100, 362, 2.072377
100, 363, 1.967868
100, 364, 2.047942
100, 588, 2.072377
100, 591, 1.967868
101, 363, 2.166822
101, 365, 2.252303
101, 366, 2.166822
101, 367, 2.252303
101, 383, 2.282029
101, 385, 2.282029
102, 369, 2.252303
102, 371, 2.166822
102, 374, 2.166822
102, 375, 2.252303
102, 383, 2.282030
102, 384, 2.282030
103, 370, 2.047942
103, 371, 1.967869
103, 372, 2.072377
103, 373, 1.879291
103, 600, 2.072376
103, 601, 1.967869
104, 376, 2.252303
104, 377, 2.166822
104, 380, 2.166822
104, 382, 2.252303
104, 384, 2.282030
104, 385, 2.282030
105, 378, 2.072377
105, 379, 1.879291
105, 380, 1.967869
105, 381, 2.047942
105, 576, 1.967869
105, 577, 2.072376
106, 386, 1.879291
106, 388, 2.072377
106, 392, 1.967868
106, 394, 2.047942
106, 505, 2.072377
106, 506, 1.967869
107, 387, 1.879291
107, 388, 2.072377
107, 389, 1.967868
107, 390, 2.047942
107, 545, 1.967869
107, 546, 2.072377
108, 389, 2.166822
108, 391, 2.252303
108, 392, 2.166822
108, 393, 2.252303
108, 413, 2.282029
108, 415, 2.282029
109, 395, 2.252303
109, 397, 2.166822
109, 401, 2.166822
109, 403, 2.252303
109, 413, 2.282030
109, 414, 2.282030
110, 396, 2.047942
110, 397, 1.967869
110, 398, 2.072377
110, 399, 1.879291
110, 541, 2.072376
110, 542, 1.967869
111, 398, 2.072377
111, 400, 1.879291
111, 401, 1.967868
111, 402, 2.047941
111, 433, 1.967868
111, 434, 2.072377
112, 404, 2.252303
112, 406, 2.166822
112, 410, 2.166822
112, 412, 2.252303
112, 414, 2.282030
112, 415, 2.282030
113, 405, 2.047941
113, 406, 1.967868
113, 407, 2.072377
113, 408, 1.879291
113, 428, 2.072377
113, 430, 1.967868
114, 407, 2.072377
114, 409, 1.879291
114, 410, 1.967869
114, 411, 2.047942
114, 509, 1.967869
114, 510, 2.072376
115, 416, 1.879291
115, 418, 2.072377
115, 422, 1.967868
115, 424, 2.047942
115, 577, 2.072377
115, 578, 1.967869
116, 417, 1.879291
116, 418, 2.072377
116, 419, 1.967868
116, 420, 2.047942
116, 617, 1.967869
116, 618, 2.072377
117, 419, 2.166822
117, 421, 2.252303
117, 422, 2.166822
117, 423, 2.252303
117, 439, 2.282029
117, 441, 2.282029
118, 425, 2.252303
118, 427, 2.166822
118, 430, 2.166822
118, 431, 2.252303
118, 439, 2.282030
118, 440, 2.282030
119, 426, 2.047942
119, 427, 1.967869
119, 428, 2.072377
119, 429, 1.879291
119, 613, 2.072376
119, 614, 1.967869
120, 432, 2.252303
120, 433, 2.166822
120, 436, 2.166822
120, 438, 2.252303
120, 440, 2.282030
120, 441, 2.282030
121, 434, 2.072377
121, 435, 1.879291
121, 436, 1.967869
121, 437, 2.047942
121, 581, 1.967869
121, 582, 2.072376
122, 442, 1.879291
122, 444, 2.072377
122, 448, 1.967868
122, 450, 2.047942
122, 559, 2.072377
122, 560, 1.967869
123, 443, 1.879291
123, 444, 2.072377
123, 445, 1.967868
123, 446, 2.047942
123, 527, 1.967869
123, 528, 2.072377
124, 445, 2.166822
124, 447, 2.252303
124, 448, 2.166822
124, 449, 2.252303
124, 469, 2.282029
124, 471, 2.282029
125, 451, 2.252303
125, 453, 2.166822
125, 457, 2.166822
125, 459, 2.252303
125, 469, 2.282030
125, 470, 2.282030
126, 452, 2.047942
126, 453, 1.967869
126, 454, 2.072377
126, 455, 1.879291
126, 523, 2.072376
126, 524, 1.967869
127, 454, 2.072377
127, 456, 1.879291
127, 457, 1.967868
127, 458, 2.047941
127, 489, 1.967868
127, 490, 2.072377
128, 460, 2.252303
128, 462, 2.166822
128, 466, 2.166822
128, 468, 2.252303
128, 470, 2.282030
128, 471, 2.282030
129, 461, 2.047941
129, 462, 1.967868
129, 463, 2.072377
129, 464, 1.879291
129, 484, 2.072377
129, 486, 1.967868
130, 463, 2.072377
130, 465, 1.879291
130, 466, 1.967869
130, 467, 2.047942
130, 563, 1.967869
130, 564, 2.072376
131, 472, 1.879291
131, 474, 2.072377
131, 478, 1.967868
131, 480, 2.047942
131, 631, 2.072377
131, 632, 1.967869
132, 473, 1.879291
132, 474, 2.072377
132, 475, 1.967868
132, 476, 2.047942
132, 599, 1.967869
132, 600, 2.072377
133, 475, 2.166822
133, 477, 2.252303
133, 478, 2.166822
133, 479, 2.252303
133, 495, 2.282029
133, 497, 2.282029
134, 481, 2.252303
134, 483, 2.166822
134, 486, 2.166822
134, 487, 2.252303
134, 495, 2.282030
134, 496, 2.282030
135, 482, 2.047942
135, 483, 1.967869
135, 484, 2.072377
135, 485, 1.879291
135, 595, 2.072376
135, 596, 1.967869
136, 488, 2.252303
136, 489, 2.166822
136, 492, 2.166822
136, 494, 2.252303
136, 496, 2.282030
136, 497, 2.282030
137, 490, 2.072377
137, 491, 1.879291
137, 492, 1.967869
137, 493, 2.047942
137, 635, 1.967869
137, 636, 2.072376
138, 499, 2.166822
138, 500, 2.252302
138, 501, 2.166822
138, 502, 2.252303
138, 513, 2.282029
138, 515, 2.282029
139, 503, 2.252302
139, 504, 2.166822
139, 506, 2.166822
139, 507, 2.252302
139, 513, 2.282029
139, 514, 2.282029
140, 508, 2.252302
140, 509, 2.166822
140, 511, 2.166823
140, 512, 2.252303
140, 514, 2.282029
140, 515, 2.282030
141, 517, 2.166822
141, 518, 2.252303
141, 519, 2.166822
141, 520, 2.252302
141, 531, 2.282029
141, 533, 2.282029
142, 521, 2.252303
142, 522, 2.166823
142, 524, 2.166822
142, 525, 2.252302
142, 531, 2.282030
142, 532, 2.282029
143, 526, 2.252302
143, 527, 2.166822
143, 529, 2.166822
143, 530, 2.252302
143, 532, 2.282029
143, 533, 2.282029
144, 535, 2.166822
144, 536, 2.252303
144, 537, 2.166822
144, 538, 2.252302
144, 549, 2.282029
144, 551, 2.282029
145, 539, 2.252303
145, 540, 2.166823
145, 542, 2.166822
145, 543, 2.252302
145, 549, 2.282030
145, 550, 2.282029
146, 544, 2.252302
146, 545, 2.166822
146, 547, 2.166822
146, 548, 2.252302
146, 550, 2.282029
146, 551, 2.282029
147, 553, 2.166822
147, 554, 2.252302
147, 555, 2.166822
147, 556, 2.252303
147, 567, 2.282029
147, 569, 2.282029
148, 557, 2.252302
148, 558, 2.166822
148, 560, 2.166822
148, 561, 2.252302
148, 567, 2.282029
148, 568, 2.282029
149, 562, 2.252302
149, 563, 2.166822
149, 565, 2.166823
149, 566, 2.252303
149, 568, 2.282029
149, 569, 2.282030
150, 571, 2.166822
150, 572, 2.252302
150, 573, 2.166822
150, 574, 2.252303
150, 585, 2.282029
150, 587, 2.282029
151, 575, 2.252302
151, 576, 2.166822
151, 578, 2.166822
151, 579, 2.252302
151, 585, 2.282029
151, 586, 2.282029
152, 580, 2.252302
152, 581, 2.166822
152, 583, 2.166823
152, 584, 2.252303
152, 586, 2.282029
152, 587, 2.282030
153, 589, 2.166822
153, 590, 2.252303
153, 591, 2.166822
153, 592, 2.252302
153, 603, 2.282029
153, 605, 2.282029
154, 593, 2.252303
154, 594, 2.166823
154, 596, 2.166822
154, 597, 2.252302
154, 603, 2.282030
154, 604, 2.282029
155, 598, 2.252302
155, 599, 2.166822
155, 601, 2.166822
155, 602, 2.252302
155, 604, 2.282029
155, 605, 2.282029
156, 607, 2.166822
156, 608, 2.252303
156, 609, 2.166822
156, 610, 2.252302
156, 621, 2.282029
156, 623, 2.282029
157, 611, 2.252303
157, 612, 2.166823
157, 614, 2.166822
157, 615, 2.252302
157, 621, 2.282030
157, 622, 2.282029
158, 616, 2.252302
158, 617, 2.166822
158, 619, 2.166822
158, 620, 2.252302
158, 622, 2.282029
158, 623, 2.282029
159, 625, 2.166822
159, 626, 2.252302
159, 627, 2.166822
159, 628, 2.252303
159, 639, 2.282029
159, 641, 2.282029
160, 629, 2.252302
160, 630, 2.166822
160, 632, 2.166822
160, 633, 2.252302
160, 639, 2.282029
160, 640, 2.282029
161, 634, 2.252302
161, 635, 2.166822
161, 637, 2.166823
161, 638, 2.252303
161, 640, 2.282029
161, 641, 2.282030
162, 163, 1.962538
162, 164, 1.824671
162, 275, 1.962538
162, 552, 1.824672
163, 164, 1.824671
163, 304, 1.962538
163, 534, 1.824672
164, 165, 2.036676
164, 168, 2.036676
165, 166, 2.137444
165, 167, 2.189062
165, 168, 2.189410
166, 167, 2.080741
166, 537, 2.137444
166, 538, 2.080741
167, 171, 2.245005
167, 189, 2.244608
168, 169, 2.189062
168, 170, 2.137444
169, 170, 2.080741
169, 188, 2.245005
169, 191, 2.244608
170, 553, 2.137444
170, 554, 2.080741
171, 172, 2.080741
171, 173, 2.189062
171, 189, 2.244608
172, 173, 2.137444
172, 547, 2.137444
172, 548, 2.080742
173, 174, 2.036675
173, 177, 2.189410
174, 175, 1.824672
174, 176, 1.824672
174, 177, 2.036675
175, 176, 1.962538
175, 387, 1.962538
175, 546, 1.824672
176, 210, 1.824672
176, 211, 1.962538
177, 178, 2.137444
177, 179, 2.189062
178, 179, 2.080741
178, 208, 2.080741
178, 209, 2.137444
179, 180, 2.245004
179, 190, 2.244608
180, 181, 2.080741
180, 182, 2.189062
180, 190, 2.244608
181, 182, 2.137444
181, 206, 2.137444
181, 207, 2.080741
182, 183, 2.036675
182, 186, 2.189410
183, 184, 1.824672
183, 185, 1.824672
183, 186, 2.036675
184, 185, 1.962538
184, 204, 1.824672
184, 205, 1.962538
185, 442, 1.962538
185, 559, 1.824672
186, 187, 2.137444
186, 188, 2.189062
187, 188, 2.080741
187, 557, 2.080742
187, 558, 2.137444
188, 191, 2.244608
189, 190, 2.305060
189, 191, 2.305060
190, 191, 2.305060
192, 193, 1.962538
192, 194, 1.824671
192, 219, 1.962538
192, 498, 1.824672
193, 194, 1.824671
193, 248, 1.962538
193, 516, 1.824672
194, 195, 2.036676
194, 198, 2.036676
195, 196, 2.137444
195, 197, 2.189062
195, 198, 2.189410
196, 197, 2.080741
196, 519, 2.137444
196, 520, 2.080741
197, 201, 2.245005
197, 215, 2.244608
198, 199, 2.189062
198, 200, 2.137444
199, 200, 2.080741
199, 214, 2.245005
199, 217, 2.244608
200, 499, 2.137444
200, 500, 2.080741
201, 202, 2.080741
201, 203, 2.189062
201, 215, 2.244608
202, 203, 2.137444
202, 529, 2.137444
202, 530, 2.080742
203, 204, 2.036675
203, 206, 2.189410
204, 205, 1.824672
204, 206, 2.036675
205, 443, 1.962538
205, 528, 1.824672
206, 207, 2.189062
207, 208, 2.245004
207, 216, 2.244608
208, 209, 2.189062
208, 216, 2.244608
209, 210, 2.036675
209, 212, 2.189410
210, 211, 1.824672
210, 212, 2.036675
211, 386, 1.962538
211, 505, 1.824672
212, 213, 2.137444
212, 214, 2.189062
213, 214, 2.080741
213, 503, 2.080742
213, 504, 2.137444
214, 217, 2.244608
215, 216, 2.305060
215, 217, 2.305060
216, 217, 2.305060
218, 219, 1.962538
218, 220, 1.824672
218, 248, 1.962538
218, 249, 1.824672
219, 220, 1.824672
219, 498, 1.824672
220, 221, 2.036675
220, 224, 2.036675
221, 222, 2.137444
221, 223, 2.189062
221, 224, 2.189410
222, 223, 2.080741
222, 501, 2.137444
222, 502, 2.080742
223, 227, 2.245005
223, 245, 2.244608
224, 225, 2.189062
224, 226, 2.137444
225, 226, 2.080741
225, 244, 2.245004
225, 247, 2.244608
226, 250, 2.137444
226, 251, 2.080741
227, 228, 2.080741
227, 229, 2.189062
227, 245, 2.244608
228, 229, 2.137444
228, 511, 2.137444
228, 512, 2.080741
229, 230, 2.036675
229, 233, 2.189410
230, 231, 1.824671
230, 232, 1.824671
230, 233, 2.036675
231, 232, 1.962538
231, 409, 1.962538
231, 510, 1.824672
232, 429, 1.962538
232, 613, 1.824672
233, 234, 2.137444
233, 235, 2.189062
234, 235, 2.080741
234, 611, 2.080741
234, 612, 2.137444
235, 236, 2.245005
235, 246, 2.244608
236, 237, 2.080741
236, 238, 2.189062
236, 246, 2.244608
237, 238, 2.137444
237, 607, 2.137444
237, 608, 2.080742
238, 239, 2.036675
238, 242, 2.189410
239, 240, 1.824672
239, 241, 1.824672
239, 242, 2.036675
240, 241, 1.962538
240, 331, 1.962538
240, 606, 1.824672
241, 257, 1.824672
241, 258, 1.962538
242, 243, 2.137444
242, 244, 2.189062
243, 244, 2.080741
243, 255, 2.080741
243, 256, 2.137444
244, 247, 2.244608
245, 246, 2.305060
245, 247, 2.305060
246, 247, 2.305060
248, 249, 1.824672
248, 516, 1.824672
249, 250, 2.036675
249, 252, 2.036675
250, 251, 2.189062
250, 252, 2.189410
251, 255, 2.245004
251, 271, 2.244608
252, 253, 2.189062
252, 254, 2.137444
253, 254, 2.080741
253, 270, 2.245005
253, 273, 2.244608
254, 517, 2.137444
254, 518, 2.080742
255, 256, 2.189062
255, 271, 2.244608
256, 257, 2.036675
256, 259, 2.189410
257, 258, 1.824672
257, 259, 2.036675
258, 330, 1.962538
258, 624, 1.824672
259, 260, 2.137444
259, 261, 2.189062
260, 261, 2.080741
260, 627, 2.137444
260, 628, 2.080742
261, 262, 2.245005
261, 272, 2.244608
262, 263, 2.080741
262, 264, 2.189062
262, 272, 2.244608
263, 264, 2.137444
263, 637, 2.137444
263, 638, 2.080741
264, 265, 2.036675
264, 268, 2.189410
265, 266, 1.824671
265, 267, 1.824671
265, 268, 2.036675
266, 267, 1.962538
266, 491, 1.962538
266, 636, 1.824672
267, 455, 1.962538
267, 523, 1.824672
268, 269, 2.137444
268, 270, 2.189062
269, 270, 2.080741
269, 521, 2.080741
269, 522, 2.137444
270, 273, 2.244608
271, 272, 2.305060
271, 273, 2.305060
272, 273, 2.305060
274, 275, 1.962538
274, 276, 1.824672
274, 304, 1.962538
274, 305, 1.824672
275, 276, 1.824672
275, 552, 1.824672
276, 277, 2.036675
276, 280, 2.036675
277, 278, 2.137444
277, 279, 2.189062
277, 280, 2.189410
278, 279, 2.080741
278, 555, 2.137444
278, 556, 2.080742
279, 283, 2.245005
279, 301, 2.244608
280, 281, 2.189062
280, 282, 2.137444
281, 282, 2.080741
281, 300, 2.245004
281, 303, 2.244608
282, 306, 2.137444
282, 307, 2.080741
283, 284, 2.080741
283, 285, 2.189062
283, 301, 2.244608
284, 285, 2.137444
284, 565, 2.137444
284, 566, 2.080741
285, 286, 2.036675
285, 289, 2.189410
286, 287, 1.824671
286, 288, 1.824671
286, 289, 2.036675
287, 288, 1.962538
287, 465, 1.962538
287, 564, 1.824672
288, 485, 1.962538
288, 595, 1.824672
289, 290, 2.137444
289, 291, 2.189062
290, 291, 2.080741
290, 593, 2.080741
290, 594, 2.137444
291, 292, 2.245005
291, 302, 2.244608
292, 293, 2.080741
292, 294, 2.189062
292, 302, 2.244608
293, 294, 2.137444
293, 589, 2.137444
293, 590, 2.080742
294, 295, 2.036675
294, 298, 2.189410
295, 296, 1.824672
295, 297, 1.824672
295, 298, 2.036675
296, 297, 1.962538
296, 361, 1.962538
296, 588, 1.824672
297, 313, 1.824672
297, 314, 1.962538
298, 299, 2.137444
298, 300, 2.189062
299, 300, 2.080741
299, 311, 2.080741
299, 312, 2.137444
300, 303, 2.244608
301, 302, 2.305060
301, 303, 2.305060
302, 303, 2.305060
304, 305, 1.824672
304, 534, 1.824672
305, 306, 2.036675
305, 308, 2.036675
306, 307, 2.189062
306, 308, 2.189410
307, 311, 2.245004
307, 327, 2.244608
308, 309, 2.189062
308, 310, 2.137444
309, 310, 2.080741
309, 326, 2.245005
309, 329, 2.244608
310, 535, 2.137444
310, 536, 2.080742
311, 312, 2.189062
311, 327, 2.244608
312, 313, 2.036675
312, 315, 2.189410
313, 314, 1.824672
313, 315, 2.036675
314, 360, 1.962538
314, 570, 1.824672
315, 316, 2.137444
315, 317, 2.189062
316, 317, 2.080741
316, 573, 2.137444
316, 574, 2.080742
317, 318, 2.245005
317, 328, 2.244608
318, 319, 2.080741
318, 320, 2.189062
318, 328, 2.244608
319, 320, 2.137444
319, 583, 2.137444
319, 584, 2.080741
320, 321, 2.036675
320, 324, 2.189410
321, 322, 1.824671
321, 323, 1.824671
321, 324, 2.036675
322, 323, 1.962538
322, 435, 1.962538
322, 582, 1.824672
323, 399, 1.962538
323, 541, 1.824672
324, 325, 2.137444
324, 326, 2.189062
325, 326, 2.080741
325, 539, 2.080741
325, 540, 2.137444
326, 329, 2.244608
327, 328, 2.305060
327, 329, 2.305060
328, 329, 2.305060
330, 331, 1.962538
330, 332, 1.824671
330, 624, 1.824672
331, 332, 1.824671
331, 606, 1.824672
332, 333, 2.036676
332, 336, 2.036676
333, 334, 2.137444
333, 335, 2.189062
333, 336, 2.189410
334, 335, 2.080741
334, 609, 2.137444
334, 610, 2.080741
335, 339, 2.245005
335, 357, 2.244608
336, 337, 2.189062
336, 338, 2.137444
337, 338, 2.080741
337, 356, 2.245005
337, 359, 2.244608
338, 625, 2.137444
338, 626, 2.080741
339, 340, 2.080741
339, 341, 2.189062
339, 357, 2.244608
340, 341, 2.137444
340, 619, 2.137444
340, 620, 2.080742
341, 342, 2.036675
341, 345, 2.189410
342, 343, 1.824672
342, 344, 1.824672
342, 345, 2.036675
343, 344, 1.962538
343, 417, 1.962538
343, 618, 1.824672
344, 378, 1.824672
344, 379, 1.962538
345, 346, 2.137444
345, 347, 2.189062
346, 347, 2.080741
346, 376, 2.080741
346, 377, 2.137444
347, 348, 2.245004
347, 358, 2.244608
348, 349, 2.080741
348, 350, 2.189062
348, 358, 2.244608
349, 350, 2.137444
349, 374, 2.137444
349, 375, 2.080741
350, 351, 2.036675
350, 354, 2.189410
351, 352, 1.824672
351, 353, 1.824672
351, 354, 2.036675
352, 353, 1.962538
352, 372, 1.824672
352, 373, 1.962538
353, 472, 1.962538
353, 631, 1.824672
354, 355, 2.137444
354, 356, 2.189062
355, 356, 2.080741
355, 629, 2.080742
355, 630, 2.137444
356, 359, 2.244608
357, 358, 2.305060
357, 359, 2.305060
358, 359, 2.305060
360, 361, 1.962538
360, 362, 1.824671
360, 570, 1.824672
361, 362, 1.824671
361, 588, 1.824672
362, 363, 2.036676
362, 366, 2.036676
363, 364, 2.137444
363, 365, 2.189062
363, 366, 2.189410
364, 365, 2.080741
364, 591, 2.137444
364, 592, 2.080741
365, 369, 2.245005
365, 383, 2.244608
366, 367, 2.189062
366, 368, 2.137444
367, 368, 2.080741
367, 382, 2.245005
367, 385, 2.244608
368, 571, 2.137444
368, 572, 2.080741
369, 370, 2.080741
369, 371, 2.189062
369, 383, 2.244608
370, 371, 2.137444
370, 601, 2.137444
370, 602, 2.080742
371, 372, 2.036675
371, 374, 2.189410
372, 373, 1.824672
372, 374, 2.036675
373, 473, 1.962538
373, 600, 1.824672
374, 375, 2.189062
375, 376, 2.245004
375, 384, 2.244608
376, 377, 2.189062
376, 384, 2.244608
377, 378, 2.036675
377, 380, 2.189410
378, 379, 1.824672
378, 380, 2.036675
379, 416, 1.962538
379, 577, 1.824672
380, 381, 2.137444
380, 382, 2.189062
381, 382, 2.080741
381, 575, 2.080742
381, 576, 2.137444
382, 385, 2.244608
383, 384, 2.305060
383, 385, 2.305060
384, 385, 2.305060
386, 387, 1.962538
386, 388, 1.824671
386, 505, 1.824672
387, 388, 1.824671
387, 546, 1.824672
388, 389, 2.036675
388, 392, 2.036675
389, 390, 2.137444
389, 391, 2.189062
389, 392, 2.189410
390, 391, 2.080741
390, 544, 2.080741
390, 545, 2.137444
391, 395, 2.245005
391, 413, 2.244608
392, 393, 2.189062
392, 394, 2.137444
393, 394, 2.080741
393, 412, 2.245005
393, 415, 2.244608
394, 506, 2.137444
394, 507, 2.080741
395, 396, 2.080741
395, 397, 2.189062
395, 413, 2.244608
396, 397, 2.137444
396, 542, 2.137444
396, 543, 2.080742
397, 398, 2.036675
397, 401, 2.189410
398, 399, 1.824672
398, 400, 1.824672
398, 401, 2.036675
399, 400, 1.962538
399, 541, 1.824672
400, 434, 1.824672
400, 435, 1.962538
401, 402, 2.137444
401, 403, 2.189062
402, 403, 2.080742
402, 432, 2.080742
402, 433, 2.137444
403, 404, 2.245004
403, 414, 2.244608
404, 405, 2.080742
404, 406, 2.189062
404, 414, 2.244608
405, 406, 2.137444
405, 430, 2.137444
405, 431, 2.080742
406, 407, 2.036675
406, 410, 2.189410
407, 408, 1.824672
407, 409, 1.824672
407, 410, 2.036675
408, 409, 1.962538
408, 428, 1.824672
408, 429, 1.962538
409, 510, 1.824672
410, 411, 2.137444
410, 412, 2.189062
411, 412, 2.080741
411, 508, 2.080742
411, 509, 2.137444
412, 415, 2.244608
413, 414, 2.305060
413, 415, 2.305060
414, 415, 2.305060
416, 417, 1.962538
416, 418, 1.824671
416, 577, 1.824672
417, 418, 1.824671
417, 618, 1.824672
418, 419, 2.036675
418, 422, 2.036675
419, 420, 2.137444
419, 421, 2.189062
419, 422, 2.189410
420, 421, 2.080741
420, 616, 2.080741
420, 617, 2.137444
421, 425, 2.245005
421, 439, 2.244608
422, 423, 2.189062
422, 424, 2.137444
423, 424, 2.080741
423, 438, 2.245005
423, 441, 2.244608
424, 578, 2.137444
424, 579, 2.080741
425, 426, 2.080741
425, 427, 2.189062
425, 439, 2.244608
426, 427, 2.137444
426, 614, 2.137444
426, 615, 2.080742
427, 428, 2.036675
427, 430, 2.189410
428, 429, 1.824672
428, 430, 2.036675
429, 613, 1.824672
430, 431, 2.189062
431, 432, 2.245004
431, 440, 2.244608
432, 433, 2.189062
432, 440, 2.244608
433, 434, 2.036675
433, 436, 2.189410
434, 435, 1.824672
434, 436, 2.036675
435, 582, 1.824672
436, 437, 2.137444
436, 438, 2.189062
437, 438, 2.080741
437, 580, 2.080742
437, 581, 2.137444
438, 441, 2.244608
439, 440, 2.305060
439, 441, 2.305060
440, 441, 2.305060
442, 443, 1.962538
442, 444, 1.824671
442, 559, 1.824672
443, 444, 1.824671
443, 528, 1.824672
444, 445, 2.036675
444, 448, 2.036675
445, 446, 2.137444
445, 447, 2.189062
445, 448, 2.189410
446, 447, 2.080741
446, 526, 2.080741
446, 527, 2.137444
447, 451, 2.245005
447, 469, 2.244608
448, 449, 2.189062
448, 450, 2.137444
449, 450, 2.080741
449, 468, 2.245005
449, 471, 2.244608
450, 560, 2.137444
450, 561, 2.080741
451, 452, 2.080741
451, 453, 2.189062
451, 469, 2.244608
452, 453, 2.137444
452, 524, 2.137444
452, 525, 2.080742
453, 454, 2.036675
453, 457, 2.189410
454, 455, 1.824672
454, 456, 1.824672
454, 457, 2.036675
455, 456, 1.962538
455, 523, 1.824672
456, 490, 1.824672
456, 491, 1.962538
457, 458, 2.137444
457, 459, 2.189062
458, 459, 2.080742
458, 488, 2.080742
458, 489, 2.137444
459, 460, 2.245004
459, 470, 2.244608
460, 461, 2.080742
460, 462, 2.189062
460, 470, 2.244608
461, 462, 2.137444
461, 486, 2.137444
461, 487, 2.080742
462, 463, 2.036675
462, 466, 2.189410
463, 464, 1.824672
463, 465, 1.824672
463, 466, 2.036675
464, 465, 1.962538
464, 484, 1.824672
464, 485, 1.962538
465, 564, 1.824672
466, 467, 2.137444
466, 468, 2.189062
467, 468, 2.080741
467, 562, 2.080742
467, 563, 2.137444
468, 471, 2.244608
469, 470, 2.305060
469, 471, 2.305060
470, 471, 2.305060
472, 473, 1.962538
472, 474, 1.824671
472, 631, 1.824672
473, 474, 1.824671
473, 600, 1.824672
474, 475, 2.036675
474, 478, 2.036675
475, 476, 2.137444
475, 477, 2.189062
475, 478, 2.189410
476, 477, 2.080741
476, 598, 2.080741
476, 599, 2.137444
477, 481, 2.245005
477, 495, 2.244608
478, 479, 2.189062
478, 480, 2.137444
479, 480, 2.080741
479, 494, 2.245005
479, 497, 2.244608
480, 632, 2.137444
480, 633, 2.080741
481, 482, 2.080741
481, 483, 2.189062
481, 495, 2.244608
482, 483, 2.137444
482, 596, 2.137444
482, 597, 2.080742
483, 484, 2.036675
483, 486, 2.189410
484, 485, 1.824672
484, 486, 2.036675
485, 595, 1.824672
486, 487, 2.189062
487, 488, 2.245004
487, 496, 2.244608
488, 489, 2.189062
488, 496, 2.244608
489, 490, 2.036675
489, 492, 2.189410
490, 491, 1.824672
490, 492, 2.036675
491, 636, 1.824672
492, 493, 2.137444
492, 494, 2.189062
493, 494, 2.080741
493, 634, 2.080742
493, 635, 2.137444
494, 497, 2.244608
495, 496, 2.305060
495, 497, 2.305060
496, 497, 2.305060
498, 499, 2.036675
498, 501, 2.036675
499, 500, 2.189061
499, 501, 2.189410
500, 503, 2.245005
500, 513, 2.244608
501, 502, 2.189062
502, 512, 2.245005
502, 515, 2.244608
503, 504, 2.189061
503, 513, 2.244608
504, 505, 2.036675
504, 506, 2.189410
505, 506, 2.036675
506, 507, 2.189061
507, 508, 2.245005
507, 514, 2.244608
508, 509, 2.189062
508, 514, 2.244608
509, 510, 2.036675
509, 511, 2.189410
510, 511, 2.036675
511, 512, 2.189061
512, 515, 2.244608
513, 514, 2.305060
513, 515, 2.305060
514, 515, 2.305060
516, 517, 2.036675
516, 519, 2.036675
517, 518, 2.189062
517, 519, 2.189410
518, 521, 2.245005
518, 531, 2.244608
519, 520, 2.189061
520, 530, 2.245005
520, 533, 2.244608
521, 522, 2.189061
521, 531, 2.244608
522, 523, 2.036675
522, 524, 2.189410
523, 524, 2.036675
524, 525, 2.189062
525, 526, 2.245005
525, 532, 2.244608
526, 527, 2.189061
526, 532, 2.244608
527, 528, 2.036675
527, 529, 2.189410
528, 529, 2.036675
529, 530, 2.189061
530, 533, 2.244608
531, 532, 2.305060
531, 533, 2.305060
532, 533, 2.305060
534, 535, 2.036675
534, 537, 2.036675
535, 536, 2.189062
535, 537, 2.189410
536, 539, 2.245005
536, 549, 2.244608
537, 538, 2.189061
538, 548, 2.245005
538, 551, 2.244608
539, 540, 2.189061
539, 549, 2.244608
540, 541, 2.036675
540, 542, 2.189410
541, 542, 2.036675
542, 543, 2.189062
543, 544, 2.245005
543, 550, 2.244608
544, 545, 2.189061
544, 550, 2.244608
545, 546, 2.036675
545, 547, 2.189410
546, 547, 2.036675
547, 548, 2.189061
548, 551, 2.244608
549, 550, 2.305060
549, 551, 2.305060
550, 551, 2.305060
552, 553, 2.036675
552, 555, 2.036675
553, 554, 2.189061
553, 555, 2.189410
554, 557, 2.245005
554, 567, 2.244608
555, 556, 2.189062
556, 566, 2.245005
556, 569, 2.244608
557, 558, 2.189061
557, 567, 2.244608
558, 559, 2.036675
558, 560, 2.189410
559, 560, 2.036675
560, 561, 2.189061
561, 562, 2.245005
561, 568, 2.244608
562, 563, 2.189062
562, 568, 2.244608
563, 564, 2.036675
563, 565, 2.189410
564, 565, 2.036675
565, 566, 2.189061
566, 569, 2.244608
567, 568, 2.305060
567, 569, 2.305060
568, 569, 2.305060
570, 571, 2.036675
570, 573, 2.036675
571, 572, 2.189061
571, 573, 2.189410
572, 575, 2.245005
572, 585, 2.244608
573, 574, 2.189062
574, 584, 2.245005
574, 587, 2.244608
575, 576, 2.189061
575, 585, 2.244608
576, 577, 2.036675
576, 578, 2.189410
577, 578, 2.036675
578, 579, 2.189061
579, 580, 2.245005
579, 586, 2.244608
580, 581, 2.189062
580, 586, 2.244608
581, 582, 2.036675
581, 583, 2.189410
582, 583, 2.036675
583, 584, 2.189061
584, 587, 2.244608
585, 586, 2.305060
585, 587, 2.305060
586, 587, 2.305060
588, 589, 2.036675
588, 591, 2.036675
589, 590, 2.189062
589, 591, 2.189410
590, 593, 2.245005
590, 603, 2.244608
591, 592, 2.189061
592, 602, 2.245005
592, 605, 2.244608
593, 594, 2.189061
593, 603, 2.244608
594, 595, 2.036675
594, 596, 2.189410
595, 596, 2.036675
596, 597, 2.189062
597, 598, 2.245005
597, 604, 2.244608
598, 599, 2.189061
598, 604, 2.244608
599, 600, 2.036675
599, 601, 2.189410
600, 601, 2.036675
601, 602, 2.189061
602, 605, 2.244608
603, 604, 2.305060
603, 605, 2.305060
604, 605, 2.305060
606, 607, 2.036675
606, 609, 2.036675
607, 608, 2.189062
607, 609, 2.189410
608, 611, 2.245005
608, 621, 2.244608
609, 610, 2.189061
610, 620, 2.245005
610, 623, 2.244608
611, 612, 2.189061
611, 621, 2.244608
612, 613, 2.036675
612, 614, 2.189410
613, 614, 2.036675
614, 615, 2.189062
615, 616, 2.245005
615, 622, 2.244608
616, 617, 2.189061
616, 622, 2.244608
617, 618, 2.036675
617, 619, 2.189410
618, 619, 2.036675
619, 620, 2.189061
620, 623, 2.244608
621, 622, 2.305060
621, 623, 2.305060
622, 623, 2.305060
624, 625, 2.036675
624, 627, 2.036675
625, 626, 2.189061
625, 627, 2.189410
626, 629, 2.245005
626, 639, 2.244608
627, 628, 2.189062
628, 638, 2.245005
628, 641, 2.244608
629, 630, 2.189061
629, 639, 2.244608
630, 631, 2.036675
630, 632, 2.189410
631, 632, 2.036675
632, 633, 2.189061
633, 634, 2.245005
633, 640, 2.244608
634, 635, 2.189062
634, 640, 2.244608
635, 636, 2.036675
635, 637, 2.189410
636, 637, 2.036675
637, 638, 2.189061
638, 641, 2.244608
639, 640, 2.305060
639, 641, 2.305060
640, 641, 2.305060
