source_idx: 50
h_value: 1.491709

points:
0.000000, 2.628656, -4.253254, 4.266415
0.000000, 2.628656, 4.253254, 6.584653
0.000000, -2.628656, 4.253254, 11.441548
-2.628656, 4.253254, 0.000000, 5.222725
-2.628656, -4.253254, 0.000000, 14.438634
2.628656, 4.253254, 0.000000, 1.269329
2.628656, -4.253254, 0.000000, 10.485238
0.000000, -2.628656, -4.253254, 9.123310
4.253254, 0.000000, 2.628656, 6.584653
-4.253254, 0.000000, 2.628656, 10.485238
-4.253254, 0.000000, -2.628656, 9.123310
4.253254, 0.000000, -2.628656, 5.222725
1.545085, 4.045085, -2.500000, 1.498543
-1.545085, 4.045085, -2.500000, 4.103438
0.000000, 5.000000, 0.000000, 2.636312
-1.545085, 4.045085, 2.500000, 5.560036
1.545085, 4.045085, 2.500000, 3.859642
0.000000, 0.000000, 5.000000, 9.059918
-2.500000, 1.545085, 4.045085, 8.594794
-2.500000, -1.545085, 4.045085, 11.604525
2.500000, 1.545085, 4.045085, 6.355439
2.500000, -1.545085, 4.045085, 9.059918
0.000000, 0.000000, -5.000000, 6.648046
2.500000, 1.545085, -4.045085, 4.103438
2.500000, -1.545085, -4.045085, 7.113170
-2.500000, 1.545085, -4.045085, 6.648046
-2.500000, -1.545085, -4.045085, 9.352524
1.545085, -4.045085, 2.500000, 11.604526
-1.545085, -4.045085, 2.500000, 14.209420
0.000000, -5.000000, 0.000000, 13.071652
-1.545085, -4.045085, -2.500000, 11.848321
1.545085, -4.045085, -2.500000, 10.147927
-4.045085, 2.500000, 1.545085, 7.853982
-4.045085, 2.500000, -1.545085, 7.113170
-5.000000, 0.000000, 0.000000, 10.147927
-4.045085, -2.500000, -1.545085, 11.848321
-4.045085, -2.500000, 1.545085, 13.071652
4.045085, 2.500000, -1.545085, 2.636312
4.045085, 2.500000, 1.545085, 3.859642
5.000000, 0.000000, 0.000000, 5.560036
4.045085, -2.500000, 1.545085, 8.594794
4.045085, -2.500000, -1.545085, 7.853982
0.738105, 3.408592, -3.582835, 2.997086
-0.738105, 3.408592, -3.582835, 4.012487
0.000000, 4.253254, -2.628655, 2.670807
-0.812299, 4.755282, -1.314328, 3.109861
-2.214314, 4.320939, -1.194278, 4.587891
-1.476209, 4.777113, 0.000000, 4.012487
0.812299, 4.755282, -1.314328, 1.478030
1.476209, 4.777113, 0.000000, 1.481624
2.214314, 4.320939, -1.194278, 0.000000
-0.738105, 3.408592, 3.582835, 6.052237
0.738105, 3.408592, 3.582835, 5.331581
0.000000, 4.253254, 2.628655, 4.576529
0.812299, 4.755282, 1.314328, 2.949000
2.214314, 4.320939, 1.194278, 2.411872
-0.812299, 4.755282, 1.314328, 4.066138
-2.214314, 4.320939, 1.194278, 5.272623
0.000000, 1.476209, 4.777113, 7.719284
-1.194278, 2.214314, 4.320939, 7.501088
-1.314328, 0.812299, 4.755282, 8.877019
-2.628655, 0.000000, 4.253254, 10.109780
-3.582835, 0.738105, 3.408592, 9.655727
-3.582835, -0.738105, 3.408592, 11.120073
-1.314328, -0.812299, 4.755282, 10.379936
-1.194278, -2.214314, 4.320939, 11.695476
0.000000, -1.476209, 4.777113, 10.376383
1.194278, 2.214314, 4.320939, 6.424171
1.314328, 0.812299, 4.755282, 7.705740
1.314328, -0.812299, 4.755282, 9.123310
1.194278, -2.214314, 4.320939, 10.376383
2.628655, 0.000000, 4.253254, 7.705740
3.582835, -0.738105, 3.408592, 7.719284
3.582835, 0.738105, 3.408592, 6.424171
0.000000, 1.476209, -4.777113, 5.331581
1.194278, 2.214314, -4.320939, 4.012487
1.314328, 0.812299, -4.755282, 5.328028
2.628655, 0.000000, -4.253254, 5.598183
3.582835, 0.738105, -3.408592, 4.587891
3.582835, -0.738105, -3.408592, 6.052236
1.314328, -0.812299, -4.755282, 6.830945
1.194278, -2.214314, -4.320939, 8.206875
0.000000, -1.476209, -4.777113, 7.988679
-1.194278, 2.214314, -4.320939, 5.331581
-1.314328, 0.812299, -4.755282, 6.584653
-1.314328, -0.812299, -4.755282, 8.002223
-1.194278, -2.214314, -4.320939, 9.283792
-2.628655, 0.000000, -4.253254, 8.002223
-3.582835, -0.738105, -3.408592, 9.283793
-3.582835, 0.738105, -3.408592, 7.988679
0.738105, -3.408592, 3.582835, 11.695476
-0.738105, -3.408592, 3.582835, 12.710877
0.000000, -4.253254, 2.628655, 13.037157
-0.812299, -4.755282, 1.314328, 14.229934
-2.214314, -4.320939, 1.194278, 15.707963
-1.476209, -4.777113, 0.000000, 14.226339
0.812299, -4.755282, 1.314328, 12.598102
1.476209, -4.777113, 0.000000, 11.695476
2.214314, -4.320939, 1.194278, 11.120073
-0.738105, -3.408592, -3.582835, 10.376382
0.738105, -3.408592, -3.582835, 9.655727
0.000000, -4.253254, -2.628655, 11.131435
0.812299, -4.755282, -1.314328, 11.641825
2.214314, -4.320939, -1.194278, 10.435340
-0.812299, -4.755282, -1.314328, 12.758963
-2.214314, -4.320939, -1.194278, 13.296091
-3.408592, 3.582835, 0.738105, 6.424171
-3.408592, 3.582835, -0.738105, 6.052236
-4.253254, 2.628655, 0.000000, 7.465547
-4.755282, 1.314328, -0.812299, 8.633221
-4.320939, 1.194278, -2.214314, 8.206875
-4.777113, 0.000000, -1.476209, 9.655727
-4.755282, 1.314328, 0.812299, 9.028898
-4.777113, 0.000000, 1.476209, 10.435340
-4.320939, 1.194278, 2.214314, 9.283792
-3.408592, -3.582835, -0.738105, 13.296091
-3.408592, -3.582835, 0.738105, 14.226339
-4.253254, -2.628655, 0.000000, 12.758963
-4.755282, -1.314328, 0.812299, 11.641825
-4.320939, -1.194278, 2.214314, 11.695476
-4.755282, -1.314328, -0.812299, 11.131435
-4.320939, -1.194278, -2.214314, 10.376383
3.408592, 3.582835, -0.738105, 1.481624
3.408592, 3.582835, 0.738105, 2.411872
4.253254, 2.628655, 0.000000, 2.949000
4.755282, 1.314328, 0.812299, 4.576529
4.320939, 1.194278, 2.214314, 5.331581
4.777113, 0.000000, 1.476209, 6.052237
4.755282, 1.314328, -0.812299, 4.066138
4.777113, 0.000000, -1.476209, 5.272623
4.320939, 1.194278, -2.214314, 4.012487
3.408592, -3.582835, 0.738105, 9.655727
3.408592, -3.582835, -0.738105, 9.283793
4.253254, -2.628655, 0.000000, 8.242417
4.755282, -1.314328, -0.812299, 6.679065
4.320939, -1.194278, -2.214314, 6.424171
4.755282, -1.314328, 0.812299, 7.074742
4.320939, -1.194278, 2.214314, 7.501088
-2.126627, 2.938926, 3.440955, 7.074742
-2.938926, 3.440955, 2.126627, 6.679065
-3.440955, 2.126627, 2.938926, 8.242417
2.126627, 2.938926, 3.440955, 5.049536
3.440955, 2.126627, 2.938926, 5.049536
2.938926, 3.440955, 2.126627, 3.587567
-2.126627, 2.938926, -3.440955, 5.328028
-3.440955, 2.126627, -2.938926, 6.830945
-2.938926, 3.440955, -2.126627, 5.598183
2.126627, 2.938926, -3.440955, 2.670807
2.938926, 3.440955, -2.126627, 1.478030
3.440955, 2.126627, -2.938926, 3.109861
-2.126627, -2.938926, -3.440955, 10.658427
-2.938926, -3.440955, -2.126627, 12.120396
-3.440955, -2.126627, -2.938926, 10.658427
2.126627, -2.938926, -3.440955, 8.633221
3.440955, -2.126627, -2.938926, 7.465547
2.938926, -3.440955, -2.126627, 9.028898
-2.126627, -2.938926, 3.440955, 13.037157
-3.440955, -2.126627, 2.938926, 12.598103
-2.938926, -3.440955, 2.126627, 14.229934
2.126627, -2.938926, 3.440955, 10.379936
2.938926, -3.440955, 2.126627, 10.109780
3.440955, -2.126627, 2.938926, 8.877019

graph:
0, 42, 1.265923
0, 43, 1.265923
0, 74, 1.265923
0, 75, 1.265923
0, 83, 1.265923
1, 51, 1.265923
1, 52, 1.265923
1, 58, 1.265923
1, 59, 1.265923
1, 67, 1.265923
2, 65, 1.265923
2, 66, 1.265923
2, 70, 1.265923
2, 90, 1.265923
2, 91, 1.265923
3, 46, 1.265923
3, 47, 1.265923
3, 57, 1.265923
3, 106, 1.265923
3, 107, 1.265923
4, 94, 1.265923
4, 95, 1.265923
4, 105, 1.265923
4, 115, 1.265923
4, 116, 1.265923
5, 49, 1.265923
5, 50, 1.265923
5, 55, 1.265923
5, 122, 1.265923
5, 123, 1.265923
6, 97, 1.265923
6, 98, 1.265923
6, 103, 1.265923
6, 131, 1.265923
6, 132, 1.265923
7, 81, 1.265923
7, 82, 1.265923
7, 86, 1.265923
7, 99, 1.265923
7, 100, 1.265923
8, 72, 1.265923
8, 73, 1.265923
8, 126, 1.265923
8, 127, 1.265923
8, 137, 1.265923
9, 62, 1.265923
9, 63, 1.265923
9, 113, 1.265923
9, 114, 1.265923
9, 119, 1.265923
10, 88, 1.265923
10, 89, 1.265923
10, 110, 1.265923
10, 111, 1.265923
10, 121, 1.265923
11, 78, 1.265923
11, 79, 1.265923
11, 129, 1.265923
11, 130, 1.265923
11, 135, 1.265923
12, 42, 1.492941
12, 44, 1.564344
12, 48, 1.564345
12, 50, 1.492941
12, 147, 1.564345
12, 148, 1.564345
13, 43, 1.492941
13, 44, 1.564344
13, 45, 1.564345
13, 46, 1.492941
13, 144, 1.564345
13, 146, 1.564345
14, 45, 1.564345
14, 47, 1.492941
14, 48, 1.564345
14, 49, 1.492941
14, 54, 1.564345
14, 56, 1.564345
15, 51, 1.492941
15, 53, 1.564344
15, 56, 1.564345
15, 57, 1.492941
15, 138, 1.564345
15, 139, 1.564345
16, 52, 1.492941
16, 53, 1.564344
16, 54, 1.564345
16, 55, 1.492941
16, 141, 1.564345
16, 143, 1.564345
17, 58, 1.492941
17, 60, 1.564345
17, 64, 1.564345
17, 66, 1.492941
17, 68, 1.564345
17, 69, 1.564345
18, 59, 1.492941
18, 60, 1.564345
18, 61, 1.564344
18, 62, 1.492941
18, 138, 1.564345
18, 140, 1.564345
19, 61, 1.564344
19, 63, 1.492941
19, 64, 1.564345
19, 65, 1.492941
19, 156, 1.564345
19, 157, 1.564345
20, 67, 1.492941
20, 68, 1.564345
20, 71, 1.564344
20, 73, 1.492941
20, 141, 1.564345
20, 142, 1.564345
21, 69, 1.564345
21, 70, 1.492941
21, 71, 1.564344
21, 72, 1.492941
21, 159, 1.564345
21, 161, 1.564345
22, 74, 1.492941
22, 76, 1.564345
22, 80, 1.564345
22, 82, 1.492941
22, 84, 1.564345
22, 85, 1.564345
23, 75, 1.492941
23, 76, 1.564345
23, 77, 1.564344
23, 78, 1.492941
23, 147, 1.564345
23, 149, 1.564345
24, 77, 1.564344
24, 79, 1.492941
24, 80, 1.564345
24, 81, 1.492941
24, 153, 1.564345
24, 154, 1.564345
25, 83, 1.492941
25, 84, 1.564345
25, 87, 1.564344
25, 89, 1.492941
25, 144, 1.564345
25, 145, 1.564345
26, 85, 1.564345
26, 86, 1.492941
26, 87, 1.564344
26, 88, 1.492941
26, 150, 1.564345
26, 152, 1.564345
27, 90, 1.492941
27, 92, 1.564344
27, 96, 1.564345
27, 98, 1.492941
27, 159, 1.564345
27, 160, 1.564345
28, 91, 1.492941
28, 92, 1.564344
28, 93, 1.564345
28, 94, 1.492941
28, 156, 1.564345
28, 158, 1.564345
29, 93, 1.564345
29, 95, 1.492941
29, 96, 1.564345
29, 97, 1.492941
29, 102, 1.564345
29, 104, 1.564345
30, 99, 1.492941
30, 101, 1.564344
30, 104, 1.564345
30, 105, 1.492941
30, 150, 1.564345
30, 151, 1.564345
31, 100, 1.492941
31, 101, 1.564344
31, 102, 1.564345
31, 103, 1.492941
31, 153, 1.564345
31, 155, 1.564345
32, 106, 1.492941
32, 108, 1.564344
32, 112, 1.564345
32, 114, 1.492941
32, 139, 1.564345
32, 140, 1.564345
33, 107, 1.492941
33, 108, 1.564344
33, 109, 1.564345
33, 110, 1.492941
33, 145, 1.564345
33, 146, 1.564345
34, 109, 1.564345
34, 111, 1.492941
34, 112, 1.564345
34, 113, 1.492941
34, 118, 1.564345
34, 120, 1.564345
35, 115, 1.492941
35, 117, 1.564344
35, 120, 1.564345
35, 121, 1.492941
35, 151, 1.564345
35, 152, 1.564345
36, 116, 1.492941
36, 117, 1.564344
36, 118, 1.564345
36, 119, 1.492941
36, 157, 1.564345
36, 158, 1.564345
37, 122, 1.492941
37, 124, 1.564344
37, 128, 1.564345
37, 130, 1.492941
37, 148, 1.564345
37, 149, 1.564345
38, 123, 1.492941
38, 124, 1.564344
38, 125, 1.564345
38, 126, 1.492941
38, 142, 1.564345
38, 143, 1.564345
39, 125, 1.564345
39, 127, 1.492941
39, 128, 1.564345
39, 129, 1.492941
39, 134, 1.564345
39, 136, 1.564345
40, 131, 1.492941
40, 133, 1.564344
40, 136, 1.564345
40, 137, 1.492941
40, 160, 1.564345
40, 161, 1.564345
41, 132, 1.492941
41, 133, 1.564344
41, 134, 1.564345
41, 135, 1.492941
41, 154, 1.564345
41, 155, 1.564345
42, 43, 1.476209
42, 44, 1.472654
42, 75, 1.476209
42, 147, 1.472654
43, 44, 1.472654
43, 83, 1.476209
43, 144, 1.472654
44, 45, 1.624598
44, 48, 1.624598
45, 46, 1.472654
45, 47, 1.472654
45, 48, 1.624598
46, 47, 1.476209
46, 107, 1.476209
46, 146, 1.472654
47, 56, 1.472654
47, 57, 1.476209
48, 49, 1.472654
48, 50, 1.472654
49, 50, 1.476209
49, 54, 1.472654
49, 55, 1.476209
50, 122, 1.476209
50, 148, 1.472654
51, 52, 1.476209
51, 53, 1.472654
51, 59, 1.476209
51, 138, 1.472654
52, 53, 1.472654
52, 67, 1.476209
52, 141, 1.472654
53, 54, 1.624598
53, 56, 1.624598
54, 55, 1.472654
54, 56, 1.624598
55, 123, 1.476209
55, 143, 1.472654
56, 57, 1.472654
57, 106, 1.476209
57, 139, 1.472654
58, 59, 1.476209
58, 60, 1.472654
58, 67, 1.476209
58, 68, 1.472654
59, 60, 1.472654
59, 138, 1.472654
60, 61, 1.624598
60, 64, 1.624598
61, 62, 1.472654
61, 63, 1.472654
61, 64, 1.624598
62, 63, 1.476209
62, 114, 1.476209
62, 140, 1.472654
63, 119, 1.476209
63, 157, 1.472654
64, 65, 1.472654
64, 66, 1.472654
65, 66, 1.476209
65, 91, 1.476209
65, 156, 1.472654
66, 69, 1.472654
66, 70, 1.476209
67, 68, 1.472654
67, 141, 1.472654
68, 69, 1.624598
68, 71, 1.624598
69, 70, 1.472654
69, 71, 1.624598
70, 90, 1.476209
70, 159, 1.472654
71, 72, 1.472654
71, 73, 1.472654
72, 73, 1.476209
72, 137, 1.476209
72, 161, 1.472654
73, 126, 1.476209
73, 142, 1.472654
74, 75, 1.476209
74, 76, 1.472654
74, 83, 1.476209
74, 84, 1.472654
75, 76, 1.472654
75, 147, 1.472654
76, 77, 1.624598
76, 80, 1.624598
77, 78, 1.472654
77, 79, 1.472654
77, 80, 1.624598
78, 79, 1.476209
78, 130, 1.476209
78, 149, 1.472654
79, 135, 1.476209
79, 154, 1.472654
80, 81, 1.472654
80, 82, 1.472654
81, 82, 1.476209
81, 100, 1.476209
81, 153, 1.472654
82, 85, 1.472654
82, 86, 1.476209
83, 84, 1.472654
83, 144, 1.472654
84, 85, 1.624598
84, 87, 1.624598
85, 86, 1.472654
85, 87, 1.624598
86, 99, 1.476209
86, 150, 1.472654
87, 88, 1.472654
87, 89, 1.472654
88, 89, 1.476209
88, 121, 1.476209
88, 152, 1.472654
89, 110, 1.476209
89, 145, 1.472654
90, 91, 1.476209
90, 92, 1.472654
90, 159, 1.472654
91, 92, 1.472654
91, 156, 1.472654
92, 93, 1.624598
92, 96, 1.624598
93, 94, 1.472654
93, 95, 1.472654
93, 96, 1.624598
94, 95, 1.476209
94, 116, 1.476209
94, 158, 1.472654
95, 104, 1.472654
95, 105, 1.476209
96, 97, 1.472654
96, 98, 1.472654
97, 98, 1.476209
97, 102, 1.472654
97, 103, 1.476209
98, 131, 1.476209
98, 160, 1.472654
99, 100, 1.476209
99, 101, 1.472654
99, 150, 1.472654
100, 101, 1.472654
100, 153, 1.472654
101, 102, 1.624598
101, 104, 1.624598
102, 103, 1.472654
102, 104, 1.624598
103, 132, 1.476209
103, 155, 1.472654
104, 105, 1.472654
105, 115, 1.476209
105, 151, 1.472654
106, 107, 1.476209
106, 108, 1.472654
106, 139, 1.472654
107, 108, 1.472654
107, 146, 1.472654
108, 109, 1.624598
108, 112, 1.624598
109, 110, 1.472654
109, 111, 1.472654
109, 112, 1.624598
110, 111, 1.476209
110, 145, 1.472654
111, 120, 1.472654
111, 121, 1.476209
112, 113, 1.472654
112, 114, 1.472654
113, 114, 1.476209
113, 118, 1.472654
113, 119, 1.476209
114, 140, 1.472654
115, 116, 1.476209
115, 117, 1.472654
115, 151, 1.472654
116, 117, 1.472654
116, 158, 1.472654
117, 118, 1.624598
117, 120, 1.624598
118, 119, 1.472654
118, 120, 1.624598
119, 157, 1.472654
120, 121, 1.472654
121, 152, 1.472654
122, 123, 1.476209
122, 124, 1.472654
122, 148, 1.472654
123, 124, 1.472654
123, 143, 1.472654
124, 125, 1.624598
124, 128, 1.624598
125, 126, 1.472654
125, 127, 1.472654
125, 128, 1.624598
126, 127, 1.476209
126, 142, 1.472654
127, 136, 1.472654
127, 137, 1.476209
128, 129, 1.472654
128, 130, 1.472654
129, 130, 1.476209
129, 134, 1.472654
129, 135, 1.476209
130, 149, 1.472654
131, 132, 1.476209
131, 133, 1.472654
131, 160, 1.472654
132, 133, 1.472654
132, 155, 1.472654
133, 134, 1.624598
133, 136, 1.624598
134, 135, 1.472654
134, 136, 1.624598
135, 154, 1.472654
136, 137, 1.472654
137, 161, 1.472654
138, 139, 1.624599
138, 140, 1.624598
139, 140, 1.624598
141, 142, 1.624598
141, 143, 1.624599
142, 143, 1.624598
144, 145, 1.624598
144, 146, 1.624599
145, 146, 1.624598
147, 148, 1.624599
147, 149, 1.624598
148, 149, 1.624598
150, 151, 1.624599
150, 152, 1.624598
151, 152, 1.624598
153, 154, 1.624598
153, 155, 1.624599
154, 155, 1.624598
156, 157, 1.624598
156, 158, 1.624599
157, 158, 1.624598
159, 160, 1.624599
159, 161, 1.624598
160, 161, 1.624598
