source_idx: 618
h_value: 1.350758

points:
0.000000, 4.731580, -7.655858, 19.775834
0.000000, 4.731580, 7.655858, 16.447836
0.000000, -4.731580, 7.655858, 8.498500
-4.731580, 7.655858, 0.000000, 17.654040
-4.731580, -7.655858, 0.000000, 1.862160
4.731580, 7.655858, 0.000000, 26.412174
4.731580, -7.655858, 0.000000, 10.620294
0.000000, -4.731580, -7.655858, 11.826498
7.655858, 0.000000, 4.731580, 17.654040
-7.655858, 0.000000, 4.731580, 8.498500
-7.655858, 0.000000, -4.731580, 10.620294
7.655858, 0.000000, -4.731580, 19.775834
2.781153, 7.281153, -4.500000, 24.647215
-2.781153, 7.281153, -4.500000, 19.579510
0.000000, 9.000000, 0.000000, 22.469826
-2.781153, 7.281153, 4.500000, 17.578691
2.781153, 7.281153, 4.500000, 21.430005
0.000000, 0.000000, 9.000000, 12.367373
-4.500000, 2.781153, 7.281153, 12.367373
-4.500000, -2.781153, 7.281153, 7.292838
4.500000, 2.781153, 7.281153, 17.578691
4.500000, -2.781153, 7.281153, 13.047752
0.000000, 0.000000, -9.000000, 15.906960
4.500000, 2.781153, -7.281153, 20.981496
4.500000, -2.781153, -7.281153, 15.906961
-4.500000, 2.781153, -7.281153, 15.226582
-4.500000, -2.781153, -7.281153, 10.695643
2.781153, -7.281153, 4.500000, 8.694824
-2.781153, -7.281153, 4.500000, 3.627119
0.000000, -9.000000, 0.000000, 5.804508
-2.781153, -7.281153, -4.500000, 6.844329
2.781153, -7.281153, -4.500000, 10.695643
-7.281153, 4.500000, 2.781153, 13.047752
-7.281153, 4.500000, -2.781153, 14.137167
-9.000000, 0.000000, 0.000000, 8.694824
-7.281153, -4.500000, -2.781153, 5.804507
-7.281153, -4.500000, 2.781153, 3.627119
7.281153, 4.500000, -2.781153, 24.647215
7.281153, 4.500000, 2.781153, 22.469826
9.000000, 0.000000, 0.000000, 19.579510
7.281153, -4.500000, 2.781153, 14.137167
7.281153, -4.500000, -2.781153, 15.226582
1.328588, 6.135465, -6.449102, 22.028574
-1.328588, 6.135465, -6.449102, 19.938357
0.000000, 7.655857, -4.731580, 22.225198
-1.462139, 8.559508, -2.365790, 21.358651
-3.985764, 7.777690, -2.149701, 18.699501
-2.657176, 8.598804, 0.000000, 19.879937
1.462139, 8.559508, -2.365790, 24.293016
2.657176, 8.598804, 0.000000, 24.920341
3.985764, 7.777690, -2.149701, 26.940872
-1.328588, 6.135465, 6.449102, 17.076866
1.328588, 6.135465, 6.449102, 18.732628
0.000000, 7.655857, 4.731580, 19.673353
1.462139, 8.559508, 2.365790, 22.498194
3.985764, 7.777690, 2.149701, 24.127382
-1.462139, 8.559508, 2.365790, 20.113493
-3.985764, 7.777690, 2.149701, 17.763948
0.000000, 2.657176, 8.598804, 14.580759
-2.149701, 3.985764, 7.777690, 14.580758
-2.365790, 1.462139, 8.559508, 12.275007
-4.731580, 0.000000, 7.655857, 9.783567
-6.449102, 1.328588, 6.135465, 10.210291
-6.449102, -1.328588, 6.135465, 7.667225
-2.365790, -1.462139, 8.559508, 9.783567
-2.149701, -3.985764, 7.777690, 7.667225
0.000000, -2.657176, 8.598804, 10.210291
2.149701, 3.985764, 7.777690, 17.076866
2.365790, 1.462139, 8.559508, 14.979489
2.365790, -1.462139, 8.559508, 12.634401
2.149701, -3.985764, 7.777690, 10.561213
4.731580, 0.000000, 7.655857, 15.334901
6.449102, -1.328588, 6.135465, 15.548930
6.449102, 1.328588, 6.135465, 17.763948
0.000000, 2.657176, -8.598804, 18.064043
2.149701, 3.985764, -7.777690, 20.607109
2.365790, 1.462139, -8.559508, 18.490767
4.731580, 0.000000, -7.655857, 18.490767
6.449102, 1.328588, -6.135465, 20.607109
6.449102, -1.328588, -6.135465, 18.064043
2.365790, -1.462139, -8.559508, 15.999326
2.149701, -3.985764, -7.777690, 13.693575
0.000000, -2.657176, -8.598804, 13.693575
-2.149701, 3.985764, -7.777690, 17.713120
-2.365790, 1.462139, -8.559508, 15.639933
-2.365790, -1.462139, -8.559508, 13.294845
-2.149701, -3.985764, -7.777690, 11.197468
-4.731580, 0.000000, -7.655857, 12.939433
-6.449102, -1.328588, -6.135465, 10.510386
-6.449102, 1.328588, -6.135465, 12.725404
1.328588, -6.135465, 6.449102, 8.335977
-1.328588, -6.135465, 6.449102, 6.245760
0.000000, -7.655857, 4.731580, 6.049135
-1.462139, -8.559508, 2.365790, 3.981318
-3.985764, -7.777690, 2.149701, 1.333462
-2.657176, -8.598804, 0.000000, 3.353993
1.462139, -8.559508, 2.365790, 6.915683
2.657176, -8.598804, 0.000000, 8.394397
3.985764, -7.777690, 2.149701, 9.574833
-1.328588, -6.135465, -6.449102, 9.541706
1.328588, -6.135465, -6.449102, 11.197468
0.000000, -7.655857, -4.731580, 8.600981
1.462139, -8.559508, -2.365790, 8.160841
3.985764, -7.777690, -2.149701, 10.510386
-1.462139, -8.559508, -2.365790, 5.776140
-3.985764, -7.777690, -2.149701, 4.146951
-6.135465, 6.449102, 1.328588, 15.548930
-6.135465, 6.449102, -1.328588, 16.077295
-7.655857, 4.731580, 0.000000, 13.565441
-8.559508, 2.365790, -1.462139, 11.405420
-7.777690, 2.149701, -3.985764, 12.197039
-8.598804, 0.000000, -2.657176, 9.574833
-8.559508, 2.365790, 1.462139, 10.799875
-8.598804, 0.000000, 2.657176, 8.335977
-7.777690, 2.149701, 3.985764, 10.561213
-6.135465, -6.449102, -1.328588, 3.353993
-6.135465, -6.449102, 1.328588, 1.333461
-7.655857, -4.731580, 0.000000, 3.981318
-8.559508, -2.365790, 1.462139, 6.049136
-7.777690, -2.149701, 3.985764, 6.245760
-8.559508, -2.365790, -1.462139, 6.915683
-7.777690, -2.149701, -3.985764, 8.394397
6.135465, 6.449102, -1.328588, 26.940872
6.135465, 6.449102, 1.328588, 24.920341
7.655857, 4.731580, 0.000000, 24.293016
8.559508, 2.365790, 1.462139, 21.358651
7.777690, 2.149701, 3.985764, 19.879936
8.598804, 0.000000, 2.657176, 18.699501
8.559508, 2.365790, -1.462139, 22.225198
8.598804, 0.000000, -2.657176, 19.938357
7.777690, 2.149701, -3.985764, 22.028574
6.135465, -6.449102, 1.328588, 12.197039
6.135465, -6.449102, -1.328588, 12.725404
7.655857, -4.731580, 0.000000, 14.708893
8.559508, -2.365790, -1.462139, 17.474459
7.777690, -2.149701, -3.985764, 17.713120
8.559508, -2.365790, 1.462139, 16.868914
7.777690, -2.149701, 3.985764, 16.077295
-3.827929, 5.290067, 6.193718, 14.979489
-5.290067, 6.193718, 3.827929, 15.334901
-6.193719, 3.827929, 5.290068, 12.634401
3.827929, 5.290067, 6.193718, 19.673352
6.193719, 3.827929, 5.290068, 20.113492
5.290067, 6.193718, 3.827929, 22.498194
-3.827929, 5.290067, -6.193718, 17.474459
-6.193719, 3.827929, -5.290068, 14.708893
-5.290067, 6.193718, -3.827929, 16.868914
3.827929, 5.290067, -6.193718, 23.212805
5.290067, 6.193718, -3.827929, 25.963665
6.193719, 3.827929, -5.290068, 23.212804
-3.827929, -5.290067, -6.193718, 8.600981
-5.290067, -6.193718, -3.827929, 5.776140
-6.193719, -3.827929, -5.290068, 8.160841
3.827929, -5.290067, -6.193718, 13.294845
6.193719, -3.827929, -5.290068, 15.639933
5.290067, -6.193718, -3.827929, 12.939433
-3.827929, -5.290067, 6.193718, 5.061529
-6.193719, -3.827929, 5.290068, 5.061529
-5.290067, -6.193718, 3.827929, 2.310669
3.827929, -5.290067, 6.193718, 10.799875
5.290067, -6.193718, 3.827929, 11.405420
6.193719, -3.827929, 5.290068, 13.565441
0.630816, 5.436391, -7.144769, 20.838384
-0.630816, 5.436391, -7.144769, 19.905828
0.000000, 6.203430, -6.520542, 21.020096
-0.703739, 6.934717, -5.693369, 21.051602
-2.061404, 6.771095, -5.559036, 19.835504
-1.443217, 7.556783, -4.670349, 20.881857
0.703739, 6.934717, -5.693369, 22.244039
1.443217, 7.556783, -4.670349, 23.517391
2.061404, 6.771095, -5.559036, 23.317352
-2.164826, 8.002763, -3.502762, 20.503965
-3.435673, 7.620440, -3.335422, 19.186012
-2.814956, 8.239521, -2.277348, 19.965056
-3.358263, 8.278951, -1.086757, 19.341463
-4.415710, 7.775585, -1.020681, 18.173886
-3.784894, 8.165450, 0.000000, 18.704150
-2.111217, 8.674457, -1.138674, 20.643516
-1.374269, 8.894458, 0.000000, 21.153002
-0.721609, 8.894719, -1.167587, 22.040367
0.721609, 8.894719, -1.167587, 23.467210
1.374269, 8.894458, 0.000000, 23.755405
2.111217, 8.674457, -1.138674, 24.845716
3.358263, 8.278951, -1.086757, 26.095503
3.784894, 8.165450, 0.000000, 25.856077
4.415710, 7.775585, -1.020681, 27.100499
2.814956, 8.239521, -2.277348, 25.683912
3.435673, 7.620440, -3.335422, 25.923274
2.164826, 8.002763, -3.502762, 24.728205
-0.740912, 8.216843, -3.596464, 21.918991
0.000000, 8.674751, -2.397642, 22.826182
0.740912, 8.216843, -3.596464, 23.357960
-0.630816, 5.436391, 7.144769, 16.764140
0.630816, 5.436391, 7.144769, 17.523603
0.000000, 6.203430, 6.520542, 17.932005
0.703739, 6.934717, 5.693369, 19.234891
2.061404, 6.771095, 5.559036, 20.050338
1.443217, 7.556783, 4.670349, 20.633700
-0.703739, 6.934717, 5.693369, 18.314897
-1.443217, 7.556783, 4.670349, 18.626981
-2.061404, 6.771095, 5.559036, 17.358443
2.164826, 8.002763, 3.502762, 22.065015
3.435673, 7.620440, 3.335422, 22.809672
2.814956, 8.239521, 2.277348, 23.454362
3.358263, 8.278951, 1.086757, 24.734747
4.415710, 7.775585, 1.020681, 25.336407
2.111217, 8.674457, 1.138674, 23.798574
0.721609, 8.894719, 1.167587, 22.634854
-0.721609, 8.894719, 1.167587, 21.356544
-2.111217, 8.674457, 1.138674, 20.066095
-3.358263, 8.278951, 1.086757, 18.843106
-4.415710, 7.775585, 1.020681, 17.736215
-2.814956, 8.239521, 2.277348, 18.894849
-3.435673, 7.620440, 3.335422, 17.715529
-2.164826, 8.002763, 3.502762, 18.826661
0.740912, 8.216843, 3.596464, 21.094620
0.000000, 8.674751, 2.397642, 21.348116
-0.740912, 8.216843, 3.596464, 19.981859
0.000000, 3.784894, 8.165450, 15.572520
-1.020681, 4.415710, 7.775585, 15.572520
-1.086757, 3.358263, 8.278951, 14.585677
-2.277348, 2.814956, 8.239521, 13.481567
-3.335422, 3.435673, 7.620440, 13.497062
-3.502762, 2.164826, 8.002762, 12.299449
-1.138674, 2.111217, 8.674456, 13.481567
-1.167587, 0.721609, 8.894719, 12.299449
0.000000, 1.374269, 8.894458, 13.497062
-4.670349, 1.443217, 7.556783, 11.101644
-5.559036, 2.061404, 6.771095, 11.251990
-5.693369, 0.703739, 6.934717, 9.959437
-6.520542, 0.000000, 6.203430, 8.932871
-7.144769, 0.630816, 5.436391, 9.285600
-7.144769, -0.630816, 5.436391, 8.056884
-5.693369, -0.703739, 6.934717, 8.649289
-5.559036, -2.061404, 6.771095, 7.392722
-4.670349, -1.443217, 7.556783, 8.488636
-3.502762, -2.164826, 8.002762, 8.488636
-3.335422, -3.435673, 7.620440, 7.392722
-2.277348, -2.814956, 8.239521, 8.649289
-1.086757, -3.358263, 8.278951, 8.932871
-1.020681, -4.415710, 7.775585, 8.056884
0.000000, -3.784894, 8.165450, 9.285600
-1.138674, -2.111217, 8.674456, 9.959437
0.000000, -1.374269, 8.894458, 11.251990
-1.167587, -0.721609, 8.894719, 11.101644
-3.596464, 0.740912, 8.216843, 11.017075
-3.596464, -0.740912, 8.216843, 9.719787
-2.397642, 0.000000, 8.674751, 11.017075
1.020681, 4.415710, 7.775585, 16.764140
1.086757, 3.358263, 8.278951, 15.831160
1.138674, 2.111217, 8.674456, 14.777402
1.167587, 0.721609, 8.894719, 13.639530
2.277348, 2.814956, 8.239521, 16.086791
3.502762, 2.164826, 8.002762, 16.316193
3.335422, 3.435673, 7.620440, 17.358443
1.167587, -0.721609, 8.894719, 12.477064
1.138674, -2.111217, 8.674456, 11.358650
1.086757, -3.358263, 8.278951, 10.342329
1.020681, -4.415710, 7.775585, 9.462093
2.277348, -2.814956, 8.239521, 11.536489
3.335422, -3.435673, 7.620440, 11.771852
3.502762, -2.164826, 8.002762, 12.830414
4.670349, -1.443217, 7.556783, 14.162592
5.559036, -2.061404, 6.771095, 14.327336
5.693369, -0.703739, 6.934717, 15.461452
6.520542, 0.000000, 6.203430, 16.665319
7.144769, -0.630816, 5.436391, 16.665988
7.144769, 0.630816, 5.436391, 17.736215
5.693369, 0.703739, 6.934717, 16.612532
5.559036, 2.061404, 6.771095, 17.715530
4.670349, 1.443217, 7.556783, 16.496155
2.397642, 0.000000, 8.674751, 13.805335
3.596464, -0.740912, 8.216843, 13.984334
3.596464, 0.740912, 8.216843, 15.170786
0.000000, 3.784894, -8.165450, 18.988734
1.020681, 4.415710, -7.775585, 20.217450
1.086757, 3.358263, -8.278951, 19.341463
2.277348, 2.814956, -8.239521, 19.625045
3.335422, 3.435673, -7.620440, 20.881612
3.502762, 2.164826, -8.002762, 19.785698
1.138674, 2.111217, -8.674456, 18.314897
1.167587, 0.721609, -8.894719, 17.172690
0.000000, 1.374269, -8.894458, 17.022344
4.670349, 1.443217, -7.556783, 19.785698
5.559036, 2.061404, -6.771095, 20.881612
5.693369, 0.703739, -6.934717, 19.625045
6.520542, 0.000000, -6.203430, 19.341463
7.144769, 0.630816, -5.436391, 20.217450
7.144769, -0.630816, -5.436391, 18.988734
5.693369, -0.703739, -6.934717, 18.314897
5.559036, -2.061404, -6.771095, 17.022344
4.670349, -1.443217, -7.556783, 17.172689
3.502762, -2.164826, -8.002762, 15.974885
3.335422, -3.435673, -7.620440, 14.777272
2.277348, -2.814956, -8.239521, 14.792767
1.086757, -3.358263, -8.278951, 13.688657
1.020681, -4.415710, -7.775585, 12.701814
0.000000, -3.784894, -8.165450, 12.701814
1.138674, -2.111217, -8.674456, 14.792767
0.000000, -1.374269, -8.894458, 14.777272
1.167587, -0.721609, -8.894719, 15.974885
3.596464, 0.740912, -8.216843, 18.554547
3.596464, -0.740912, -8.216843, 17.257259
2.397642, 0.000000, -8.674751, 17.257259
-1.020681, 4.415710, -7.775585, 18.812241
-1.086757, 3.358263, -8.278951, 17.932005
-1.138674, 2.111217, -8.674456, 16.915684
-1.167587, 0.721609, -8.894719, 15.797270
-2.277348, 2.814956, -8.239521, 16.737845
-3.502762, 2.164826, -8.002762, 15.443919
-3.335422, 3.435673, -7.620440, 16.502482
-1.167587, -0.721609, -8.894719, 14.634804
-1.138674, -2.111217, -8.674456, 13.496932
-1.086757, -3.358263, -8.278951, 12.443174
-1.020681, -4.415710, -7.775585, 11.510193
-2.277348, -2.814956, -8.239521, 12.187543
-3.335422, -3.435673, -7.620440, 10.915891
-3.502762, -2.164826, -8.002762, 11.958141
-4.670349, -1.443217, -7.556783, 11.778179
-5.559036, -2.061404, -6.771095, 10.558804
-5.693369, -0.703739, -6.934717, 11.661802
-6.520542, 0.000000, -6.203430, 11.609015
-7.144769, -0.630816, -5.436391, 10.538119
-7.144769, 0.630816, -5.436391, 11.608346
-5.693369, 0.703739, -6.934717, 12.812882
-5.559036, 2.061404, -6.771095, 13.946998
-4.670349, 1.443217, -7.556783, 14.111741
-2.397642, 0.000000, -8.674751, 14.468999
-3.596464, -0.740912, -8.216843, 13.103548
-3.596464, 0.740912, -8.216843, 14.290000
0.630816, -5.436391, 7.144769, 8.368506
-0.630816, -5.436391, 7.144769, 7.435949
0.000000, -6.203430, 6.520542, 7.254237
-0.703739, -6.934717, 5.693369, 6.030295
-2.061404, -6.771095, 5.559036, 4.956982
-1.443217, -7.556783, 4.670349, 4.756943
0.703739, -6.934717, 5.693369, 7.222732
1.443217, -7.556783, 4.670349, 7.392477
2.061404, -6.771095, 5.559036, 8.438830
-2.164826, -8.002763, 3.502762, 3.546129
-3.435673, -7.620440, 3.335422, 2.351060
-2.814956, -8.239521, 2.277348, 2.590422
-3.358263, -8.278951, 1.086757, 2.178830
-4.415710, -7.775585, 1.020681, 1.173835
-3.784894, -8.165450, 0.000000, 2.418257
-2.111217, -8.674457, 1.138674, 3.428618
-1.374269, -8.894458, 0.000000, 4.518929
-0.721609, -8.894719, 1.167587, 4.807124
0.721609, -8.894719, 1.167587, 6.233967
1.374269, -8.894458, 0.000000, 7.121332
2.111217, -8.674457, 1.138674, 7.630818
3.358263, -8.278951, 1.086757, 8.932871
3.784894, -8.165450, 0.000000, 9.570184
4.415710, -7.775585, 1.020681, 10.100447
2.814956, -8.239521, 2.277348, 8.309278
3.435673, -7.620440, 3.335422, 9.088322
2.164826, -8.002763, 3.502762, 7.770369
-0.740912, -8.216843, 3.596464, 4.916374
0.000000, -8.674751, 2.397642, 5.448152
0.740912, -8.216843, 3.596464, 6.355342
-0.630816, -5.436391, -7.144769, 10.750730
0.630816, -5.436391, -7.144769, 11.510193
0.000000, -6.203430, -6.520542, 10.342329
0.703739, -6.934717, -5.693369, 9.959437
2.061404, -6.771095, -5.559036, 10.915891
1.443217, -7.556783, -4.670349, 9.647353
-0.703739, -6.934717, -5.693369, 9.039443
-1.443217, -7.556783, -4.670349, 7.640634
-2.061404, -6.771095, -5.559036, 8.223995
2.164826, -8.002763, -3.502762, 9.447673
3.435673, -7.620440, -3.335422, 10.558804
2.814956, -8.239521, -2.277348, 9.379485
3.358263, -8.278951, -1.086757, 9.431228
4.415710, -7.775585, -1.020681, 10.538119
2.111217, -8.674457, -1.138674, 8.208239
0.721609, -8.894719, -1.167587, 6.917790
-0.721609, -8.894719, -1.167587, 5.639479
-2.111217, -8.674457, -1.138674, 4.475760
-3.358263, -8.278951, -1.086757, 3.539587
-4.415710, -7.775585, -1.020681, 2.937927
-2.814956, -8.239521, -2.277348, 4.819972
-3.435673, -7.620440, -3.335422, 5.464662
-2.164826, -8.002763, -3.502762, 6.209319
0.740912, -8.216843, -3.596464, 8.292475
0.000000, -8.674751, -2.397642, 6.926217
-0.740912, -8.216843, -3.596464, 7.179714
-5.436391, 7.144769, 0.630816, 16.665988
-5.436391, 7.144769, -0.630816, 16.923645
-6.203430, 6.520542, 0.000000, 15.831160
-6.934717, 5.693369, -0.703739, 14.882753
-6.771095, 5.559036, -2.061404, 15.134874
-7.556783, 4.670349, -1.443217, 13.855147
-6.934717, 5.693369, 0.703739, 14.607122
-7.556783, 4.670349, 1.443217, 13.289994
-6.771095, 5.559036, 2.061404, 14.327336
-8.002762, 3.502762, -2.164826, 12.804713
-7.620440, 3.335422, -3.435673, 13.139460
-8.239521, 2.277348, -2.814956, 11.796427
-8.278951, 1.086757, -3.358263, 10.884686
-7.775585, 1.020681, -4.415710, 11.350689
-8.165450, 0.000000, -3.784894, 10.100448
-8.674457, 1.138674, -2.111217, 10.423523
-8.894458, 0.000000, -1.374269, 9.088322
-8.894719, 1.167587, -0.721609, 10.011400
-8.894719, 1.167587, 0.721609, 9.694136
-8.894458, 0.000000, 1.374269, 8.438830
-8.674457, 1.138674, 2.111217, 9.500654
-8.278951, 1.086757, 3.358263, 9.431228
-8.165450, 0.000000, 3.784894, 8.368506
-7.775585, 1.020681, 4.415710, 9.462093
-8.239521, 2.277348, 2.814956, 10.635047
-7.620440, 3.335422, 3.435673, 11.771852
-8.002762, 3.502762, 2.164826, 11.941951
-8.216842, 3.596463, -0.740912, 12.475113
-8.674751, 2.397642, 0.000000, 11.061946
-8.216842, 3.596463, 0.740912, 12.179629
-5.436391, -7.144769, -0.630816, 2.418257
-5.436391, -7.144769, 0.630816, 1.173835
-6.203430, -6.520542, 0.000000, 2.178831
-6.934717, -5.693369, 0.703739, 2.590422
-6.771095, -5.559036, 2.061404, 2.351060
-7.556783, -4.670349, 1.443217, 3.546130
-6.934717, -5.693369, -0.703739, 3.428618
-7.556783, -4.670349, -1.443217, 4.807124
-6.771095, -5.559036, -2.061404, 4.518929
-8.002762, -3.502762, 2.164826, 4.756944
-7.620440, -3.335422, 3.435673, 4.956982
-8.239521, -2.277348, 2.814956, 6.030295
-8.278951, -1.086757, 3.358263, 7.254237
-7.775585, -1.020681, 4.415710, 7.435949
-8.674457, -1.138674, 2.111217, 7.222732
-8.894719, -1.167587, 0.721609, 7.392477
-8.894719, -1.167587, -0.721609, 7.770370
-8.674457, -1.138674, -2.111217, 8.309278
-8.278951, -1.086757, -3.358263, 8.932871
-7.775585, -1.020681, -4.415710, 9.570184
-8.239521, -2.277348, -2.814956, 7.630818
-7.620440, -3.335422, -3.435673, 7.121332
-8.002762, -3.502762, -2.164826, 6.233967
-8.216842, -3.596463, 0.740912, 4.916374
-8.674751, -2.397642, 0.000000, 6.355343
-8.216842, -3.596463, -0.740912, 5.448152
5.436391, 7.144769, -0.630816, 27.100499
5.436391, 7.144769, 0.630816, 25.856077
6.203430, 6.520542, 0.000000, 26.095503
6.934717, 5.693369, 0.703739, 24.845716
6.771095, 5.559036, 2.061404, 23.755405
7.556783, 4.670349, 1.443217, 23.467210
6.934717, 5.693369, -0.703739, 25.683912
7.556783, 4.670349, -1.443217, 24.728204
6.771095, 5.559036, -2.061404, 25.923274
8.002762, 3.502762, 2.164826, 22.040367
7.620440, 3.335422, 3.435673, 21.153002
8.239521, 2.277348, 2.814956, 20.643516
8.278951, 1.086757, 3.358263, 19.341463
7.775585, 1.020681, 4.415710, 18.704150
8.165450, 0.000000, 3.784894, 18.173886
8.674457, 1.138674, 2.111217, 19.965056
8.894458, 0.000000, 1.374269, 19.186012
8.894719, 1.167587, 0.721609, 20.503964
8.894719, 1.167587, -0.721609, 20.881857
8.894458, 0.000000, -1.374269, 19.835504
8.674457, 1.138674, -2.111217, 21.051602
8.278951, 1.086757, -3.358263, 21.020096
8.165450, 0.000000, -3.784894, 19.905828
7.775585, 1.020681, -4.415710, 20.838384
8.239521, 2.277348, -2.814956, 22.244039
7.620440, 3.335422, -3.435673, 23.317352
8.002762, 3.502762, -2.164826, 23.517390
8.216842, 3.596463, 0.740912, 22.826182
8.674751, 2.397642, 0.000000, 21.918991
8.216842, 3.596463, -0.740912, 23.357960
5.436391, -7.144769, 0.630816, 11.350689
5.436391, -7.144769, -0.630816, 11.608346
6.203430, -6.520542, 0.000000, 12.443174
6.934717, -5.693369, -0.703739, 13.667212
6.771095, -5.559036, -2.061404, 13.946998
7.556783, -4.670349, -1.443217, 14.984340
6.934717, -5.693369, 0.703739, 13.391581
7.556783, -4.670349, 1.443217, 14.419187
6.771095, -5.559036, 2.061404, 13.139460
8.002762, -3.502762, -2.164826, 16.332383
7.620440, -3.335422, -3.435673, 16.502482
8.239521, -2.277348, -2.814956, 17.639287
8.278951, -1.086757, -3.358263, 18.843106
7.775585, -1.020681, -4.415710, 18.812241
8.674457, -1.138674, -2.111217, 18.773680
8.894719, -1.167587, -0.721609, 18.580198
8.894719, -1.167587, 0.721609, 18.262934
8.674457, -1.138674, 2.111217, 17.850811
8.278951, -1.086757, 3.358263, 17.389648
7.775585, -1.020681, 4.415710, 16.923645
8.239521, -2.277348, 2.814956, 16.477907
7.620440, -3.335422, 3.435673, 15.134874
8.002762, -3.502762, 2.164826, 15.469621
8.216842, -3.596463, -0.740912, 16.094705
8.674751, -2.397642, 0.000000, 17.212387
8.216842, -3.596463, 0.740912, 15.799221
-1.758410, 5.116673, 7.192194, 15.831160
-2.546152, 5.796043, 6.397108, 16.086791
-3.332413, 6.389196, 5.391957, 16.316193
-2.981087, 4.657369, 7.100847, 14.777402
-4.224370, 4.054021, 6.835175, 13.639530
-4.054021, 6.835174, 4.224370, 16.496155
-4.657370, 7.100848, 2.981087, 16.612532
-5.116673, 7.192194, 1.758410, 16.665319
-5.796043, 6.397108, 2.546152, 15.461452
-6.389196, 5.391957, 3.332413, 14.162592
-6.835175, 4.224370, 4.054021, 12.830414
-7.100848, 2.981087, 4.657370, 11.536489
-7.192194, 1.758410, 5.116673, 10.342329
-6.397108, 2.546152, 5.796043, 11.358650
-5.391957, 3.332413, 6.389196, 12.477064
-4.620379, 5.819201, 5.078288, 15.170786
-5.819201, 5.078288, 4.620379, 13.984334
-5.078288, 4.620379, 5.819201, 13.805334
1.758410, 5.116673, 7.192194, 17.932005
2.981087, 4.657369, 7.100847, 18.314897
4.224370, 4.054021, 6.835175, 18.626981
2.546152, 5.796043, 6.397108, 19.234891
3.332413, 6.389196, 5.391957, 20.633700
5.391957, 3.332413, 6.389196, 18.826661
6.397108, 2.546152, 5.796043, 18.894849
7.192194, 1.758410, 5.116673, 18.843106
7.100848, 2.981087, 4.657370, 20.066095
6.835175, 4.224370, 4.054021, 21.356544
6.389196, 5.391957, 3.332413, 22.634854
5.796043, 6.397108, 2.546152, 23.798574
5.116673, 7.192194, 1.758410, 24.734747
4.657370, 7.100848, 2.981087, 23.454362
4.054021, 6.835174, 4.224370, 22.065015
5.078288, 4.620379, 5.819201, 19.981859
5.819201, 5.078288, 4.620379, 21.348116
4.620379, 5.819201, 5.078288, 21.094620
-1.758410, 5.116673, -7.192194, 18.843106
-2.981087, 4.657369, -7.100847, 17.639287
-4.224370, 4.054021, -6.835175, 16.332383
-2.546152, 5.796043, -6.397108, 18.773680
-3.332413, 6.389196, -5.391957, 18.580198
-5.391957, 3.332413, -6.389196, 14.984340
-6.397108, 2.546152, -5.796043, 13.667212
-7.192194, 1.758410, -5.116673, 12.443174
-7.100848, 2.981087, -4.657370, 13.391582
-6.835175, 4.224370, -4.054021, 14.419187
-6.389196, 5.391957, -3.332413, 15.469621
-5.796043, 6.397108, -2.546152, 16.477907
-5.116673, 7.192194, -1.758410, 17.389648
-4.657370, 7.100848, -2.981087, 17.850811
-4.054021, 6.835174, -4.224370, 18.262934
-5.078288, 4.620379, -5.819201, 16.094705
-5.819201, 5.078288, -4.620379, 15.799221
-4.620379, 5.819201, -5.078288, 17.212388
1.758410, 5.116673, -7.192194, 21.391286
2.546152, 5.796043, -6.397108, 22.701734
3.332413, 6.389196, -5.391957, 24.110426
2.981087, 4.657369, -7.100847, 21.851816
4.224370, 4.054021, -6.835175, 22.120428
4.054021, 6.835174, -4.224370, 25.555194
4.657370, 7.100848, -2.981087, 26.963885
5.116673, 7.192194, -1.758410, 28.274334
5.796043, 6.397108, -2.546152, 26.963886
6.389196, 5.391957, -3.332413, 25.555194
6.835175, 4.224370, -4.054021, 24.110426
7.100848, 2.981087, -4.657370, 22.701734
7.192194, 1.758410, -5.116673, 21.391286
6.397108, 2.546152, -5.796043, 21.851816
5.391957, 3.332413, -6.389196, 22.120428
4.620379, 5.819201, -5.078288, 24.622628
5.819201, 5.078288, -4.620379, 24.622628
5.078288, 4.620379, -5.819201, 23.408444
-1.758410, -5.116673, -7.192194, 10.342329
-2.546152, -5.796043, -6.397108, 9.039443
-3.332413, -6.389196, -5.391957, 7.640634
-2.981087, -4.657369, -7.100847, 9.959437
-4.224370, -4.054021, -6.835175, 9.647353
-4.054021, -6.835174, -4.224370, 6.209319
-4.657370, -7.100848, -2.981087, 4.819972
-5.116673, -7.192194, -1.758410, 3.539587
-5.796043, -6.397108, -2.546152, 4.475760
-6.389196, -5.391957, -3.332413, 5.639480
-6.835175, -4.224370, -4.054021, 6.917790
-7.100848, -2.981087, -4.657370, 8.208239
-7.192194, -1.758410, -5.116673, 9.431228
-6.397108, -2.546152, -5.796043, 9.379485
-5.391957, -3.332413, -6.389196, 9.447673
-4.620379, -5.819201, -5.078288, 7.179713
-5.819201, -5.078288, -4.620379, 6.926217
-5.078288, -4.620379, -5.819201, 8.292475
1.758410, -5.116673, -7.192194, 12.443174
2.981087, -4.657369, -7.100847, 13.496932
4.224370, -4.054021, -6.835175, 14.634804
2.546152, -5.796043, -6.397108, 12.187543
3.332413, -6.389196, -5.391957, 11.958141
5.391957, -3.332413, -6.389196, 15.797270
6.397108, -2.546152, -5.796043, 16.915684
7.192194, -1.758410, -5.116673, 17.932005
7.100848, -2.981087, -4.657370, 16.737845
6.835175, -4.224370, -4.054021, 15.443920
6.389196, -5.391957, -3.332413, 14.111741
5.796043, -6.397108, -2.546152, 12.812881
5.116673, -7.192194, -1.758410, 11.609015
4.657370, -7.100848, -2.981087, 11.661802
4.054021, -6.835174, -4.224370, 11.778179
5.078288, -4.620379, -5.819201, 14.468999
5.819201, -5.078288, -4.620379, 14.290000
4.620379, -5.819201, -5.078288, 13.103547
-1.758410, -5.116673, 7.192194, 6.883048
-2.981087, -4.657369, 7.100847, 6.422518
-4.224370, -4.054021, 6.835175, 6.153906
-2.546152, -5.796043, 6.397108, 5.572600
-3.332413, -6.389196, 5.391957, 4.163908
-5.391957, -3.332413, 6.389196, 6.153906
-6.397108, -2.546152, 5.796043, 6.422517
-7.192194, -1.758410, 5.116673, 6.883048
-7.100848, -2.981087, 4.657370, 5.572600
-6.835175, -4.224370, 4.054021, 4.163908
-6.389196, -5.391957, 3.332413, 2.719140
-5.796043, -6.397108, 2.546152, 1.310448
-5.116673, -7.192194, 1.758410, 0.000000
-4.657370, -7.100848, 2.981087, 1.310449
-4.054021, -6.835174, 4.224370, 2.719140
-5.078288, -4.620379, 5.819201, 4.865890
-5.819201, -5.078288, 4.620379, 3.651706
-4.620379, -5.819201, 5.078288, 3.651706
1.758410, -5.116673, 7.192194, 9.431228
2.546152, -5.796043, 6.397108, 9.500654
3.332413, -6.389196, 5.391957, 9.694136
2.981087, -4.657369, 7.100847, 10.635047
4.224370, -4.054021, 6.835175, 11.941951
4.054021, -6.835174, 4.224370, 10.011400
4.657370, -7.100848, 2.981087, 10.423523
5.116673, -7.192194, 1.758410, 10.884686
5.796043, -6.397108, 2.546152, 11.796427
6.389196, -5.391957, 3.332413, 12.804713
6.835175, -4.224370, 4.054021, 13.855147
7.100848, -2.981087, 4.657370, 14.882752
7.192194, -1.758410, 5.116673, 15.831160
6.397108, -2.546152, 5.796043, 14.607122
5.391957, -3.332413, 6.389196, 13.289994
4.620379, -5.819201, 5.078288, 11.061946
5.819201, -5.078288, 4.620379, 12.475113
5.078288, -4.620379, 5.819201, 12.179629

graph:
0, 162, 1.075127
0, 163, 1.075127
0, 274, 1.075127
0, 275, 1.075127
0, 304, 1.075127
1, 192, 1.075127
1, 193, 1.075127
1, 218, 1.075127
1, 219, 1.075127
1, 248, 1.075127
2, 240, 1.075127
2, 241, 1.075127
2, 258, 1.075127
2, 330, 1.075127
2, 331, 1.075127
3, 175, 1.075127
3, 176, 1.075127
3, 211, 1.075127
3, 386, 1.075127
3, 387, 1.075127
4, 343, 1.075127
4, 344, 1.075127
4, 379, 1.075127
4, 416, 1.075127
4, 417, 1.075127
5, 184, 1.075127
5, 185, 1.075127
5, 205, 1.075127
5, 442, 1.075127
5, 443, 1.075127
6, 352, 1.075127
6, 353, 1.075127
6, 373, 1.075127
6, 472, 1.075127
6, 473, 1.075127
7, 296, 1.075127
7, 297, 1.075127
7, 314, 1.075127
7, 360, 1.075127
7, 361, 1.075127
8, 266, 1.075127
8, 267, 1.075127
8, 455, 1.075127
8, 456, 1.075127
8, 491, 1.075127
9, 231, 1.075127
9, 232, 1.075127
9, 408, 1.075127
9, 409, 1.075127
9, 429, 1.075127
10, 322, 1.075127
10, 323, 1.075127
10, 399, 1.075127
10, 400, 1.075127
10, 435, 1.075127
11, 287, 1.075127
11, 288, 1.075127
11, 464, 1.075127
11, 465, 1.075127
11, 485, 1.075127
12, 169, 1.376613
12, 170, 1.378316
12, 187, 1.378316
12, 188, 1.376613
12, 554, 1.376613
12, 557, 1.376613
13, 166, 1.378316
13, 167, 1.376613
13, 171, 1.376613
13, 172, 1.378316
13, 538, 1.376613
13, 548, 1.376613
14, 178, 1.378316
14, 179, 1.376613
14, 180, 1.376613
14, 181, 1.378316
14, 207, 1.376613
14, 208, 1.376613
15, 199, 1.376613
15, 200, 1.378316
15, 213, 1.378316
15, 214, 1.376613
15, 500, 1.376613
15, 503, 1.376613
16, 196, 1.378316
16, 197, 1.376613
16, 201, 1.376613
16, 202, 1.378316
16, 520, 1.376613
16, 530, 1.376613
17, 225, 1.376613
17, 226, 1.378316
17, 243, 1.378316
17, 244, 1.376613
17, 251, 1.376613
17, 255, 1.376613
18, 222, 1.378316
18, 223, 1.376613
18, 227, 1.376613
18, 228, 1.378316
18, 502, 1.376613
18, 512, 1.376613
19, 234, 1.378316
19, 235, 1.376613
19, 236, 1.376613
19, 237, 1.378316
19, 608, 1.376613
19, 611, 1.376613
20, 253, 1.376613
20, 254, 1.378316
20, 269, 1.378316
20, 270, 1.376613
20, 518, 1.376613
20, 521, 1.376613
21, 260, 1.378316
21, 261, 1.376613
21, 262, 1.376613
21, 263, 1.378316
21, 628, 1.376613
21, 638, 1.376613
22, 281, 1.376613
22, 282, 1.378316
22, 299, 1.378316
22, 300, 1.376613
22, 307, 1.376613
22, 311, 1.376613
23, 278, 1.378316
23, 279, 1.376613
23, 283, 1.376613
23, 284, 1.378316
23, 556, 1.376613
23, 566, 1.376613
24, 290, 1.378316
24, 291, 1.376613
24, 292, 1.376613
24, 293, 1.378316
24, 590, 1.376613
24, 593, 1.376613
25, 309, 1.376613
25, 310, 1.378316
25, 325, 1.378316
25, 326, 1.376613
25, 536, 1.376613
25, 539, 1.376613
26, 316, 1.378316
26, 317, 1.376613
26, 318, 1.376613
26, 319, 1.378316
26, 574, 1.376613
26, 584, 1.376613
27, 337, 1.376613
27, 338, 1.378316
27, 355, 1.378316
27, 356, 1.376613
27, 626, 1.376613
27, 629, 1.376613
28, 334, 1.378316
28, 335, 1.376613
28, 339, 1.376613
28, 340, 1.378316
28, 610, 1.376613
28, 620, 1.376613
29, 346, 1.378316
29, 347, 1.376613
29, 348, 1.376613
29, 349, 1.378316
29, 375, 1.376613
29, 376, 1.376613
30, 367, 1.376613
30, 368, 1.378316
30, 381, 1.378316
30, 382, 1.376613
30, 572, 1.376613
30, 575, 1.376613
31, 364, 1.378316
31, 365, 1.376613
31, 369, 1.376613
31, 370, 1.378316
31, 592, 1.376613
31, 602, 1.376613
32, 393, 1.376613
32, 394, 1.378316
32, 411, 1.378316
32, 412, 1.376613
32, 507, 1.376613
32, 508, 1.376613
33, 390, 1.378316
33, 391, 1.376613
33, 395, 1.376613
33, 396, 1.378316
33, 543, 1.376613
33, 544, 1.376613
34, 402, 1.378316
34, 403, 1.376613
34, 404, 1.376613
34, 405, 1.378316
34, 431, 1.376613
34, 432, 1.376613
35, 423, 1.376613
35, 424, 1.378316
35, 437, 1.378316
35, 438, 1.376613
35, 579, 1.376613
35, 580, 1.376613
36, 420, 1.378316
36, 421, 1.376613
36, 425, 1.376613
36, 426, 1.378316
36, 615, 1.376613
36, 616, 1.376613
37, 449, 1.376613
37, 450, 1.378316
37, 467, 1.378316
37, 468, 1.376613
37, 561, 1.376613
37, 562, 1.376613
38, 446, 1.378316
38, 447, 1.376613
38, 451, 1.376613
38, 452, 1.378316
38, 525, 1.376613
38, 526, 1.376613
39, 458, 1.378316
39, 459, 1.376613
39, 460, 1.376613
39, 461, 1.378316
39, 487, 1.376613
39, 488, 1.376613
40, 479, 1.376613
40, 480, 1.378316
40, 493, 1.378316
40, 494, 1.376613
40, 633, 1.376613
40, 634, 1.376613
41, 476, 1.378316
41, 477, 1.376613
41, 481, 1.376613
41, 482, 1.378316
41, 597, 1.376613
41, 598, 1.376613
42, 162, 1.208115
42, 164, 1.332242
42, 168, 1.265058
42, 170, 1.316534
42, 552, 1.332242
42, 553, 1.265058
43, 163, 1.208115
43, 164, 1.332242
43, 165, 1.265058
43, 166, 1.316534
43, 534, 1.332242
43, 537, 1.265058
44, 165, 1.392957
44, 167, 1.447909
44, 168, 1.392957
44, 169, 1.447909
44, 189, 1.467019
44, 191, 1.467019
45, 171, 1.447909
45, 173, 1.392957
45, 177, 1.392957
45, 179, 1.447909
45, 189, 1.467019
45, 190, 1.467019
46, 172, 1.316534
46, 173, 1.265058
46, 174, 1.332242
46, 175, 1.208115
46, 546, 1.332242
46, 547, 1.265058
47, 174, 1.332242
47, 176, 1.208115
47, 177, 1.265058
47, 178, 1.316534
47, 209, 1.265058
47, 210, 1.332242
48, 180, 1.447909
48, 182, 1.392957
48, 186, 1.392957
48, 188, 1.447909
48, 190, 1.467019
48, 191, 1.467019
49, 181, 1.316534
49, 182, 1.265058
49, 183, 1.332242
49, 184, 1.208115
49, 204, 1.332242
49, 206, 1.265058
50, 183, 1.332242
50, 185, 1.208115
50, 186, 1.265058
50, 187, 1.316534
50, 558, 1.265058
50, 559, 1.332242
51, 192, 1.208115
51, 194, 1.332242
51, 198, 1.265058
51, 200, 1.316534
51, 498, 1.332242
51, 499, 1.265058
52, 193, 1.208115
52, 194, 1.332242
52, 195, 1.265058
52, 196, 1.316534
52, 516, 1.332242
52, 519, 1.265058
53, 195, 1.392957
53, 197, 1.447909
53, 198, 1.392957
53, 199, 1.447909
53, 215, 1.467019
53, 217, 1.467019
54, 201, 1.447909
54, 203, 1.392957
54, 206, 1.392957
54, 207, 1.447909
54, 215, 1.467019
54, 216, 1.467019
55, 202, 1.316534
55, 203, 1.265058
55, 204, 1.332242
55, 205, 1.208115
55, 528, 1.332242
55, 529, 1.265058
56, 208, 1.447909
56, 209, 1.392957
56, 212, 1.392957
56, 214, 1.447909
56, 216, 1.467019
56, 217, 1.467019
57, 210, 1.332242
57, 211, 1.208115
57, 212, 1.265058
57, 213, 1.316534
57, 504, 1.265058
57, 505, 1.332242
58, 218, 1.208115
58, 220, 1.332242
58, 224, 1.265058
58, 226, 1.316534
58, 249, 1.332242
58, 250, 1.265058
59, 219, 1.208115
59, 220, 1.332242
59, 221, 1.265058
59, 222, 1.316534
59, 498, 1.332242
59, 501, 1.265058
60, 221, 1.392957
60, 223, 1.447909
60, 224, 1.392957
60, 225, 1.447909
60, 245, 1.467019
60, 247, 1.467019
61, 227, 1.447909
61, 229, 1.392957
61, 233, 1.392957
61, 235, 1.447909
61, 245, 1.467019
61, 246, 1.467019
62, 228, 1.316534
62, 229, 1.265058
62, 230, 1.332242
62, 231, 1.208115
62, 510, 1.332242
62, 511, 1.265058
63, 230, 1.332242
63, 232, 1.208115
63, 233, 1.265058
63, 234, 1.316534
63, 612, 1.265058
63, 613, 1.332242
64, 236, 1.447909
64, 238, 1.392957
64, 242, 1.392957
64, 244, 1.447909
64, 246, 1.467019
64, 247, 1.467019
65, 237, 1.316534
65, 238, 1.265058
65, 239, 1.332242
65, 240, 1.208115
65, 606, 1.332242
65, 607, 1.265058
66, 239, 1.332242
66, 241, 1.208115
66, 242, 1.265058
66, 243, 1.316534
66, 256, 1.265058
66, 257, 1.332242
67, 248, 1.208115
67, 249, 1.332242
67, 252, 1.265058
67, 254, 1.316534
67, 516, 1.332242
67, 517, 1.265058
68, 250, 1.392957
68, 251, 1.447909
68, 252, 1.392957
68, 253, 1.447909
68, 271, 1.467019
68, 273, 1.467019
69, 255, 1.447909
69, 256, 1.392957
69, 259, 1.392957
69, 261, 1.447909
69, 271, 1.467019
69, 272, 1.467019
70, 257, 1.332242
70, 258, 1.208115
70, 259, 1.265058
70, 260, 1.316534
70, 624, 1.332242
70, 627, 1.265058
71, 262, 1.447909
71, 264, 1.392957
71, 268, 1.392957
71, 270, 1.447909
71, 272, 1.467019
71, 273, 1.467019
72, 263, 1.316534
72, 264, 1.265058
72, 265, 1.332242
72, 266, 1.208115
72, 636, 1.332242
72, 637, 1.265058
73, 265, 1.332242
73, 267, 1.208115
73, 268, 1.265058
73, 269, 1.316534
73, 522, 1.265058
73, 523, 1.332242
74, 274, 1.208115
74, 276, 1.332242
74, 280, 1.265058
74, 282, 1.316534
74, 305, 1.332242
74, 306, 1.265058
75, 275, 1.208115
75, 276, 1.332242
75, 277, 1.265058
75, 278, 1.316534
75, 552, 1.332242
75, 555, 1.265058
76, 277, 1.392957
76, 279, 1.447909
76, 280, 1.392957
76, 281, 1.447909
76, 301, 1.467019
76, 303, 1.467019
77, 283, 1.447909
77, 285, 1.392957
77, 289, 1.392957
77, 291, 1.447909
77, 301, 1.467019
77, 302, 1.467019
78, 284, 1.316534
78, 285, 1.265058
78, 286, 1.332242
78, 287, 1.208115
78, 564, 1.332242
78, 565, 1.265058
79, 286, 1.332242
79, 288, 1.208115
79, 289, 1.265058
79, 290, 1.316534
79, 594, 1.265058
79, 595, 1.332242
80, 292, 1.447909
80, 294, 1.392957
80, 298, 1.392957
80, 300, 1.447909
80, 302, 1.467019
80, 303, 1.467019
81, 293, 1.316534
81, 294, 1.265058
81, 295, 1.332242
81, 296, 1.208115
81, 588, 1.332242
81, 589, 1.265058
82, 295, 1.332242
82, 297, 1.208115
82, 298, 1.265058
82, 299, 1.316534
82, 312, 1.265058
82, 313, 1.332242
83, 304, 1.208115
83, 305, 1.332242
83, 308, 1.265058
83, 310, 1.316534
83, 534, 1.332242
83, 535, 1.265058
84, 306, 1.392957
84, 307, 1.447909
84, 308, 1.392957
84, 309, 1.447909
84, 327, 1.467019
84, 329, 1.467019
85, 311, 1.447909
85, 312, 1.392957
85, 315, 1.392957
85, 317, 1.447909
85, 327, 1.467019
85, 328, 1.467019
86, 313, 1.332242
86, 314, 1.208115
86, 315, 1.265058
86, 316, 1.316534
86, 570, 1.332242
86, 573, 1.265058
87, 318, 1.447909
87, 320, 1.392957
87, 324, 1.392957
87, 326, 1.447909
87, 328, 1.467019
87, 329, 1.467019
88, 319, 1.316534
88, 320, 1.265058
88, 321, 1.332242
88, 322, 1.208115
88, 582, 1.332242
88, 583, 1.265058
89, 321, 1.332242
89, 323, 1.208115
89, 324, 1.265058
89, 325, 1.316534
89, 540, 1.265058
89, 541, 1.332242
90, 330, 1.208115
90, 332, 1.332242
90, 336, 1.265058
90, 338, 1.316534
90, 624, 1.332242
90, 625, 1.265058
91, 331, 1.208115
91, 332, 1.332242
91, 333, 1.265058
91, 334, 1.316534
91, 606, 1.332242
91, 609, 1.265058
92, 333, 1.392957
92, 335, 1.447909
92, 336, 1.392957
92, 337, 1.447909
92, 357, 1.467019
92, 359, 1.467019
93, 339, 1.447909
93, 341, 1.392957
93, 345, 1.392957
93, 347, 1.447909
93, 357, 1.467019
93, 358, 1.467019
94, 340, 1.316534
94, 341, 1.265058
94, 342, 1.332242
94, 343, 1.208115
94, 618, 1.332242
94, 619, 1.265058
95, 342, 1.332242
95, 344, 1.208115
95, 345, 1.265058
95, 346, 1.316534
95, 377, 1.265058
95, 378, 1.332242
96, 348, 1.447909
96, 350, 1.392957
96, 354, 1.392957
96, 356, 1.447909
96, 358, 1.467019
96, 359, 1.467019
97, 349, 1.316534
97, 350, 1.265058
97, 351, 1.332242
97, 352, 1.208115
97, 372, 1.332242
97, 374, 1.265058
98, 351, 1.332242
98, 353, 1.208115
98, 354, 1.265058
98, 355, 1.316534
98, 630, 1.265058
98, 631, 1.332242
99, 360, 1.208115
99, 362, 1.332242
99, 366, 1.265058
99, 368, 1.316534
99, 570, 1.332242
99, 571, 1.265058
100, 361, 1.208115
100, 362, 1.332242
100, 363, 1.265058
100, 364, 1.316534
100, 588, 1.332242
100, 591, 1.265058
101, 363, 1.392957
101, 365, 1.447909
101, 366, 1.392957
101, 367, 1.447909
101, 383, 1.467019
101, 385, 1.467019
102, 369, 1.447909
102, 371, 1.392957
102, 374, 1.392957
102, 375, 1.447909
102, 383, 1.467019
102, 384, 1.467019
103, 370, 1.316534
103, 371, 1.265058
103, 372, 1.332242
103, 373, 1.208115
103, 600, 1.332242
103, 601, 1.265058
104, 376, 1.447909
104, 377, 1.392957
104, 380, 1.392957
104, 382, 1.447909
104, 384, 1.467019
104, 385, 1.467019
105, 378, 1.332242
105, 379, 1.208115
105, 380, 1.265058
105, 381, 1.316534
105, 576, 1.265058
105, 577, 1.332242
106, 386, 1.208115
106, 388, 1.332242
106, 392, 1.265058
106, 394, 1.316534
106, 505, 1.332242
106, 506, 1.265058
107, 387, 1.208115
107, 388, 1.332242
107, 389, 1.265058
107, 390, 1.316534
107, 545, 1.265058
107, 546, 1.332242
108, 389, 1.392957
108, 391, 1.447909
108, 392, 1.392957
108, 393, 1.447909
108, 413, 1.467019
108, 415, 1.467019
109, 395, 1.447909
109, 397, 1.392957
109, 401, 1.392957
109, 403, 1.447909
109, 413, 1.467019
109, 414, 1.467019
110, 396, 1.316534
110, 397, 1.265058
110, 398, 1.332242
110, 399, 1.208115
110, 541, 1.332242
110, 542, 1.265058
111, 398, 1.332242
111, 400, 1.208115
111, 401, 1.265058
111, 402, 1.316534
111, 433, 1.265058
111, 434, 1.332242
112, 404, 1.447909
112, 406, 1.392957
112, 410, 1.392957
112, 412, 1.447909
112, 414, 1.467019
112, 415, 1.467019
113, 405, 1.316534
113, 406, 1.265058
113, 407, 1.332242
113, 408, 1.208115
113, 428, 1.332242
113, 430, 1.265058
114, 407, 1.332242
114, 409, 1.208115
114, 410, 1.265058
114, 411, 1.316534
114, 509, 1.265058
114, 510, 1.332242
115, 416, 1.208115
115, 418, 1.332242
115, 422, 1.265058
115, 424, 1.316534
115, 577, 1.332242
115, 578, 1.265058
116, 417, 1.208115
116, 418, 1.332242
116, 419, 1.265058
116, 420, 1.316534
116, 617, 1.265058
116, 618, 1.332242
117, 419, 1.392957
117, 421, 1.447909
117, 422, 1.392957
117, 423, 1.447909
117, 439, 1.467019
117, 441, 1.467019
118, 425, 1.447909
118, 427, 1.392957
118, 430, 1.392957
118, 431, 1.447909
118, 439, 1.467019
118, 440, 1.467019
119, 426, 1.316534
119, 427, 1.265058
119, 428, 1.332242
119, 429, 1.208115
119, 613, 1.332242
119, 614, 1.265058
120, 432, 1.447909
120, 433, 1.392957
120, 436, 1.392957
120, 438, 1.447909
120, 440, 1.467019
120, 441, 1.467019
121, 434, 1.332242
121, 435, 1.208115
121, 436, 1.265058
121, 437, 1.316534
121, 581, 1.265058
121, 582, 1.332242
122, 442, 1.208115
122, 444, 1.332242
122, 448, 1.265058
122, 450, 1.316534
122, 559, 1.332242
122, 560, 1.265058
123, 443, 1.208115
123, 444, 1.332242
123, 445, 1.265058
123, 446, 1.316534
123, 527, 1.265058
123, 528, 1.332242
124, 445, 1.392957
124, 447, 1.447909
124, 448, 1.392957
124, 449, 1.447909
124, 469, 1.467019
124, 471, 1.467019
125, 451, 1.447909
125, 453, 1.392957
125, 457, 1.392957
125, 459, 1.447909
125, 469, 1.467019
125, 470, 1.467019
126, 452, 1.316534
126, 453, 1.265058
126, 454, 1.332242
126, 455, 1.208115
126, 523, 1.332242
126, 524, 1.265058
127, 454, 1.332242
127, 456, 1.208115
127, 457, 1.265058
127, 458, 1.316534
127, 489, 1.265058
127, 490, 1.332242
128, 460, 1.447909
128, 462, 1.392957
128, 466, 1.392957
128, 468, 1.447909
128, 470, 1.467019
128, 471, 1.467019
129, 461, 1.316534
129, 462, 1.265058
129, 463, 1.332242
129, 464, 1.208115
129, 484, 1.332242
129, 486, 1.265058
130, 463, 1.332242
130, 465, 1.208115
130, 466, 1.265058
130, 467, 1.316534
130, 563, 1.265058
130, 564, 1.332242
131, 472, 1.208115
131, 474, 1.332242
131, 478, 1.265058
131, 480, 1.316534
131, 631, 1.332242
131, 632, 1.265058
132, 473, 1.208115
132, 474, 1.332242
132, 475, 1.265058
132, 476, 1.316534
132, 599, 1.265058
132, 600, 1.332242
133, 475, 1.392957
133, 477, 1.447909
133, 478, 1.392957
133, 479, 1.447909
133, 495, 1.467019
133, 497, 1.467019
134, 481, 1.447909
134, 483, 1.392957
134, 486, 1.392957
134, 487, 1.447909
134, 495, 1.467019
134, 496, 1.467019
135, 482, 1.316534
135, 483, 1.265058
135, 484, 1.332242
135, 485, 1.208115
135, 595, 1.332242
135, 596, 1.265058
136, 488, 1.447909
136, 489, 1.392957
136, 492, 1.392957
136, 494, 1.447909
136, 496, 1.467019
136, 497, 1.467019
137, 490, 1.332242
137, 491, 1.208115
137, 492, 1.265058
137, 493, 1.316534
137, 635, 1.265058
137, 636, 1.332242
138, 499, 1.392957
138, 500, 1.447909
138, 501, 1.392957
138, 502, 1.447909
138, 513, 1.467019
138, 515, 1.467019
139, 503, 1.447909
139, 504, 1.392957
139, 506, 1.392957
139, 507, 1.447909
139, 513, 1.467019
139, 514, 1.467019
140, 508, 1.447909
140, 509, 1.392957
140, 511, 1.392957
140, 512, 1.447909
140, 514, 1.467019
140, 515, 1.467019
141, 517, 1.392957
141, 518, 1.447909
141, 519, 1.392957
141, 520, 1.447909
141, 531, 1.467019
141, 533, 1.467019
142, 521, 1.447909
142, 522, 1.392957
142, 524, 1.392957
142, 525, 1.447909
142, 531, 1.467019
142, 532, 1.467019
143, 526, 1.447909
143, 527, 1.392957
143, 529, 1.392957
143, 530, 1.447909
143, 532, 1.467019
143, 533, 1.467019
144, 535, 1.392957
144, 536, 1.447909
144, 537, 1.392957
144, 538, 1.447909
144, 549, 1.467019
144, 551, 1.467019
145, 539, 1.447909
145, 540, 1.392957
145, 542, 1.392957
145, 543, 1.447909
145, 549, 1.467019
145, 550, 1.467019
146, 544, 1.447909
146, 545, 1.392957
146, 547, 1.392957
146, 548, 1.447909
146, 550, 1.467019
146, 551, 1.467019
147, 553, 1.392957
147, 554, 1.447909
147, 555, 1.392957
147, 556, 1.447909
147, 567, 1.467019
147, 569, 1.467019
148, 557, 1.447909
148, 558, 1.392957
148, 560, 1.392957
148, 561, 1.447909
148, 567, 1.467019
148, 568, 1.467019
149, 562, 1.447909
149, 563, 1.392957
149, 565, 1.392957
149, 566, 1.447909
149, 568, 1.467019
149, 569, 1.467019
150, 571, 1.392957
150, 572, 1.447909
150, 573, 1.392957
150, 574, 1.447909
150, 585, 1.467019
150, 587, 1.467019
151, 575, 1.447909
151, 576, 1.392957
151, 578, 1.392957
151, 579, 1.447909
151, 585, 1.467019
151, 586, 1.467019
152, 580, 1.447909
152, 581, 1.392957
152, 583, 1.392957
152, 584, 1.447909
152, 586, 1.467019
152, 587, 1.467019
153, 589, 1.392957
153, 590, 1.447909
153, 591, 1.392957
153, 592, 1.447909
153, 603, 1.467019
153, 605, 1.467019
154, 593, 1.447909
154, 594, 1.392957
154, 596, 1.392957
154, 597, 1.447909
154, 603, 1.467019
154, 604, 1.467019
155, 598, 1.447909
155, 599, 1.392957
155, 601, 1.392957
155, 602, 1.447909
155, 604, 1.467019
155, 605, 1.467019
156, 607, 1.392957
156, 608, 1.447909
156, 609, 1.392957
156, 610, 1.447909
156, 621, 1.467019
156, 623, 1.467019
157, 611, 1.447909
157, 612, 1.392957
157, 614, 1.392957
157, 615, 1.447909
157, 621, 1.467019
157, 622, 1.467019
158, 616, 1.447909
158, 617, 1.392957
158, 619, 1.392957
158, 620, 1.447909
158, 622, 1.467019
158, 623, 1.467019
159, 625, 1.392957
159, 626, 1.447909
159, 627, 1.392957
159, 628, 1.447909
159, 639, 1.467019
159, 641, 1.467019
160, 629, 1.447909
160, 630, 1.392957
160, 632, 1.392957
160, 633, 1.447909
160, 639, 1.467019
160, 640, 1.467019
161, 634, 1.447909
161, 635, 1.392957
161, 637, 1.392957
161, 638, 1.447909
161, 640, 1.467019
161, 641, 1.467019
162, 163, 1.261631
162, 164, 1.173003
162, 275, 1.261631
162, 552, 1.173003
163, 164, 1.173003
163, 304, 1.261631
163, 534, 1.173003
164, 165, 1.309291
164, 168, 1.309291
165, 166, 1.374071
165, 167, 1.407254
165, 168, 1.407478
166, 167, 1.337620
166, 537, 1.374071
166, 538, 1.337620
167, 171, 1.443217
167, 189, 1.442962
168, 169, 1.407254
168, 170, 1.374071
169, 170, 1.337620
169, 188, 1.443217
169, 191, 1.442962
170, 553, 1.374071
170, 554, 1.337620
171, 172, 1.337620
171, 173, 1.407254
171, 189, 1.442962
172, 173, 1.374071
172, 547, 1.374071
172, 548, 1.337620
173, 174, 1.309291
173, 177, 1.407478
174, 175, 1.173003
174, 176, 1.173003
174, 177, 1.309291
175, 176, 1.261631
175, 387, 1.261631
175, 546, 1.173003
176, 210, 1.173003
176, 211, 1.261631
177, 178, 1.374071
177, 179, 1.407254
178, 179, 1.337619
178, 208, 1.337619
178, 209, 1.374071
179, 180, 1.443217
179, 190, 1.442962
180, 181, 1.337619
180, 182, 1.407254
180, 190, 1.442962
181, 182, 1.374071
181, 206, 1.374071
181, 207, 1.337619
182, 183, 1.309291
182, 186, 1.407478
183, 184, 1.173003
183, 185, 1.173003
183, 186, 1.309291
184, 185, 1.261631
184, 204, 1.173003
184, 205, 1.261631
185, 442, 1.261631
185, 559, 1.173003
186, 187, 1.374071
186, 188, 1.407254
187, 188, 1.337620
187, 557, 1.337620
187, 558, 1.374071
188, 191, 1.442962
189, 190, 1.481825
189, 191, 1.481825
190, 191, 1.481825
192, 193, 1.261631
192, 194, 1.173003
192, 219, 1.261631
192, 498, 1.173003
193, 194, 1.173003
193, 248, 1.261631
193, 516, 1.173003
194, 195, 1.309291
194, 198, 1.309291
195, 196, 1.374071
195, 197, 1.407254
195, 198, 1.407478
196, 197, 1.337620
196, 519, 1.374071
196, 520, 1.337620
197, 201, 1.443217
197, 215, 1.442962
198, 199, 1.407254
198, 200, 1.374071
199, 200, 1.337620
199, 214, 1.443217
199, 217, 1.442962
200, 499, 1.374071
200, 500, 1.337620
201, 202, 1.337620
201, 203, 1.407254
201, 215, 1.442962
202, 203, 1.374071
202, 529, 1.374071
202, 530, 1.337620
203, 204, 1.309291
203, 206, 1.407478
204, 205, 1.173003
204, 206, 1.309291
205, 443, 1.261631
205, 528, 1.173003
206, 207, 1.407254
207, 208, 1.443217
207, 216, 1.442962
208, 209, 1.407254
208, 216, 1.442962
209, 210, 1.309291
209, 212, 1.407478
210, 211, 1.173003
210, 212, 1.309291
211, 386, 1.261631
211, 505, 1.173003
212, 213, 1.374071
212, 214, 1.407254
213, 214, 1.337620
213, 503, 1.337620
213, 504, 1.374071
214, 217, 1.442962
215, 216, 1.481825
215, 217, 1.481825
216, 217, 1.481825
218, 219, 1.261631
218, 220, 1.173003
218, 248, 1.261631
218, 249, 1.173003
219, 220, 1.173003
219, 498, 1.173003
220, 221, 1.309291
220, 224, 1.309291
221, 222, 1.374071
221, 223, 1.407254
221, 224, 1.407478
222, 223, 1.337620
222, 501, 1.374071
222, 502, 1.337619
223, 227, 1.443217
223, 245, 1.442962
224, 225, 1.407254
224, 226, 1.374071
225, 226, 1.337619
225, 244, 1.443217
225, 247, 1.442962
226, 250, 1.374071
226, 251, 1.337619
227, 228, 1.337620
227, 229, 1.407254
227, 245, 1.442962
228, 229, 1.374071
228, 511, 1.374071
228, 512, 1.337620
229, 230, 1.309291
229, 233, 1.407478
230, 231, 1.173003
230, 232, 1.173003
230, 233, 1.309291
231, 232, 1.261631
231, 409, 1.261631
231, 510, 1.173003
232, 429, 1.261631
232, 613, 1.173003
233, 234, 1.374071
233, 235, 1.407254
234, 235, 1.337620
234, 611, 1.337620
234, 612, 1.374071
235, 236, 1.443217
235, 246, 1.442962
236, 237, 1.337620
236, 238, 1.407254
236, 246, 1.442962
237, 238, 1.374071
237, 607, 1.374071
237, 608, 1.337619
238, 239, 1.309291
238, 242, 1.407478
239, 240, 1.173003
239, 241, 1.173003
239, 242, 1.309291
240, 241, 1.261631
240, 331, 1.261631
240, 606, 1.173003
241, 257, 1.173003
241, 258, 1.261631
242, 243, 1.374071
242, 244, 1.407254
243, 244, 1.337619
243, 255, 1.337619
243, 256, 1.374071
244, 247, 1.442962
245, 246, 1.481825
245, 247, 1.481825
246, 247, 1.481825
248, 249, 1.173003
248, 516, 1.173003
249, 250, 1.309291
249, 252, 1.309291
250, 251, 1.407254
250, 252, 1.407478
251, 255, 1.443217
251, 271, 1.442962
252, 253, 1.407254
252, 254, 1.374071
253, 254, 1.337620
253, 270, 1.443217
253, 273, 1.442962
254, 517, 1.374071
254, 518, 1.337619
255, 256, 1.407254
255, 271, 1.442962
256, 257, 1.309291
256, 259, 1.407478
257, 258, 1.173003
257, 259, 1.309291
258, 330, 1.261631
258, 624, 1.173003
259, 260, 1.374071
259, 261, 1.407254
260, 261, 1.337620
260, 627, 1.374071
260, 628, 1.337619
261, 262, 1.443217
261, 272, 1.442962
262, 263, 1.337620
262, 264, 1.407254
262, 272, 1.442962
263, 264, 1.374071
263, 637, 1.374071
263, 638, 1.337620
264, 265, 1.309291
264, 268, 1.407478
265, 266, 1.173003
265, 267, 1.173003
265, 268, 1.309291
266, 267, 1.261631
266, 491, 1.261631
266, 636, 1.173003
267, 455, 1.261631
267, 523, 1.173003
268, 269, 1.374071
268, 270, 1.407254
269, 270, 1.337620
269, 521, 1.337620
269, 522, 1.374071
270, 273, 1.442962
271, 272, 1.481825
271, 273, 1.481825
272, 273, 1.481825
274, 275, 1.261631
274, 276, 1.173003
274, 304, 1.261631
274, 305, 1.173003
275, 276, 1.173003
275, 552, 1.173003
276, 277, 1.309291
276, 280, 1.309291
277, 278, 1.374071
277, 279, 1.407254
277, 280, 1.407478
278, 279, 1.337620
278, 555, 1.374071
278, 556, 1.337619
279, 283, 1.443217
279, 301, 1.442962
280, 281, 1.407254
280, 282, 1.374071
281, 282, 1.337619
281, 300, 1.443217
281, 303, 1.442962
282, 306, 1.374071
282, 307, 1.337619
283, 284, 1.337620
283, 285, 1.407254
283, 301, 1.442962
284, 285, 1.374071
284, 565, 1.374071
284, 566, 1.337620
285, 286, 1.309291
285, 289, 1.407478
286, 287, 1.173003
286, 288, 1.173003
286, 289, 1.309291
287, 288, 1.261631
287, 465, 1.261631
287, 564, 1.173003
288, 485, 1.261631
288, 595, 1.173003
289, 290, 1.374071
289, 291, 1.407254
290, 291, 1.337620
290, 593, 1.337620
290, 594, 1.374071
291, 292, 1.443217
291, 302, 1.442962
292, 293, 1.337620
292, 294, 1.407254
292, 302, 1.442962
293, 294, 1.374071
293, 589, 1.374071
293, 590, 1.337619
294, 295, 1.309291
294, 298, 1.407478
295, 296, 1.173003
295, 297, 1.173003
295, 298, 1.309291
296, 297, 1.261631
296, 361, 1.261631
296, 588, 1.173003
297, 313, 1.173003
297, 314, 1.261631
298, 299, 1.374071
298, 300, 1.407254
299, 300, 1.337619
299, 311, 1.337619
299, 312, 1.374071
300, 303, 1.442962
301, 302, 1.481825
301, 303, 1.481825
302, 303, 1.481825
304, 305, 1.173003
304, 534, 1.173003
305, 306, 1.309291
305, 308, 1.309291
306, 307, 1.407254
306, 308, 1.407478
307, 311, 1.443217
307, 327, 1.442962
308, 309, 1.407254
308, 310, 1.374071
309, 310, 1.337620
309, 326, 1.443217
309, 329, 1.442962
310, 535, 1.374071
310, 536, 1.337619
311, 312, 1.407254
311, 327, 1.442962
312, 313, 1.309291
312, 315, 1.407478
313, 314, 1.173003
313, 315, 1.309291
314, 360, 1.261631
314, 570, 1.173003
315, 316, 1.374071
315, 317, 1.407254
316, 317, 1.337620
316, 573, 1.374071
316, 574, 1.337619
317, 318, 1.443217
317, 328, 1.442962
318, 319, 1.337620
318, 320, 1.407254
318, 328, 1.442962
319, 320, 1.374071
319, 583, 1.374071
319, 584, 1.337620
320, 321, 1.309291
320, 324, 1.407478
321, 322, 1.173003
321, 323, 1.173003
321, 324, 1.309291
322, 323, 1.261631
322, 435, 1.261631
322, 582, 1.173003
323, 399, 1.261631
323, 541, 1.173003
324, 325, 1.374071
324, 326, 1.407254
325, 326, 1.337620
325, 539, 1.337620
325, 540, 1.374071
326, 329, 1.442962
327, 328, 1.481825
327, 329, 1.481825
328, 329, 1.481825
330, 331, 1.261631
330, 332, 1.173003
330, 624, 1.173003
331, 332, 1.173003
331, 606, 1.173003
332, 333, 1.309291
332, 336, 1.309291
333, 334, 1.374071
333, 335, 1.407254
333, 336, 1.407478
334, 335, 1.337620
334, 609, 1.374071
334, 610, 1.337620
335, 339, 1.443217
335, 357, 1.442962
336, 337, 1.407254
336, 338, 1.374071
337, 338, 1.337620
337, 356, 1.443217
337, 359, 1.442962
338, 625, 1.374071
338, 626, 1.337620
339, 340, 1.337620
339, 341, 1.407254
339, 357, 1.442962
340, 341, 1.374071
340, 619, 1.374071
340, 620, 1.337620
341, 342, 1.309291
341, 345, 1.407478
342, 343, 1.173003
342, 344, 1.173003
342, 345, 1.309291
343, 344, 1.261631
343, 417, 1.261631
343, 618, 1.173003
344, 378, 1.173003
344, 379, 1.261631
345, 346, 1.374071
345, 347, 1.407254
346, 347, 1.337619
346, 376, 1.337619
346, 377, 1.374071
347, 348, 1.443217
347, 358, 1.442962
348, 349, 1.337619
348, 350, 1.407254
348, 358, 1.442962
349, 350, 1.374071
349, 374, 1.374071
349, 375, 1.337619
350, 351, 1.309291
350, 354, 1.407478
351, 352, 1.173003
351, 353, 1.173003
351, 354, 1.309291
352, 353, 1.261631
352, 372, 1.173003
352, 373, 1.261631
353, 472, 1.261631
353, 631, 1.173003
354, 355, 1.374071
354, 356, 1.407254
355, 356, 1.337620
355, 629, 1.337620
355, 630, 1.374071
356, 359, 1.442962
357, 358, 1.481825
357, 359, 1.481825
358, 359, 1.481825
360, 361, 1.261631
360, 362, 1.173003
360, 570, 1.173003
361, 362, 1.173003
361, 588, 1.173003
362, 363, 1.309291
362, 366, 1.309291
363, 364, 1.374071
363, 365, 1.407254
363, 366, 1.407478
364, 365, 1.337620
364, 591, 1.374071
364, 592, 1.337620
365, 369, 1.443217
365, 383, 1.442962
366, 367, 1.407254
366, 368, 1.374071
367, 368, 1.337620
367, 382, 1.443217
367, 385, 1.442962
368, 571, 1.374071
368, 572, 1.337620
369, 370, 1.337620
369, 371, 1.407254
369, 383, 1.442962
370, 371, 1.374071
370, 601, 1.374071
370, 602, 1.337620
371, 372, 1.309291
371, 374, 1.407478
372, 373, 1.173003
372, 374, 1.309291
373, 473, 1.261631
373, 600, 1.173003
374, 375, 1.407254
375, 376, 1.443217
375, 384, 1.442962
376, 377, 1.407254
376, 384, 1.442962
377, 378, 1.309291
377, 380, 1.407478
378, 379, 1.173003
378, 380, 1.309291
379, 416, 1.261631
379, 577, 1.173003
380, 381, 1.374071
380, 382, 1.407254
381, 382, 1.337620
381, 575, 1.337620
381, 576, 1.374071
382, 385, 1.442962
383, 384, 1.481825
383, 385, 1.481825
384, 385, 1.481825
386, 387, 1.261631
386, 388, 1.173003
386, 505, 1.173003
387, 388, 1.173003
387, 546, 1.173003
388, 389, 1.309291
388, 392, 1.309291
389, 390, 1.374071
389, 391, 1.407254
389, 392, 1.407478
390, 391, 1.337620
390, 544, 1.337620
390, 545, 1.374071
391, 395, 1.443217
391, 413, 1.442962
392, 393, 1.407254
392, 394, 1.374071
393, 394, 1.337620
393, 412, 1.443217
393, 415, 1.442962
394, 506, 1.374071
394, 507, 1.337620
395, 396, 1.337620
395, 397, 1.407254
395, 413, 1.442962
396, 397, 1.374071
396, 542, 1.374071
396, 543, 1.337619
397, 398, 1.309291
397, 401, 1.407478
398, 399, 1.173003
398, 400, 1.173003
398, 401, 1.309291
399, 400, 1.261631
399, 541, 1.173003
400, 434, 1.173003
400, 435, 1.261631
401, 402, 1.374071
401, 403, 1.407254
402, 403, 1.337619
402, 432, 1.337619
402, 433, 1.374071
403, 404, 1.443217
403, 414, 1.442962
404, 405, 1.337619
404, 406, 1.407254
404, 414, 1.442962
405, 406, 1.374071
405, 430, 1.374071
405, 431, 1.337619
406, 407, 1.309291
406, 410, 1.407478
407, 408, 1.173003
407, 409, 1.173003
407, 410, 1.309291
408, 409, 1.261631
408, 428, 1.173003
408, 429, 1.261631
409, 510, 1.173003
410, 411, 1.374071
410, 412, 1.407254
411, 412, 1.337620
411, 508, 1.337619
411, 509, 1.374071
412, 415, 1.442962
413, 414, 1.481825
413, 415, 1.481824
414, 415, 1.481825
416, 417, 1.261631
416, 418, 1.173003
416, 577, 1.173003
417, 418, 1.173003
417, 618, 1.173003
418, 419, 1.309291
418, 422, 1.309291
419, 420, 1.374071
419, 421, 1.407254
419, 422, 1.407478
420, 421, 1.337620
420, 616, 1.337620
420, 617, 1.374071
421, 425, 1.443217
421, 439, 1.442962
422, 423, 1.407254
422, 424, 1.374071
423, 424, 1.337620
423, 438, 1.443217
423, 441, 1.442962
424, 578, 1.374071
424, 579, 1.337620
425, 426, 1.337620
425, 427, 1.407254
425, 439, 1.442962
426, 427, 1.374071
426, 614, 1.374071
426, 615, 1.337619
427, 428, 1.309291
427, 430, 1.407478
428, 429, 1.173003
428, 430, 1.309291
429, 613, 1.173003
430, 431, 1.407254
431, 432, 1.443217
431, 440, 1.442962
432, 433, 1.407254
432, 440, 1.442962
433, 434, 1.309291
433, 436, 1.407478
434, 435, 1.173003
434, 436, 1.309291
435, 582, 1.173003
436, 437, 1.374071
436, 438, 1.407254
437, 438, 1.337620
437, 580, 1.337619
437, 581, 1.374071
438, 441, 1.442962
439, 440, 1.481825
439, 441, 1.481824
440, 441, 1.481825
442, 443, 1.261631
442, 444, 1.173003
442, 559, 1.173003
443, 444, 1.173003
443, 528, 1.173003
444, 445, 1.309291
444, 448, 1.309291
445, 446, 1.374071
445, 447, 1.407254
445, 448, 1.407478
446, 447, 1.337620
446, 526, 1.337620
446, 527, 1.374071
447, 451, 1.443217
447, 469, 1.442962
448, 449, 1.407254
448, 450, 1.374071
449, 450, 1.337620
449, 468, 1.443217
449, 471, 1.442962
450, 560, 1.374071
450, 561, 1.337620
451, 452, 1.337620
451, 453, 1.407254
451, 469, 1.442962
452, 453, 1.374071
452, 524, 1.374071
452, 525, 1.337619
453, 454, 1.309291
453, 457, 1.407478
454, 455, 1.173003
454, 456, 1.173003
454, 457, 1.309291
455, 456, 1.261631
455, 523, 1.173003
456, 490, 1.173003
456, 491, 1.261631
457, 458, 1.374071
457, 459, 1.407254
458, 459, 1.337619
458, 488, 1.337619
458, 489, 1.374071
459, 460, 1.443217
459, 470, 1.442962
460, 461, 1.337619
460, 462, 1.407254
460, 470, 1.442962
461, 462, 1.374071
461, 486, 1.374071
461, 487, 1.337619
462, 463, 1.309291
462, 466, 1.407478
463, 464, 1.173003
463, 465, 1.173003
463, 466, 1.309291
464, 465, 1.261631
464, 484, 1.173003
464, 485, 1.261631
465, 564, 1.173003
466, 467, 1.374071
466, 468, 1.407254
467, 468, 1.337620
467, 562, 1.337619
467, 563, 1.374071
468, 471, 1.442962
469, 470, 1.481825
469, 471, 1.481824
470, 471, 1.481825
472, 473, 1.261631
472, 474, 1.173003
472, 631, 1.173003
473, 474, 1.173003
473, 600, 1.173003
474, 475, 1.309291
474, 478, 1.309291
475, 476, 1.374071
475, 477, 1.407254
475, 478, 1.407478
476, 477, 1.337620
476, 598, 1.337620
476, 599, 1.374071
477, 481, 1.443217
477, 495, 1.442962
478, 479, 1.407254
478, 480, 1.374071
479, 480, 1.337620
479, 494, 1.443217
479, 497, 1.442962
480, 632, 1.374071
480, 633, 1.337620
481, 482, 1.337620
481, 483, 1.407254
481, 495, 1.442962
482, 483, 1.374071
482, 596, 1.374071
482, 597, 1.337619
483, 484, 1.309291
483, 486, 1.407478
484, 485, 1.173003
484, 486, 1.309291
485, 595, 1.173003
486, 487, 1.407254
487, 488, 1.443217
487, 496, 1.442962
488, 489, 1.407254
488, 496, 1.442962
489, 490, 1.309291
489, 492, 1.407478
490, 491, 1.173003
490, 492, 1.309291
491, 636, 1.173003
492, 493, 1.374071
492, 494, 1.407254
493, 494, 1.337620
493, 634, 1.337619
493, 635, 1.374071
494, 497, 1.442962
495, 496, 1.481825
495, 497, 1.481824
496, 497, 1.481825
498, 499, 1.309291
498, 501, 1.309291
499, 500, 1.407254
499, 501, 1.407478
500, 503, 1.443217
500, 513, 1.442962
501, 502, 1.407254
502, 512, 1.443217
502, 515, 1.442962
503, 504, 1.407254
503, 513, 1.442962
504, 505, 1.309291
504, 506, 1.407478
505, 506, 1.309291
506, 507, 1.407254
507, 508, 1.443217
507, 514, 1.442962
508, 509, 1.407254
508, 514, 1.442962
509, 510, 1.309291
509, 511, 1.407478
510, 511, 1.309291
511, 512, 1.407254
512, 515, 1.442962
513, 514, 1.481825
513, 515, 1.481825
514, 515, 1.481825
516, 517, 1.309291
516, 519, 1.309291
517, 518, 1.407254
517, 519, 1.407478
518, 521, 1.443217
518, 531, 1.442962
519, 520, 1.407254
520, 530, 1.443217
520, 533, 1.442962
521, 522, 1.407254
521, 531, 1.442962
522, 523, 1.309291
522, 524, 1.407478
523, 524, 1.309291
524, 525, 1.407254
525, 526, 1.443217
525, 532, 1.442962
526, 527, 1.407254
526, 532, 1.442962
527, 528, 1.309291
527, 529, 1.407478
528, 529, 1.309291
529, 530, 1.407254
530, 533, 1.442962
531, 532, 1.481825
531, 533, 1.481825
532, 533, 1.481825
534, 535, 1.309291
534, 537, 1.309291
535, 536, 1.407254
535, 537, 1.407478
536, 539, 1.443217
536, 549, 1.442962
537, 538, 1.407254
538, 548, 1.443217
538, 551, 1.442962
539, 540, 1.407254
539, 549, 1.442962
540, 541, 1.309291
540, 542, 1.407478
541, 542, 1.309291
542, 543, 1.407254
543, 544, 1.443217
543, 550, 1.442962
544, 545, 1.407254
544, 550, 1.442962
545, 546, 1.309291
545, 547, 1.407478
546, 547, 1.309291
547, 548, 1.407254
548, 551, 1.442962
549, 550, 1.481825
549, 551, 1.481825
550, 551, 1.481825
552, 553, 1.309291
552, 555, 1.309291
553, 554, 1.407254
553, 555, 1.407478
554, 557, 1.443217
554, 567, 1.442962
555, 556, 1.407254
556, 566, 1.443217
556, 569, 1.442962
557, 558, 1.407254
557, 567, 1.442962
558, 559, 1.309291
558, 560, 1.407478
559, 560, 1.309291
560, 561, 1.407254
561, 562, 1.443217
561, 568, 1.442962
562, 563, 1.407254
562, 568, 1.442962
563, 564, 1.309291
563, 565, 1.407478
564, 565, 1.309291
565, 566, 1.407254
566, 569, 1.442962
567, 568, 1.481825
567, 569, 1.481825
568, 569, 1.481825
570, 571, 1.309291
570, 573, 1.309291
571, 572, 1.407254
571, 573, 1.407478
572, 575, 1.443217
572, 585, 1.442962
573, 574, 1.407254
574, 584, 1.443217
574, 587, 1.442962
575, 576, 1.407254
575, 585, 1.442962
576, 577, 1.309291
576, 578, 1.407478
577, 578, 1.309291
578, 579, 1.407254
579, 580, 1.443217
579, 586, 1.442962
580, 581, 1.407254
580, 586, 1.442962
581, 582, 1.309291
581, 583, 1.407478
582, 583, 1.309291
583, 584, 1.407254
584, 587, 1.442962
585, 586, 1.481825
585, 587, 1.481825
586, 587, 1.481825
588, 589, 1.309291
588, 591, 1.309291
589, 590, 1.407254
589, 591, 1.407478
590, 593, 1.443217
590, 603, 1.442962
591, 592, 1.407254
592, 602, 1.443217
592, 605, 1.442962
593, 594, 1.407254
593, 603, 1.442962
594, 595, 1.309291
594, 596, 1.407478
595, 596, 1.309291
596, 597, 1.407254
597, 598, 1.443217
597, 604, 1.442962
598, 599, 1.407254
598, 604, 1.442962
599, 600, 1.309291
599, 601, 1.407478
600, 601, 1.309291
601, 602, 1.407254
602, 605, 1.442962
603, 604, 1.481825
603, 605, 1.481825
604, 605, 1.481825
606, 607, 1.309291
606, 609, 1.309291
607, 608, 1.407254
607, 609, 1.407478
608, 611, 1.443217
608, 621, 1.442962
609, 610, 1.407254
610, 620, 1.443217
610, 623, 1.442962
611, 612, 1.407254
611, 621, 1.442962
612, 613, 1.309291
612, 614, 1.407478
613, 614, 1.309291
614, 615, 1.407254
615, 616, 1.443217
615, 622, 1.442962
616, 617, 1.407254
616, 622, 1.442962
617, 618, 1.309291
617, 619, 1.407478
618, 619, 1.309291
619, 620, 1.407254
620, 623, 1.442962
621, 622, 1.481825
621, 623, 1.481825
622, 623, 1.481825
624, 625, 1.309291
624, 627, 1.309291
625, 626, 1.407254
625, 627, 1.407478
626, 629, 1.443217
626, 639, 1.442962
627, 628, 1.407254
628, 638, 1.443217
628, 641, 1.442962
629, 630, 1.407254
629, 639, 1.442962
630, 631, 1.309291
630, 632, 1.407478
631, 632, 1.309291
632, 633, 1.407254
633, 634, 1.443217
633, 640, 1.442962
634, 635, 1.407254
634, 640, 1.442962
635, 636, 1.309291
635, 637, 1.407478
636, 637, 1.309291
637, 638, 1.407254
638, 641, 1.442962
639, 640, 1.481825
639, 641, 1.481825
640, 641, 1.481825
