source_idx: 73
h_value: 2.251263

points:
0.000000, 7.885967, -12.759763, 31.455714
0.000000, 7.885967, 12.759763, 12.799245
0.000000, -7.885967, 12.759763, 15.668176
-7.885967, 12.759763, 0.000000, 27.369931
-7.885967, -12.759763, 0.000000, 31.455714
7.885967, 12.759763, 0.000000, 15.668176
7.885967, -12.759763, 0.000000, 19.753958
0.000000, -7.885967, -12.759763, 34.324645
12.759763, 0.000000, 7.885967, 3.807986
-12.759763, 0.000000, 7.885967, 27.369932
-12.759763, 0.000000, -7.885967, 43.315904
12.759763, 0.000000, -7.885967, 19.753958
4.635255, 12.135255, -7.500000, 23.561945
-4.635255, 12.135255, -7.500000, 30.443781
0.000000, 15.000000, 0.000000, 21.339509
-4.635255, 12.135255, 7.500000, 19.944137
4.635255, 12.135255, 7.500000, 12.310313
0.000000, 0.000000, 15.000000, 12.310313
-7.500000, 4.635255, 12.135255, 19.944137
-7.500000, -4.635255, 12.135255, 21.339509
7.500000, 4.635255, 12.135255, 4.495629
7.500000, -4.635255, 12.135255, 7.908935
0.000000, 0.000000, -15.000000, 34.813576
7.500000, 4.635255, -12.135255, 25.784381
7.500000, -4.635255, -12.135255, 27.179753
-7.500000, 4.635255, -12.135255, 39.214955
-7.500000, -4.635255, -12.135255, 42.628261
4.635255, -12.135255, 7.500000, 16.680109
-4.635255, -12.135255, 7.500000, 23.561945
0.000000, -15.000000, 0.000000, 25.784381
-4.635255, -12.135255, -7.500000, 34.813576
4.635255, -12.135255, -7.500000, 27.179753
-12.135255, 7.500000, 4.635255, 28.057574
-12.135255, 7.500000, -4.635255, 35.544964
-15.000000, 0.000000, 0.000000, 35.544964
-12.135255, -7.500000, -4.635255, 39.214955
-12.135255, -7.500000, 4.635255, 30.443781
12.135255, 7.500000, -4.635255, 16.680109
12.135255, 7.500000, 4.635255, 7.908935
15.000000, 0.000000, 0.000000, 11.578925
12.135255, -7.500000, 4.635255, 11.578925
12.135255, -7.500000, -4.635255, 19.066316
2.214314, 10.225776, -10.748505, 27.851378
-2.214314, 10.225776, -10.748505, 31.306020
0.000000, 12.759762, -7.885966, 27.086694
-2.436898, 14.265847, -3.942983, 25.899664
-6.642941, 12.962818, -3.582835, 28.967180
-4.428627, 14.331339, 0.000000, 24.620626
2.436898, 14.265847, -3.942983, 22.396640
4.428627, 14.331339, 0.000000, 18.156710
6.642941, 12.962818, -3.582835, 19.272512
-2.214314, 10.225776, 10.748505, 15.994742
2.214314, 10.225776, 10.748505, 12.037462
0.000000, 12.759762, 7.885966, 15.984084
2.436898, 14.265847, 3.942983, 16.794550
6.642941, 12.962818, 3.582835, 13.763672
-2.436898, 14.265847, 3.942983, 20.492834
-6.642941, 12.962818, 3.582835, 23.966039
0.000000, 4.428627, 14.331339, 12.037462
-3.582835, 6.642941, 12.962818, 15.994742
-3.942983, 2.436898, 14.265847, 15.984084
-7.885966, 0.000000, 12.759762, 20.492834
-10.748505, 2.214314, 10.225776, 23.966039
-10.748505, -2.214314, 10.225776, 24.620627
-3.942983, -2.436898, 14.265847, 16.794550
-3.582835, -6.642941, 12.962818, 18.156710
0.000000, -4.428627, 14.331339, 13.763672
3.582835, 6.642941, 12.962818, 8.991258
3.942983, 2.436898, 14.265847, 8.012420
3.942983, -2.436898, 14.265847, 9.329583
3.582835, -6.642941, 12.962818, 12.037462
7.885966, 0.000000, 12.759762, 4.434089
10.748505, -2.214314, 10.225776, 4.444871
10.748505, 2.214314, 10.225776, 0.000000
0.000000, 4.428627, -14.331339, 33.360218
3.582835, 6.642941, -12.962818, 28.967180
3.942983, 2.436898, -14.265847, 30.329340
7.885966, 0.000000, -12.759762, 26.631055
10.748505, 2.214314, -10.225776, 22.503263
10.748505, -2.214314, -10.225776, 23.157851
3.942983, -2.436898, -14.265847, 31.139806
3.582835, -6.642941, -12.962818, 31.129147
0.000000, -4.428627, -14.331339, 35.086427
-3.582835, 6.642941, -12.962818, 35.086428
-3.942983, 2.436898, -14.265847, 37.794307
-3.942983, -2.436898, -14.265847, 39.111470
-3.582835, -6.642941, -12.962818, 38.132631
-7.885966, 0.000000, -12.759762, 42.689800
-10.748505, -2.214314, -10.225776, 47.123890
-10.748505, 2.214314, -10.225776, 42.679019
2.214314, -10.225776, 10.748505, 15.817869
-2.214314, -10.225776, 10.748505, 19.272512
0.000000, -12.759762, 7.885966, 20.037196
-2.436898, -14.265847, 3.942983, 24.727250
-6.642941, -12.962818, 3.582835, 27.851378
-4.428627, -14.331339, 0.000000, 28.967180
2.436898, -14.265847, 3.942983, 21.224226
4.428627, -14.331339, 0.000000, 22.503264
6.642941, -12.962818, 3.582835, 18.156710
-2.214314, -10.225776, -10.748505, 35.086427
2.214314, -10.225776, -10.748505, 31.129148
0.000000, -12.759762, -7.885966, 31.139806
2.436898, -14.265847, -3.942983, 26.631055
6.642941, -12.962818, -3.582835, 23.157851
-2.436898, -14.265847, -3.942983, 30.329339
-6.642941, -12.962818, -3.582835, 33.360218
-10.225776, 10.748505, 2.214314, 27.851378
-10.225776, 10.748505, -2.214314, 31.129148
-12.759762, 7.885966, 0.000000, 31.975283
-14.265847, 3.942983, -2.436898, 36.361190
-12.962818, 3.582835, -6.642941, 39.888274
-14.331339, 0.000000, -4.428627, 39.888274
-14.265847, 3.942983, 2.436898, 31.975283
-14.331339, 0.000000, 4.428627, 31.129148
-12.962818, 3.582835, 6.642941, 27.851378
-10.225776, -10.748505, -2.214314, 35.086427
-10.225776, -10.748505, 2.214314, 31.306020
-12.759762, -7.885966, 0.000000, 34.925476
-14.265847, -3.942983, 2.436898, 33.394304
-12.962818, -3.582835, 6.642941, 28.967180
-14.265847, -3.942983, -2.436898, 38.276890
-12.962818, -3.582835, -6.642941, 42.679018
10.225776, 10.748505, -2.214314, 15.817869
10.225776, 10.748505, 2.214314, 12.037462
12.759762, 7.885966, 0.000000, 12.198414
14.265847, 3.942983, 2.436898, 8.846999
12.962818, 3.582835, 6.642941, 4.444872
14.331339, 0.000000, 4.428627, 7.235616
14.265847, 3.942983, -2.436898, 13.729586
14.331339, 0.000000, -4.428627, 15.994742
12.962818, 3.582835, -6.642941, 18.156709
10.225776, -10.748505, 2.214314, 15.994742
10.225776, -10.748505, -2.214314, 19.272512
12.759762, -7.885966, 0.000000, 15.148607
14.265847, -3.942983, -2.436898, 15.148607
12.962818, -3.582835, -6.642941, 19.272512
14.265847, -3.942983, 2.436898, 10.762700
12.962818, -3.582835, 6.642941, 7.235616
-6.379881, 8.816778, 10.322864, 19.753959
-8.816778, 10.322864, 6.379881, 24.006670
-10.322865, 6.379881, 8.816779, 24.006670
6.379881, 8.816778, 10.322864, 8.012420
10.322865, 6.379881, 8.816779, 4.434089
8.816778, 10.322864, 6.379881, 9.329582
-6.379881, 8.816778, -10.322864, 34.925476
-10.322865, 6.379881, -8.816779, 38.276891
-8.816778, 10.322864, -6.379881, 33.394304
6.379881, 8.816778, -10.322864, 24.727250
8.816778, 10.322864, -6.379881, 20.037196
10.322865, 6.379881, -8.816779, 21.224225
-6.379881, -8.816778, -10.322864, 39.111470
-8.816778, -10.322864, -6.379881, 37.794307
-10.322865, -6.379881, -8.816779, 42.689801
6.379881, -8.816778, -10.322864, 27.369931
10.322865, -6.379881, -8.816779, 23.117220
8.816778, -10.322864, -6.379881, 23.117220
-6.379881, -8.816778, 10.322864, 22.396640
-10.322865, -6.379881, 8.816779, 25.899664
-8.816778, -10.322864, 6.379881, 27.086694
6.379881, -8.816778, 10.322864, 12.198414
8.816778, -10.322864, 6.379881, 13.729586
10.322865, -6.379881, 8.816779, 8.846999
1.051360, 9.060652, -11.907948, 29.764121
-1.051360, 9.060652, -11.907948, 31.454863
0.000000, 10.339049, -10.867568, 29.606580
-1.172899, 11.557861, -9.488949, 29.304247
-3.435673, 11.285158, -9.265060, 30.971780
-2.405362, 12.594638, -7.783915, 28.841061
1.172899, 11.557861, -9.488949, 27.530220
2.405362, 12.594638, -7.783915, 25.289364
3.435673, 11.285158, -9.265060, 25.758130
-3.608043, 13.337937, -5.837936, 28.233365
-5.726122, 12.700733, -5.559036, 29.754292
-4.691594, 13.732535, -3.795579, 27.530220
-5.597106, 13.798251, -1.811261, 26.795492
-7.359517, 12.959308, -1.701136, 28.153533
-6.308157, 13.609084, 0.000000, 26.085058
-3.518696, 14.457426, -1.897790, 25.246404
-2.290449, 14.824097, 0.000000, 23.014737
-1.202681, 14.824531, -1.945979, 23.561945
1.202681, 14.824531, -1.945979, 21.834527
2.290449, 14.824097, 0.000000, 19.689465
3.518696, 14.457426, -1.897790, 20.171303
5.597106, 13.798251, -1.811261, 18.662447
6.308157, 13.609084, 0.000000, 16.806704
7.359517, 12.959308, -1.701136, 17.359769
4.691594, 13.732535, -3.795579, 20.743862
5.726122, 12.700733, -5.559036, 21.365761
3.608043, 13.337937, -5.837936, 22.987270
-1.234854, 13.694737, -5.994106, 26.530809
0.000000, 14.457919, -3.996071, 24.152001
1.234854, 13.694737, -5.994106, 24.742972
-1.051360, 9.060652, 11.907948, 14.278512
1.051360, 9.060652, 11.907948, 12.333529
0.000000, 10.339049, 10.867568, 13.990663
1.172899, 11.557861, 9.488949, 13.890128
3.435673, 11.285158, 9.265060, 12.009231
2.405362, 12.594638, 7.783915, 14.047365
-1.172899, 11.557861, 9.488949, 15.898360
-2.405362, 12.594638, 7.783915, 17.992811
-3.435673, 11.285158, 9.265060, 17.908876
3.608043, 13.337937, 5.837936, 14.483591
5.726122, 12.700733, 5.559036, 12.924818
4.691594, 13.732535, 3.795579, 15.151588
5.597106, 13.798251, 1.811261, 15.958056
7.359517, 12.959308, 1.701136, 14.710825
3.518696, 14.457426, 1.897790, 17.444404
1.202681, 14.824531, 1.945979, 19.120509
-1.202681, 14.824531, 1.945979, 20.894693
-3.518696, 14.457426, 1.897790, 22.654797
-5.597106, 13.798251, 1.811261, 24.301265
-7.359517, 12.959308, 1.701136, 25.770745
-4.691594, 13.732535, 3.795579, 22.307600
-5.726122, 12.700733, 5.559036, 21.997670
-3.608043, 13.337937, 5.837936, 20.169722
1.234854, 13.694737, 5.994106, 16.287339
0.000000, 14.457919, 3.996071, 18.614228
-1.234854, 13.694737, 5.994106, 18.227121
0.000000, 6.308157, 13.609084, 12.333529
-1.701136, 7.359517, 12.959308, 14.278512
-1.811261, 5.597106, 13.798251, 13.990663
-3.795579, 4.691594, 13.732535, 15.898360
-5.559036, 5.726122, 12.700733, 17.908876
-5.837936, 3.608043, 13.337935, 17.992811
-1.897790, 3.518696, 14.457426, 13.890129
-1.945979, 1.202681, 14.824531, 14.047365
0.000000, 2.290449, 14.824097, 12.009231
-7.783915, 2.405362, 12.594638, 20.169722
-9.265060, 3.435673, 11.285158, 21.997671
-9.488949, 1.172899, 11.557861, 22.307600
-10.867568, 0.000000, 10.339049, 24.301265
-11.907948, 1.051360, 9.060652, 25.770746
-11.907948, -1.051360, 9.060652, 26.085058
-9.488949, -1.172899, 11.557861, 22.654797
-9.265060, -3.435673, 11.285158, 23.014737
-7.783915, -2.405362, 12.594638, 20.894693
-5.837936, -3.608043, 13.337935, 19.120509
-5.559036, -5.726122, 12.700733, 19.689466
-3.795579, -4.691594, 13.732535, 17.444404
-1.811261, -5.597106, 13.798251, 15.958056
-1.701136, -7.359517, 12.959308, 16.806704
0.000000, -6.308157, 13.609084, 14.710825
-1.897790, -3.518696, 14.457426, 15.151588
0.000000, -2.290449, 14.824097, 12.924818
-1.945979, -1.202681, 14.824531, 14.483590
-5.994106, 1.234854, 13.694737, 18.227121
-5.994106, -1.234854, 13.694737, 18.614228
-3.996071, 0.000000, 14.457919, 16.287339
1.701136, 7.359517, 12.959308, 11.006299
1.811261, 5.597106, 13.798251, 10.409601
1.897790, 3.518696, 14.457426, 10.085545
1.945979, 1.202681, 14.824531, 10.176872
3.795579, 4.691594, 13.732535, 8.276331
5.837936, 3.608043, 13.337935, 6.018731
5.559036, 5.726122, 12.700733, 6.795073
1.945979, -1.202681, 14.824531, 10.730125
1.897790, -3.518696, 14.457426, 11.653502
1.811261, -5.597106, 13.798251, 12.778708
1.701136, -7.359517, 12.959308, 13.950440
3.795579, -4.691594, 13.732535, 10.629269
5.559036, -5.726122, 12.700733, 9.986828
5.837936, -3.608043, 13.337935, 8.334752
7.783915, -2.405362, 12.594638, 6.018731
9.265060, -3.435673, 11.285158, 5.976219
9.488949, -1.172899, 11.557861, 3.862171
10.867568, 0.000000, 10.339049, 2.222436
11.907948, -1.051360, 9.060652, 3.665125
11.907948, 1.051360, 9.060652, 2.015040
9.488949, 1.172899, 11.557861, 2.110170
9.265060, 3.435673, 11.285158, 2.196185
7.783915, 2.405362, 12.594638, 3.809811
3.996071, 0.000000, 14.457919, 8.379544
5.994106, -1.234854, 13.694737, 6.881836
5.994106, 1.234854, 13.694737, 6.006399
0.000000, 6.308157, -13.609084, 32.413065
1.701136, 7.359517, -12.959308, 30.317186
1.811261, 5.597106, -13.798251, 31.165834
3.795579, 4.691594, -13.732535, 29.679486
5.559036, 5.726122, -12.700733, 27.434424
5.837936, 3.608043, -13.337935, 28.003381
1.897790, 3.518696, -14.457426, 31.972302
1.945979, 1.202681, -14.824531, 32.640299
0.000000, 2.290449, -14.824097, 34.199072
7.783915, 2.405362, -12.594638, 26.229197
9.265060, 3.435673, -11.285158, 24.109152
9.488949, 1.172899, -11.557861, 24.469093
10.867568, 0.000000, -10.339049, 22.822625
11.907948, 1.051360, -9.060652, 21.038831
11.907948, -1.051360, -9.060652, 21.353144
9.488949, -1.172899, -11.557861, 24.816290
9.265060, -3.435673, -11.285158, 25.126219
7.783915, -2.405362, -12.594638, 26.954167
5.837936, -3.608043, -13.337935, 29.131079
5.559036, -5.726122, -12.700733, 29.215014
3.795579, -4.691594, -13.732535, 31.225530
1.811261, -5.597106, -13.798251, 33.133227
1.701136, -7.359517, -12.959308, 32.845378
0.000000, -6.308157, -13.609084, 34.790360
1.897790, -3.518696, -14.457426, 33.233761
0.000000, -2.290449, -14.824097, 35.114659
1.945979, -1.202681, -14.824531, 33.076525
5.994106, 1.234854, -13.694737, 28.509662
5.994106, -1.234854, -13.694737, 28.896769
3.996071, 0.000000, -14.457919, 30.836551
-1.701136, 7.359517, -12.959308, 33.173449
-1.811261, 5.597106, -13.798251, 34.345182
-1.897790, 3.518696, -14.457426, 35.470388
-1.945979, 1.202681, -14.824531, 36.393765
-3.795579, 4.691594, -13.732535, 36.494621
-5.837936, 3.608043, -13.337935, 38.789137
-5.559036, 5.726122, -12.700733, 37.137062
-1.945979, -1.202681, -14.824531, 36.947018
-1.897790, -3.518696, -14.457426, 37.038345
-1.811261, -5.597106, -13.798251, 36.714289
-1.701136, -7.359517, -12.959308, 36.117591
-3.795579, -4.691594, -13.732535, 38.847559
-5.559036, -5.726122, -12.700733, 40.328816
-5.837936, -3.608043, -13.337935, 41.105159
-7.783915, -2.405362, -12.594638, 43.314079
-9.265060, -3.435673, -11.285158, 44.927705
-9.488949, -1.172899, -11.557861, 45.013720
-10.867568, 0.000000, -10.339049, 44.901454
-11.907948, -1.051360, -9.060652, 45.108849
-11.907948, 1.051360, -9.060652, 43.458764
-9.488949, 1.172899, -11.557861, 43.261719
-9.265060, 3.435673, -11.285158, 41.147671
-7.783915, 2.405362, -12.594638, 41.105159
-3.996071, 0.000000, -14.457919, 38.744345
-5.994106, -1.234854, -13.694737, 41.117491
-5.994106, 1.234854, -13.694737, 40.242054
1.051360, -9.060652, 11.907948, 15.669027
-1.051360, -9.060652, 11.907948, 17.359768
0.000000, -10.339049, 10.867568, 17.517310
-1.172899, -11.557861, 9.488949, 19.593670
-3.435673, -11.285158, 9.265060, 21.365760
-2.405362, -12.594638, 7.783915, 21.834526
1.172899, -11.557861, 9.488949, 17.819643
2.405362, -12.594638, 7.783915, 18.282829
3.435673, -11.285158, 9.265060, 16.152110
-3.608043, -13.337937, 5.837936, 24.136620
-5.726122, -12.700733, 5.559036, 25.758129
-4.691594, -13.732535, 3.795579, 26.380028
-5.597106, -13.798251, 1.811261, 28.461443
-7.359517, -12.959308, 1.701136, 29.764121
-6.308157, -13.609084, 0.000000, 30.317186
-3.518696, -14.457426, 1.897790, 26.952587
-2.290449, -14.824097, 0.000000, 27.434424
-1.202681, -14.824531, 1.945979, 25.289363
1.202681, -14.824531, 1.945979, 23.561945
2.290449, -14.824097, 0.000000, 24.109153
3.518696, -14.457426, 1.897790, 21.877486
5.597106, -13.798251, 1.811261, 20.328398
6.308157, -13.609084, 0.000000, 21.038832
7.359517, -12.959308, 1.701136, 18.970357
4.691594, -13.732535, 3.795579, 19.593670
5.726122, -12.700733, 5.559036, 17.369598
3.608043, -13.337937, 5.837936, 18.890525
-1.234854, -13.694737, 5.994106, 22.380918
0.000000, -14.457919, 3.996071, 22.971889
1.234854, -13.694737, 5.994106, 20.593081
-1.051360, -9.060652, -11.907948, 34.790361
1.051360, -9.060652, -11.907948, 32.845378
0.000000, -10.339049, -10.867568, 33.133227
1.172899, -11.557861, -9.488949, 31.225530
3.435673, -11.285158, -9.265060, 29.215014
2.405362, -12.594638, -7.783915, 29.131079
-1.172899, -11.557861, -9.488949, 33.233762
-2.405362, -12.594638, -7.783915, 33.076525
-3.435673, -11.285158, -9.265060, 35.114659
3.608043, -13.337937, -5.837936, 26.954168
5.726122, -12.700733, -5.559036, 25.126220
4.691594, -13.732535, -3.795579, 24.816290
5.597106, -13.798251, -1.811261, 22.822625
7.359517, -12.959308, -1.701136, 21.353145
3.518696, -14.457426, -1.897790, 24.469093
1.202681, -14.824531, -1.945979, 26.229197
-1.202681, -14.824531, -1.945979, 28.003381
-3.518696, -14.457426, -1.897790, 29.679486
-5.597106, -13.798251, -1.811261, 31.165834
-7.359517, -12.959308, -1.701136, 32.413065
-4.691594, -13.732535, -3.795579, 31.972302
-5.726122, -12.700733, -5.559036, 34.199072
-3.608043, -13.337937, -5.837936, 32.640299
1.234854, -13.694737, -5.994106, 28.896769
0.000000, -14.457919, -3.996071, 28.509662
-1.234854, -13.694737, -5.994106, 30.836551
-9.060652, 11.907948, 1.051360, 27.629586
-9.060652, 11.907948, -1.051360, 29.141131
-10.339049, 10.867568, 0.000000, 29.521868
-11.557861, 9.488949, -1.172899, 31.625550
-11.285158, 9.265060, -3.435673, 33.290878
-12.594638, 7.783915, -2.405362, 33.869924
-11.557861, 9.488949, 1.172899, 29.823877
-12.594638, 7.783915, 2.405362, 29.993238
-11.285158, 9.265060, 3.435673, 28.003247
-13.337935, 5.837936, -3.608043, 36.140604
-12.700733, 5.559036, -5.726122, 37.782186
-13.732535, 3.795579, -4.691594, 38.299462
-13.798251, 1.811261, -5.597106, 40.212305
-12.959308, 1.701136, -7.359517, 41.763067
-13.609084, 0.000000, -6.308157, 41.763067
-14.457426, 1.897790, -3.518696, 38.299462
-14.824097, 0.000000, -2.290449, 37.782186
-14.824531, 1.945979, -1.202681, 36.140604
-14.824531, 1.945979, 1.202681, 33.869924
-14.824097, 0.000000, 2.290449, 33.290879
-14.457426, 1.897790, 3.518696, 31.625550
-13.798251, 1.811261, 5.597106, 29.521868
-13.609084, 0.000000, 6.308157, 29.141132
-12.959308, 1.701136, 7.359517, 27.629586
-13.732535, 3.795579, 4.691594, 29.823877
-12.700733, 5.559036, 5.726122, 28.003247
-13.337935, 5.837936, 3.608043, 29.993238
-13.694737, 5.994106, -1.234854, 34.202264
-14.457919, 3.996071, 0.000000, 34.202264
-13.694737, 5.994106, 1.234854, 32.102489
-9.060652, -11.907948, -1.051360, 33.173449
-9.060652, -11.907948, 1.051360, 31.454863
-10.339049, -10.867568, 0.000000, 33.230595
-11.557861, -9.488949, 1.172899, 33.068941
-11.285158, -9.265060, 3.435673, 30.971780
-12.594638, -7.783915, 2.405362, 32.640300
-11.557861, -9.488949, -1.172899, 35.168191
-12.594638, -7.783915, -2.405362, 37.165102
-11.285158, -9.265060, -3.435673, 37.137062
-13.337935, -5.837936, 3.608043, 31.952343
-12.700733, -5.559036, 5.726122, 29.754292
-13.732535, -3.795579, 4.691594, 31.074321
-13.798251, -1.811261, 5.597106, 30.106739
-12.959308, -1.701136, 7.359517, 28.153533
-14.457426, -1.897790, 3.518696, 32.286764
-14.824531, -1.945979, 1.202681, 34.629244
-14.824531, -1.945979, -1.202681, 37.029849
-14.457426, -1.897790, -3.518696, 39.366943
-13.798251, -1.811261, -5.597106, 41.533902
-12.959308, -1.701136, -7.359517, 43.458765
-13.732535, -3.795579, -4.691594, 40.589126
-12.700733, -5.559036, -5.726122, 41.147671
-13.337935, -5.837936, -3.608043, 39.049920
-13.694737, -5.994106, 1.234854, 34.316062
-14.457919, -3.996071, 0.000000, 35.836731
-13.694737, -5.994106, -1.234854, 36.728701
9.060652, 11.907948, -1.051360, 15.669027
9.060652, 11.907948, 1.051360, 13.950441
10.339049, 10.867568, 0.000000, 13.893295
11.557861, 9.488949, 1.172899, 11.955699
11.285158, 9.265060, 3.435673, 9.986828
12.594638, 7.783915, 2.405362, 9.958788
11.557861, 9.488949, -1.172899, 14.054949
12.594638, 7.783915, -2.405362, 14.483590
11.285158, 9.265060, -3.435673, 16.152110
13.337935, 5.837936, 3.608043, 8.073970
12.700733, 5.559036, 5.726122, 5.976219
13.732535, 3.795579, 4.691594, 6.534764
13.798251, 1.811261, 5.597106, 5.589988
12.959308, 1.701136, 7.359517, 3.665125
13.609084, 0.000000, 6.308157, 5.360823
14.457426, 1.897790, 3.518696, 7.756947
14.824097, 0.000000, 2.290449, 9.341703
14.824531, 1.945979, 1.202681, 10.094041
14.824531, 1.945979, -1.202681, 12.494645
14.824097, 0.000000, -2.290449, 13.833011
14.457426, 1.897790, -3.518696, 14.837126
13.798251, 1.811261, -5.597106, 17.017151
13.609084, 0.000000, -6.308157, 17.982758
12.959308, 1.701136, -7.359517, 18.970357
13.732535, 3.795579, -4.691594, 16.049569
12.700733, 5.559036, -5.726122, 17.369598
13.337935, 5.837936, -3.608043, 15.171547
13.694737, 5.994106, 1.234854, 10.395188
14.457919, 3.996071, 0.000000, 11.287159
13.694737, 5.994106, -1.234854, 12.807828
9.060652, -11.907948, 1.051360, 17.982758
9.060652, -11.907948, -1.051360, 19.494304
10.339049, -10.867568, 0.000000, 17.602022
11.557861, -9.488949, -1.172899, 17.300013
11.285158, -9.265060, -3.435673, 19.120643
12.594638, -7.783915, -2.405362, 17.130651
11.557861, -9.488949, 1.172899, 15.498340
12.594638, -7.783915, 2.405362, 13.253966
11.285158, -9.265060, 3.435673, 13.833011
13.337935, -5.837936, -3.608043, 17.130652
12.700733, -5.559036, -5.726122, 19.120642
13.732535, -3.795579, -4.691594, 17.300012
13.798251, -1.811261, -5.597106, 17.602022
12.959308, -1.701136, -7.359517, 19.494304
14.457426, -1.897790, -3.518696, 15.498340
14.824531, -1.945979, -1.202681, 13.253965
14.824531, -1.945979, 1.202681, 10.983286
14.457426, -1.897790, 3.518696, 8.824428
13.798251, -1.811261, 5.597106, 6.911585
12.959308, -1.701136, 7.359517, 5.360823
13.732535, -3.795579, 4.691594, 8.824428
12.700733, -5.559036, 5.726122, 9.341704
13.337935, -5.837936, 3.608043, 10.983286
13.694737, -5.994106, -1.234854, 15.021401
14.457919, -3.996071, 0.000000, 12.921625
13.694737, -5.994106, 1.234854, 12.921625
-2.930682, 8.527788, 11.986990, 15.902844
-4.243587, 9.660072, 10.661847, 17.765138
-5.554021, 10.648660, 8.986595, 19.804303
-4.968478, 7.762282, 11.834745, 17.765138
-7.040617, 6.756702, 11.391957, 19.804303
-6.756702, 11.391957, 7.040617, 21.918882
-7.762282, 11.834745, 4.968478, 23.990040
-8.527788, 11.986990, 2.930682, 25.914883
-9.660072, 10.661847, 4.243587, 26.028289
-10.648660, 8.986595, 5.554021, 26.091507
-11.391957, 7.040617, 6.756702, 26.091508
-11.834745, 4.968478, 7.762282, 26.028289
-11.986990, 2.930682, 8.527788, 25.914883
-10.661847, 4.243587, 9.660072, 23.990040
-8.986595, 5.554021, 10.648660, 21.918882
-7.700632, 9.698667, 8.463813, 21.874745
-9.698667, 8.463813, 7.700632, 24.012659
-8.463813, 7.700632, 9.698667, 21.874745
2.930682, 8.527788, 11.986990, 10.409601
4.968478, 7.762282, 11.834745, 8.276331
7.040617, 6.756702, 11.391957, 6.018731
4.243587, 9.660072, 10.661847, 10.085545
5.554021, 10.648660, 8.986595, 10.176872
8.986595, 5.554021, 10.648660, 3.809812
10.661847, 4.243587, 9.660072, 2.110170
11.986990, 2.930682, 8.527788, 2.222436
11.834745, 4.968478, 7.762282, 3.862171
11.391957, 7.040617, 6.756702, 6.018731
10.648660, 8.986595, 5.554021, 8.334752
9.660072, 10.661847, 4.243587, 10.629269
8.527788, 11.986990, 2.930682, 12.778708
7.762282, 11.834745, 4.968478, 11.653502
6.756702, 11.391957, 7.040617, 10.730125
8.463813, 7.700632, 9.698667, 6.006399
9.698667, 8.463813, 7.700632, 6.881836
7.700632, 9.698667, 8.463813, 8.379544
-2.930682, 8.527788, -11.986990, 33.230595
-4.968478, 7.762282, -11.834745, 35.168191
-7.040617, 6.756702, -11.391957, 37.165102
-4.243587, 9.660072, -10.661847, 33.068941
-5.554021, 10.648660, -8.986595, 32.640300
-8.986595, 5.554021, -10.648660, 39.049920
-10.661847, 4.243587, -9.660072, 40.589126
-11.986990, 2.930682, -8.527788, 41.533902
-11.834745, 4.968478, -7.762282, 39.366943
-11.391957, 7.040617, -6.756702, 37.029849
-10.648660, 8.986595, -5.554021, 34.629245
-9.660072, 10.661847, -4.243587, 32.286764
-8.527788, 11.986990, -2.930682, 30.106739
-7.762282, 11.834745, -4.968478, 31.074321
-6.756702, 11.391957, -7.040617, 31.952343
-8.463813, 7.700632, -9.698667, 36.728701
-9.698667, 8.463813, -7.700632, 35.836731
-7.700632, 9.698667, -8.463813, 34.316062
2.930682, 8.527788, -11.986990, 28.461443
4.243587, 9.660072, -10.661847, 26.380028
5.554021, 10.648660, -8.986595, 24.136620
4.968478, 7.762282, -11.834745, 26.952587
7.040617, 6.756702, -11.391957, 25.289363
6.756702, 11.391957, -7.040617, 21.834527
7.762282, 11.834745, -4.968478, 19.593670
8.527788, 11.986990, -2.930682, 17.517309
9.660072, 10.661847, -4.243587, 17.819643
10.648660, 8.986595, -5.554021, 18.282829
11.391957, 7.040617, -6.756702, 18.890524
11.834745, 4.968478, -7.762282, 19.593670
11.986990, 2.930682, -8.527788, 20.328398
10.661847, 4.243587, -9.660072, 21.877486
8.986595, 5.554021, -10.648660, 23.561945
7.700632, 9.698667, -8.463813, 22.380918
9.698667, 8.463813, -7.700632, 20.593081
8.463813, 7.700632, -9.698667, 22.971889
-2.930682, -8.527788, -11.986990, 36.714289
-4.243587, -9.660072, -10.661847, 37.038344
-5.554021, -10.648660, -8.986595, 36.947018
-4.968478, -7.762282, -11.834745, 38.847558
-7.040617, -6.756702, -11.391957, 41.105159
-6.756702, -11.391957, -7.040617, 36.393764
-7.762282, -11.834745, -4.968478, 35.470388
-8.527788, -11.986990, -2.930682, 34.345182
-9.660072, -10.661847, -4.243587, 36.494621
-10.648660, -8.986595, -5.554021, 38.789137
-11.391957, -7.040617, -6.756702, 41.105159
-11.834745, -4.968478, -7.762282, 43.261719
-11.986990, -2.930682, -8.527788, 44.901454
-10.661847, -4.243587, -9.660072, 45.013720
-8.986595, -5.554021, -10.648660, 43.314078
-7.700632, -9.698667, -8.463813, 38.744345
-9.698667, -8.463813, -7.700632, 40.242054
-8.463813, -7.700632, -9.698667, 41.117491
2.930682, -8.527788, -11.986990, 31.221046
4.968478, -7.762282, -11.834745, 29.358751
7.040617, -6.756702, -11.391957, 27.319587
4.243587, -9.660072, -10.661847, 29.358751
5.554021, -10.648660, -8.986595, 27.319587
8.986595, -5.554021, -10.648660, 25.205008
10.661847, -4.243587, -9.660072, 23.133850
11.986990, -2.930682, -8.527788, 21.209006
11.834745, -4.968478, -7.762282, 21.095601
11.391957, -7.040617, -6.756702, 21.032382
10.648660, -8.986595, -5.554021, 21.032382
9.660072, -10.661847, -4.243587, 21.095601
8.527788, -11.986990, -2.930682, 21.209007
7.762282, -11.834745, -4.968478, 23.133850
6.756702, -11.391957, -7.040617, 25.205008
8.463813, -7.700632, -9.698667, 25.249145
9.698667, -8.463813, -7.700632, 23.111231
7.700632, -9.698667, -8.463813, 25.249145
-2.930682, -8.527788, 11.986990, 18.662447
-4.968478, -7.762282, 11.834745, 20.171303
-7.040617, -6.756702, 11.391957, 21.834526
-4.243587, -9.660072, 10.661847, 20.743862
-5.554021, -10.648660, 8.986595, 22.987270
-8.986595, -5.554021, 10.648660, 23.561945
-10.661847, -4.243587, 9.660072, 25.246404
-11.986990, -2.930682, 8.527788, 26.795492
-11.834745, -4.968478, 7.762282, 27.530220
-11.391957, -7.040617, 6.756702, 28.233366
-10.648660, -8.986595, 5.554021, 28.841061
-9.660072, -10.661847, 4.243587, 29.304247
-8.527788, -11.986990, 2.930682, 29.606580
-7.762282, -11.834745, 4.968478, 27.530220
-6.756702, -11.391957, 7.040617, 25.289363
-8.463813, -7.700632, 9.698667, 24.152001
-9.698667, -8.463813, 7.700632, 26.530808
-7.700632, -9.698667, 8.463813, 24.742972
2.930682, -8.527788, 11.986990, 13.893295
4.243587, -9.660072, 10.661847, 14.054949
5.554021, -10.648660, 8.986595, 14.483590
4.968478, -7.762282, 11.834745, 11.955699
7.040617, -6.756702, 11.391957, 9.958787
6.756702, -11.391957, 7.040617, 15.171547
7.762282, -11.834745, 4.968478, 16.049569
8.527788, -11.986990, 2.930682, 17.017151
9.660072, -10.661847, 4.243587, 14.837126
10.648660, -8.986595, 5.554021, 12.494645
11.391957, -7.040617, 6.756702, 10.094041
11.834745, -4.968478, 7.762282, 7.756946
11.986990, -2.930682, 8.527788, 5.589988
10.661847, -4.243587, 9.660072, 6.534763
8.986595, -5.554021, 10.648660, 8.073970
7.700632, -9.698667, 8.463813, 12.807828
9.698667, -8.463813, 7.700632, 11.287159
8.463813, -7.700632, 9.698667, 10.395189

graph:
0, 162, 1.791879
0, 163, 1.791879
0, 274, 1.791879
0, 275, 1.791879
0, 304, 1.791879
1, 192, 1.791879
1, 193, 1.791879
1, 218, 1.791879
1, 219, 1.791879
1, 248, 1.791879
2, 240, 1.791879
2, 241, 1.791879
2, 258, 1.791879
2, 330, 1.791879
2, 331, 1.791879
3, 175, 1.791879
3, 176, 1.791879
3, 211, 1.791879
3, 386, 1.791879
3, 387, 1.791879
4, 343, 1.791879
4, 344, 1.791879
4, 379, 1.791879
4, 416, 1.791879
4, 417, 1.791879
5, 184, 1.791879
5, 185, 1.791879
5, 205, 1.791879
5, 442, 1.791879
5, 443, 1.791879
6, 352, 1.791879
6, 353, 1.791879
6, 373, 1.791879
6, 472, 1.791879
6, 473, 1.791879
7, 296, 1.791879
7, 297, 1.791879
7, 314, 1.791879
7, 360, 1.791879
7, 361, 1.791879
8, 266, 1.791879
8, 267, 1.791879
8, 455, 1.791879
8, 456, 1.791879
8, 491, 1.791879
9, 231, 1.791879
9, 232, 1.791879
9, 408, 1.791879
9, 409, 1.791879
9, 429, 1.791879
10, 322, 1.791879
10, 323, 1.791879
10, 399, 1.791879
10, 400, 1.791879
10, 435, 1.791879
11, 287, 1.791879
11, 288, 1.791879
11, 464, 1.791879
11, 465, 1.791879
11, 485, 1.791879
12, 169, 2.294355
12, 170, 2.297194
12, 187, 2.297193
12, 188, 2.294355
12, 554, 2.294354
12, 557, 2.294354
13, 166, 2.297194
13, 167, 2.294355
13, 171, 2.294355
13, 172, 2.297193
13, 538, 2.294354
13, 548, 2.294354
14, 178, 2.297194
14, 179, 2.294355
14, 180, 2.294355
14, 181, 2.297194
14, 207, 2.294355
14, 208, 2.294355
15, 199, 2.294355
15, 200, 2.297194
15, 213, 2.297193
15, 214, 2.294355
15, 500, 2.294354
15, 503, 2.294354
16, 196, 2.297194
16, 197, 2.294355
16, 201, 2.294355
16, 202, 2.297193
16, 520, 2.294354
16, 530, 2.294354
17, 225, 2.294355
17, 226, 2.297194
17, 243, 2.297194
17, 244, 2.294355
17, 251, 2.294355
17, 255, 2.294355
18, 222, 2.297193
18, 223, 2.294354
18, 227, 2.294355
18, 228, 2.297194
18, 502, 2.294354
18, 512, 2.294354
19, 234, 2.297194
19, 235, 2.294355
19, 236, 2.294354
19, 237, 2.297193
19, 608, 2.294354
19, 611, 2.294354
20, 253, 2.294354
20, 254, 2.297193
20, 269, 2.297194
20, 270, 2.294355
20, 518, 2.294354
20, 521, 2.294354
21, 260, 2.297193
21, 261, 2.294354
21, 262, 2.294355
21, 263, 2.297194
21, 628, 2.294354
21, 638, 2.294354
22, 281, 2.294355
22, 282, 2.297194
22, 299, 2.297194
22, 300, 2.294355
22, 307, 2.294355
22, 311, 2.294355
23, 278, 2.297193
23, 279, 2.294354
23, 283, 2.294355
23, 284, 2.297194
23, 556, 2.294354
23, 566, 2.294354
24, 290, 2.297194
24, 291, 2.294355
24, 292, 2.294354
24, 293, 2.297193
24, 590, 2.294354
24, 593, 2.294354
25, 309, 2.294354
25, 310, 2.297193
25, 325, 2.297194
25, 326, 2.294355
25, 536, 2.294354
25, 539, 2.294354
26, 316, 2.297193
26, 317, 2.294354
26, 318, 2.294355
26, 319, 2.297194
26, 574, 2.294354
26, 584, 2.294354
27, 337, 2.294355
27, 338, 2.297194
27, 355, 2.297193
27, 356, 2.294355
27, 626, 2.294354
27, 629, 2.294354
28, 334, 2.297194
28, 335, 2.294355
28, 339, 2.294355
28, 340, 2.297193
28, 610, 2.294354
28, 620, 2.294354
29, 346, 2.297194
29, 347, 2.294355
29, 348, 2.294355
29, 349, 2.297194
29, 375, 2.294355
29, 376, 2.294355
30, 367, 2.294355
30, 368, 2.297194
30, 381, 2.297193
30, 382, 2.294355
30, 572, 2.294354
30, 575, 2.294354
31, 364, 2.297194
31, 365, 2.294355
31, 369, 2.294355
31, 370, 2.297193
31, 592, 2.294354
31, 602, 2.294354
32, 393, 2.294355
32, 394, 2.297194
32, 411, 2.297193
32, 412, 2.294354
32, 507, 2.294354
32, 508, 2.294354
33, 390, 2.297194
33, 391, 2.294355
33, 395, 2.294354
33, 396, 2.297193
33, 543, 2.294354
33, 544, 2.294354
34, 402, 2.297194
34, 403, 2.294355
34, 404, 2.294355
34, 405, 2.297194
34, 431, 2.294355
34, 432, 2.294355
35, 423, 2.294355
35, 424, 2.297194
35, 437, 2.297193
35, 438, 2.294354
35, 579, 2.294354
35, 580, 2.294354
36, 420, 2.297194
36, 421, 2.294355
36, 425, 2.294354
36, 426, 2.297193
36, 615, 2.294354
36, 616, 2.294354
37, 449, 2.294355
37, 450, 2.297194
37, 467, 2.297193
37, 468, 2.294354
37, 561, 2.294354
37, 562, 2.294354
38, 446, 2.297194
38, 447, 2.294355
38, 451, 2.294354
38, 452, 2.297193
38, 525, 2.294354
38, 526, 2.294354
39, 458, 2.297194
39, 459, 2.294355
39, 460, 2.294355
39, 461, 2.297194
39, 487, 2.294355
39, 488, 2.294355
40, 479, 2.294355
40, 480, 2.297194
40, 493, 2.297193
40, 494, 2.294354
40, 633, 2.294354
40, 634, 2.294354
41, 476, 2.297194
41, 477, 2.294355
41, 481, 2.294354
41, 482, 2.297193
41, 597, 2.294354
41, 598, 2.294354
42, 162, 2.013526
42, 164, 2.220403
42, 168, 2.108430
42, 170, 2.194224
42, 552, 2.220404
42, 553, 2.108430
43, 163, 2.013526
43, 164, 2.220403
43, 165, 2.108430
43, 166, 2.194224
43, 534, 2.220404
43, 537, 2.108430
44, 165, 2.321596
44, 167, 2.413182
44, 168, 2.321596
44, 169, 2.413182
44, 189, 2.445031
44, 191, 2.445031
45, 171, 2.413182
45, 173, 2.321596
45, 177, 2.321595
45, 179, 2.413182
45, 189, 2.445032
45, 190, 2.445031
46, 172, 2.194224
46, 173, 2.108431
46, 174, 2.220404
46, 175, 2.013525
46, 546, 2.220404
46, 547, 2.108431
47, 174, 2.220404
47, 176, 2.013525
47, 177, 2.108430
47, 178, 2.194223
47, 209, 2.108430
47, 210, 2.220404
48, 180, 2.413182
48, 182, 2.321595
48, 186, 2.321596
48, 188, 2.413182
48, 190, 2.445031
48, 191, 2.445032
49, 181, 2.194223
49, 182, 2.108430
49, 183, 2.220404
49, 184, 2.013525
49, 204, 2.220404
49, 206, 2.108430
50, 183, 2.220404
50, 185, 2.013525
50, 186, 2.108431
50, 187, 2.194224
50, 558, 2.108431
50, 559, 2.220404
51, 192, 2.013526
51, 194, 2.220403
51, 198, 2.108430
51, 200, 2.194224
51, 498, 2.220404
51, 499, 2.108430
52, 193, 2.013526
52, 194, 2.220403
52, 195, 2.108430
52, 196, 2.194224
52, 516, 2.220404
52, 519, 2.108430
53, 195, 2.321596
53, 197, 2.413182
53, 198, 2.321596
53, 199, 2.413182
53, 215, 2.445031
53, 217, 2.445031
54, 201, 2.413182
54, 203, 2.321596
54, 206, 2.321595
54, 207, 2.413182
54, 215, 2.445032
54, 216, 2.445031
55, 202, 2.194224
55, 203, 2.108431
55, 204, 2.220404
55, 205, 2.013525
55, 528, 2.220404
55, 529, 2.108431
56, 208, 2.413182
56, 209, 2.321595
56, 212, 2.321596
56, 214, 2.413182
56, 216, 2.445031
56, 217, 2.445032
57, 210, 2.220404
57, 211, 2.013525
57, 212, 2.108431
57, 213, 2.194224
57, 504, 2.108431
57, 505, 2.220404
58, 218, 2.013525
58, 220, 2.220404
58, 224, 2.108430
58, 226, 2.194223
58, 249, 2.220404
58, 250, 2.108430
59, 219, 2.013525
59, 220, 2.220404
59, 221, 2.108431
59, 222, 2.194224
59, 498, 2.220404
59, 501, 2.108431
60, 221, 2.321596
60, 223, 2.413182
60, 224, 2.321595
60, 225, 2.413182
60, 245, 2.445032
60, 247, 2.445031
61, 227, 2.413182
61, 229, 2.321596
61, 233, 2.321596
61, 235, 2.413182
61, 245, 2.445032
61, 246, 2.445032
62, 228, 2.194224
62, 229, 2.108430
62, 230, 2.220403
62, 231, 2.013526
62, 510, 2.220404
62, 511, 2.108430
63, 230, 2.220403
63, 232, 2.013526
63, 233, 2.108430
63, 234, 2.194224
63, 612, 2.108430
63, 613, 2.220404
64, 236, 2.413182
64, 238, 2.321596
64, 242, 2.321595
64, 244, 2.413182
64, 246, 2.445032
64, 247, 2.445031
65, 237, 2.194224
65, 238, 2.108431
65, 239, 2.220404
65, 240, 2.013525
65, 606, 2.220404
65, 607, 2.108431
66, 239, 2.220404
66, 241, 2.013525
66, 242, 2.108430
66, 243, 2.194223
66, 256, 2.108430
66, 257, 2.220404
67, 248, 2.013525
67, 249, 2.220404
67, 252, 2.108431
67, 254, 2.194224
67, 516, 2.220404
67, 517, 2.108431
68, 250, 2.321595
68, 251, 2.413182
68, 252, 2.321596
68, 253, 2.413182
68, 271, 2.445031
68, 273, 2.445032
69, 255, 2.413182
69, 256, 2.321595
69, 259, 2.321596
69, 261, 2.413182
69, 271, 2.445031
69, 272, 2.445032
70, 257, 2.220404
70, 258, 2.013525
70, 259, 2.108431
70, 260, 2.194224
70, 624, 2.220404
70, 627, 2.108431
71, 262, 2.413182
71, 264, 2.321596
71, 268, 2.321596
71, 270, 2.413182
71, 272, 2.445032
71, 273, 2.445032
72, 263, 2.194224
72, 264, 2.108430
72, 265, 2.220403
72, 266, 2.013526
72, 636, 2.220404
72, 637, 2.108430
73, 265, 2.220403
73, 267, 2.013526
73, 268, 2.108430
73, 269, 2.194224
73, 522, 2.108430
73, 523, 2.220404
74, 274, 2.013525
74, 276, 2.220404
74, 280, 2.108430
74, 282, 2.194223
74, 305, 2.220404
74, 306, 2.108430
75, 275, 2.013525
75, 276, 2.220404
75, 277, 2.108431
75, 278, 2.194224
75, 552, 2.220404
75, 555, 2.108431
76, 277, 2.321596
76, 279, 2.413182
76, 280, 2.321595
76, 281, 2.413182
76, 301, 2.445032
76, 303, 2.445031
77, 283, 2.413182
77, 285, 2.321596
77, 289, 2.321596
77, 291, 2.413182
77, 301, 2.445032
77, 302, 2.445032
78, 284, 2.194224
78, 285, 2.108430
78, 286, 2.220403
78, 287, 2.013526
78, 564, 2.220404
78, 565, 2.108430
79, 286, 2.220403
79, 288, 2.013526
79, 289, 2.108430
79, 290, 2.194224
79, 594, 2.108430
79, 595, 2.220404
80, 292, 2.413182
80, 294, 2.321596
80, 298, 2.321595
80, 300, 2.413182
80, 302, 2.445032
80, 303, 2.445031
81, 293, 2.194224
81, 294, 2.108431
81, 295, 2.220404
81, 296, 2.013525
81, 588, 2.220404
81, 589, 2.108431
82, 295, 2.220404
82, 297, 2.013525
82, 298, 2.108430
82, 299, 2.194223
82, 312, 2.108430
82, 313, 2.220404
83, 304, 2.013525
83, 305, 2.220404
83, 308, 2.108431
83, 310, 2.194224
83, 534, 2.220404
83, 535, 2.108431
84, 306, 2.321595
84, 307, 2.413182
84, 308, 2.321596
84, 309, 2.413182
84, 327, 2.445031
84, 329, 2.445032
85, 311, 2.413182
85, 312, 2.321595
85, 315, 2.321596
85, 317, 2.413182
85, 327, 2.445031
85, 328, 2.445032
86, 313, 2.220404
86, 314, 2.013525
86, 315, 2.108431
86, 316, 2.194224
86, 570, 2.220404
86, 573, 2.108431
87, 318, 2.413182
87, 320, 2.321596
87, 324, 2.321596
87, 326, 2.413182
87, 328, 2.445032
87, 329, 2.445032
88, 319, 2.194224
88, 320, 2.108430
88, 321, 2.220403
88, 322, 2.013526
88, 582, 2.220404
88, 583, 2.108430
89, 321, 2.220403
89, 323, 2.013526
89, 324, 2.108430
89, 325, 2.194224
89, 540, 2.108430
89, 541, 2.220404
90, 330, 2.013526
90, 332, 2.220403
90, 336, 2.108430
90, 338, 2.194224
90, 624, 2.220404
90, 625, 2.108430
91, 331, 2.013526
91, 332, 2.220403
91, 333, 2.108430
91, 334, 2.194224
91, 606, 2.220404
91, 609, 2.108430
92, 333, 2.321596
92, 335, 2.413182
92, 336, 2.321596
92, 337, 2.413182
92, 357, 2.445031
92, 359, 2.445031
93, 339, 2.413182
93, 341, 2.321596
93, 345, 2.321595
93, 347, 2.413182
93, 357, 2.445032
93, 358, 2.445031
94, 340, 2.194224
94, 341, 2.108431
94, 342, 2.220404
94, 343, 2.013525
94, 618, 2.220404
94, 619, 2.108431
95, 342, 2.220404
95, 344, 2.013525
95, 345, 2.108430
95, 346, 2.194223
95, 377, 2.108430
95, 378, 2.220404
96, 348, 2.413182
96, 350, 2.321595
96, 354, 2.321596
96, 356, 2.413182
96, 358, 2.445031
96, 359, 2.445032
97, 349, 2.194223
97, 350, 2.108430
97, 351, 2.220404
97, 352, 2.013525
97, 372, 2.220404
97, 374, 2.108430
98, 351, 2.220404
98, 353, 2.013525
98, 354, 2.108431
98, 355, 2.194224
98, 630, 2.108431
98, 631, 2.220404
99, 360, 2.013526
99, 362, 2.220403
99, 366, 2.108430
99, 368, 2.194224
99, 570, 2.220404
99, 571, 2.108430
100, 361, 2.013526
100, 362, 2.220403
100, 363, 2.108430
100, 364, 2.194224
100, 588, 2.220404
100, 591, 2.108430
101, 363, 2.321596
101, 365, 2.413182
101, 366, 2.321596
101, 367, 2.413182
101, 383, 2.445031
101, 385, 2.445031
102, 369, 2.413182
102, 371, 2.321596
102, 374, 2.321595
102, 375, 2.413182
102, 383, 2.445032
102, 384, 2.445031
103, 370, 2.194224
103, 371, 2.108431
103, 372, 2.220404
103, 373, 2.013525
103, 600, 2.220404
103, 601, 2.108431
104, 376, 2.413182
104, 377, 2.321595
104, 380, 2.321596
104, 382, 2.413182
104, 384, 2.445031
104, 385, 2.445032
105, 378, 2.220404
105, 379, 2.013525
105, 380, 2.108431
105, 381, 2.194224
105, 576, 2.108431
105, 577, 2.220404
106, 386, 2.013526
106, 388, 2.220403
106, 392, 2.108430
106, 394, 2.194224
106, 505, 2.220404
106, 506, 2.108430
107, 387, 2.013526
107, 388, 2.220403
107, 389, 2.108430
107, 390, 2.194224
107, 545, 2.108430
107, 546, 2.220404
108, 389, 2.321596
108, 391, 2.413182
108, 392, 2.321596
108, 393, 2.413182
108, 413, 2.445032
108, 415, 2.445032
109, 395, 2.413182
109, 397, 2.321596
109, 401, 2.321595
109, 403, 2.413182
109, 413, 2.445032
109, 414, 2.445032
110, 396, 2.194224
110, 397, 2.108431
110, 398, 2.220404
110, 399, 2.013525
110, 541, 2.220404
110, 542, 2.108431
111, 398, 2.220404
111, 400, 2.013525
111, 401, 2.108430
111, 402, 2.194223
111, 433, 2.108430
111, 434, 2.220404
112, 404, 2.413182
112, 406, 2.321595
112, 410, 2.321596
112, 412, 2.413182
112, 414, 2.445032
112, 415, 2.445032
113, 405, 2.194223
113, 406, 2.108430
113, 407, 2.220404
113, 408, 2.013525
113, 428, 2.220404
113, 430, 2.108430
114, 407, 2.220404
114, 409, 2.013525
114, 410, 2.108431
114, 411, 2.194224
114, 509, 2.108431
114, 510, 2.220404
115, 416, 2.013526
115, 418, 2.220403
115, 422, 2.108430
115, 424, 2.194224
115, 577, 2.220404
115, 578, 2.108430
116, 417, 2.013526
116, 418, 2.220403
116, 419, 2.108430
116, 420, 2.194224
116, 617, 2.108430
116, 618, 2.220404
117, 419, 2.321596
117, 421, 2.413182
117, 422, 2.321596
117, 423, 2.413182
117, 439, 2.445032
117, 441, 2.445032
118, 425, 2.413182
118, 427, 2.321596
118, 430, 2.321595
118, 431, 2.413182
118, 439, 2.445032
118, 440, 2.445032
119, 426, 2.194224
119, 427, 2.108431
119, 428, 2.220404
119, 429, 2.013525
119, 613, 2.220404
119, 614, 2.108431
120, 432, 2.413182
120, 433, 2.321595
120, 436, 2.321596
120, 438, 2.413182
120, 440, 2.445032
120, 441, 2.445032
121, 434, 2.220404
121, 435, 2.013525
121, 436, 2.108431
121, 437, 2.194224
121, 581, 2.108431
121, 582, 2.220404
122, 442, 2.013526
122, 444, 2.220403
122, 448, 2.108430
122, 450, 2.194224
122, 559, 2.220404
122, 560, 2.108430
123, 443, 2.013526
123, 444, 2.220403
123, 445, 2.108430
123, 446, 2.194224
123, 527, 2.108430
123, 528, 2.220404
124, 445, 2.321596
124, 447, 2.413182
124, 448, 2.321596
124, 449, 2.413182
124, 469, 2.445032
124, 471, 2.445032
125, 451, 2.413182
125, 453, 2.321596
125, 457, 2.321595
125, 459, 2.413182
125, 469, 2.445032
125, 470, 2.445032
126, 452, 2.194224
126, 453, 2.108431
126, 454, 2.220404
126, 455, 2.013525
126, 523, 2.220404
126, 524, 2.108431
127, 454, 2.220404
127, 456, 2.013525
127, 457, 2.108430
127, 458, 2.194223
127, 489, 2.108430
127, 490, 2.220404
128, 460, 2.413182
128, 462, 2.321595
128, 466, 2.321596
128, 468, 2.413182
128, 470, 2.445032
128, 471, 2.445032
129, 461, 2.194223
129, 462, 2.108430
129, 463, 2.220404
129, 464, 2.013525
129, 484, 2.220404
129, 486, 2.108430
130, 463, 2.220404
130, 465, 2.013525
130, 466, 2.108431
130, 467, 2.194224
130, 563, 2.108431
130, 564, 2.220404
131, 472, 2.013526
131, 474, 2.220403
131, 478, 2.108430
131, 480, 2.194224
131, 631, 2.220404
131, 632, 2.108430
132, 473, 2.013526
132, 474, 2.220403
132, 475, 2.108430
132, 476, 2.194224
132, 599, 2.108430
132, 600, 2.220404
133, 475, 2.321596
133, 477, 2.413182
133, 478, 2.321596
133, 479, 2.413182
133, 495, 2.445032
133, 497, 2.445032
134, 481, 2.413182
134, 483, 2.321596
134, 486, 2.321595
134, 487, 2.413182
134, 495, 2.445032
134, 496, 2.445032
135, 482, 2.194224
135, 483, 2.108431
135, 484, 2.220404
135, 485, 2.013525
135, 595, 2.220404
135, 596, 2.108431
136, 488, 2.413182
136, 489, 2.321595
136, 492, 2.321596
136, 494, 2.413182
136, 496, 2.445032
136, 497, 2.445032
137, 490, 2.220404
137, 491, 2.013525
137, 492, 2.108431
137, 493, 2.194224
137, 635, 2.108431
137, 636, 2.220404
138, 499, 2.321596
138, 500, 2.413182
138, 501, 2.321596
138, 502, 2.413182
138, 513, 2.445031
138, 515, 2.445031
139, 503, 2.413182
139, 504, 2.321596
139, 506, 2.321596
139, 507, 2.413182
139, 513, 2.445031
139, 514, 2.445032
140, 508, 2.413182
140, 509, 2.321595
140, 511, 2.321596
140, 512, 2.413182
140, 514, 2.445032
140, 515, 2.445032
141, 517, 2.321596
141, 518, 2.413182
141, 519, 2.321596
141, 520, 2.413182
141, 531, 2.445031
141, 533, 2.445031
142, 521, 2.413182
142, 522, 2.321596
142, 524, 2.321595
142, 525, 2.413182
142, 531, 2.445032
142, 532, 2.445032
143, 526, 2.413182
143, 527, 2.321596
143, 529, 2.321596
143, 530, 2.413182
143, 532, 2.445032
143, 533, 2.445031
144, 535, 2.321596
144, 536, 2.413182
144, 537, 2.321596
144, 538, 2.413182
144, 549, 2.445031
144, 551, 2.445031
145, 539, 2.413182
145, 540, 2.321596
145, 542, 2.321595
145, 543, 2.413182
145, 549, 2.445032
145, 550, 2.445032
146, 544, 2.413182
146, 545, 2.321596
146, 547, 2.321596
146, 548, 2.413182
146, 550, 2.445032
146, 551, 2.445031
147, 553, 2.321596
147, 554, 2.413182
147, 555, 2.321596
147, 556, 2.413182
147, 567, 2.445031
147, 569, 2.445031
148, 557, 2.413182
148, 558, 2.321596
148, 560, 2.321596
148, 561, 2.413182
148, 567, 2.445031
148, 568, 2.445032
149, 562, 2.413182
149, 563, 2.321595
149, 565, 2.321596
149, 566, 2.413182
149, 568, 2.445032
149, 569, 2.445032
150, 571, 2.321596
150, 572, 2.413182
150, 573, 2.321596
150, 574, 2.413182
150, 585, 2.445031
150, 587, 2.445031
151, 575, 2.413182
151, 576, 2.321596
151, 578, 2.321596
151, 579, 2.413182
151, 585, 2.445031
151, 586, 2.445032
152, 580, 2.413182
152, 581, 2.321595
152, 583, 2.321596
152, 584, 2.413182
152, 586, 2.445032
152, 587, 2.445032
153, 589, 2.321596
153, 590, 2.413182
153, 591, 2.321596
153, 592, 2.413182
153, 603, 2.445031
153, 605, 2.445031
154, 593, 2.413182
154, 594, 2.321596
154, 596, 2.321595
154, 597, 2.413182
154, 603, 2.445032
154, 604, 2.445032
155, 598, 2.413182
155, 599, 2.321596
155, 601, 2.321596
155, 602, 2.413182
155, 604, 2.445032
155, 605, 2.445031
156, 607, 2.321596
156, 608, 2.413182
156, 609, 2.321596
156, 610, 2.413182
156, 621, 2.445031
156, 623, 2.445031
157, 611, 2.413182
157, 612, 2.321596
157, 614, 2.321595
157, 615, 2.413182
157, 621, 2.445032
157, 622, 2.445032
158, 616, 2.413182
158, 617, 2.321596
158, 619, 2.321596
158, 620, 2.413182
158, 622, 2.445032
158, 623, 2.445031
159, 625, 2.321596
159, 626, 2.413182
159, 627, 2.321596
159, 628, 2.413182
159, 639, 2.445031
159, 641, 2.445031
160, 629, 2.413182
160, 630, 2.321596
160, 632, 2.321596
160, 633, 2.413182
160, 639, 2.445031
160, 640, 2.445032
161, 634, 2.413182
161, 635, 2.321595
161, 637, 2.321596
161, 638, 2.413182
161, 640, 2.445032
161, 641, 2.445032
162, 163, 2.102719
162, 164, 1.955006
162, 275, 2.102719
162, 552, 1.955005
163, 164, 1.955006
163, 304, 2.102719
163, 534, 1.955005
164, 165, 2.182151
164, 168, 2.182151
165, 166, 2.290118
165, 167, 2.345424
165, 168, 2.345797
166, 167, 2.229366
166, 537, 2.290118
166, 538, 2.229366
167, 171, 2.405362
167, 189, 2.404937
168, 169, 2.345424
168, 170, 2.290118
169, 170, 2.229366
169, 188, 2.405362
169, 191, 2.404937
170, 553, 2.290118
170, 554, 2.229366
171, 172, 2.229366
171, 173, 2.345424
171, 189, 2.404937
172, 173, 2.290119
172, 547, 2.290119
172, 548, 2.229365
173, 174, 2.182152
173, 177, 2.345797
174, 175, 1.955006
174, 176, 1.955005
174, 177, 2.182152
175, 176, 2.102719
175, 387, 2.102719
175, 546, 1.955005
176, 210, 1.955005
176, 211, 2.102719
177, 178, 2.290119
177, 179, 2.345424
178, 179, 2.229366
178, 208, 2.229366
178, 209, 2.290119
179, 180, 2.405362
179, 190, 2.404937
180, 181, 2.229366
180, 182, 2.345424
180, 190, 2.404937
181, 182, 2.290119
181, 206, 2.290119
181, 207, 2.229366
182, 183, 2.182152
182, 186, 2.345797
183, 184, 1.955005
183, 185, 1.955006
183, 186, 2.182152
184, 185, 2.102719
184, 204, 1.955005
184, 205, 2.102719
185, 442, 2.102719
185, 559, 1.955005
186, 187, 2.290119
186, 188, 2.345424
187, 188, 2.229366
187, 557, 2.229365
187, 558, 2.290119
188, 191, 2.404937
189, 190, 2.469707
189, 191, 2.469707
190, 191, 2.469707
192, 193, 2.102719
192, 194, 1.955006
192, 219, 2.102719
192, 498, 1.955005
193, 194, 1.955006
193, 248, 2.102719
193, 516, 1.955005
194, 195, 2.182151
194, 198, 2.182151
195, 196, 2.290118
195, 197, 2.345424
195, 198, 2.345797
196, 197, 2.229366
196, 519, 2.290118
196, 520, 2.229366
197, 201, 2.405362
197, 215, 2.404937
198, 199, 2.345424
198, 200, 2.290118
199, 200, 2.229366
199, 214, 2.405362
199, 217, 2.404937
200, 499, 2.290118
200, 500, 2.229366
201, 202, 2.229366
201, 203, 2.345424
201, 215, 2.404937
202, 203, 2.290119
202, 529, 2.290119
202, 530, 2.229365
203, 204, 2.182152
203, 206, 2.345797
204, 205, 1.955006
204, 206, 2.182152
205, 443, 2.102719
205, 528, 1.955005
206, 207, 2.345424
207, 208, 2.405362
207, 216, 2.404937
208, 209, 2.345424
208, 216, 2.404937
209, 210, 2.182152
209, 212, 2.345797
210, 211, 1.955006
210, 212, 2.182152
211, 386, 2.102719
211, 505, 1.955005
212, 213, 2.290119
212, 214, 2.345424
213, 214, 2.229366
213, 503, 2.229365
213, 504, 2.290119
214, 217, 2.404937
215, 216, 2.469707
215, 217, 2.469707
216, 217, 2.469707
218, 219, 2.102719
218, 220, 1.955006
218, 248, 2.102719
218, 249, 1.955006
219, 220, 1.955006
219, 498, 1.955005
220, 221, 2.182152
220, 224, 2.182152
221, 222, 2.290119
221, 223, 2.345424
221, 224, 2.345797
222, 223, 2.229366
222, 501, 2.290119
222, 502, 2.229365
223, 227, 2.405362
223, 245, 2.404937
224, 225, 2.345424
224, 226, 2.290119
225, 226, 2.229366
225, 244, 2.405362
225, 247, 2.404937
226, 250, 2.290119
226, 251, 2.229366
227, 228, 2.229366
227, 229, 2.345424
227, 245, 2.404937
228, 229, 2.290118
228, 511, 2.290118
228, 512, 2.229366
229, 230, 2.182151
229, 233, 2.345797
230, 231, 1.955006
230, 232, 1.955006
230, 233, 2.182151
231, 232, 2.102719
231, 409, 2.102719
231, 510, 1.955005
232, 429, 2.102719
232, 613, 1.955005
233, 234, 2.290118
233, 235, 2.345424
234, 235, 2.229366
234, 611, 2.229366
234, 612, 2.290118
235, 236, 2.405362
235, 246, 2.404937
236, 237, 2.229366
236, 238, 2.345424
236, 246, 2.404937
237, 238, 2.290119
237, 607, 2.290119
237, 608, 2.229365
238, 239, 2.182152
238, 242, 2.345797
239, 240, 1.955006
239, 241, 1.955006
239, 242, 2.182152
240, 241, 2.102719
240, 331, 2.102719
240, 606, 1.955005
241, 257, 1.955006
241, 258, 2.102719
242, 243, 2.290119
242, 244, 2.345424
243, 244, 2.229366
243, 255, 2.229366
243, 256, 2.290119
244, 247, 2.404937
245, 246, 2.469707
245, 247, 2.469707
246, 247, 2.469707
248, 249, 1.955006
248, 516, 1.955005
249, 250, 2.182152
249, 252, 2.182152
250, 251, 2.345424
250, 252, 2.345797
251, 255, 2.405362
251, 271, 2.404937
252, 253, 2.345424
252, 254, 2.290119
253, 254, 2.229366
253, 270, 2.405362
253, 273, 2.404937
254, 517, 2.290119
254, 518, 2.229365
255, 256, 2.345424
255, 271, 2.404937
256, 257, 2.182152
256, 259, 2.345797
257, 258, 1.955006
257, 259, 2.182152
258, 330, 2.102719
258, 624, 1.955005
259, 260, 2.290119
259, 261, 2.345424
260, 261, 2.229366
260, 627, 2.290119
260, 628, 2.229365
261, 262, 2.405362
261, 272, 2.404937
262, 263, 2.229366
262, 264, 2.345424
262, 272, 2.404937
263, 264, 2.290118
263, 637, 2.290118
263, 638, 2.229366
264, 265, 2.182151
264, 268, 2.345797
265, 266, 1.955006
265, 267, 1.955006
265, 268, 2.182151
266, 267, 2.102719
266, 491, 2.102719
266, 636, 1.955005
267, 455, 2.102719
267, 523, 1.955005
268, 269, 2.290118
268, 270, 2.345424
269, 270, 2.229366
269, 521, 2.229366
269, 522, 2.290118
270, 273, 2.404937
271, 272, 2.469707
271, 273, 2.469707
272, 273, 2.469707
274, 275, 2.102719
274, 276, 1.955006
274, 304, 2.102719
274, 305, 1.955006
275, 276, 1.955006
275, 552, 1.955005
276, 277, 2.182152
276, 280, 2.182152
277, 278, 2.290119
277, 279, 2.345424
277, 280, 2.345797
278, 279, 2.229366
278, 555, 2.290119
278, 556, 2.229365
279, 283, 2.405362
279, 301, 2.404937
280, 281, 2.345424
280, 282, 2.290119
281, 282, 2.229366
281, 300, 2.405362
281, 303, 2.404937
282, 306, 2.290119
282, 307, 2.229366
283, 284, 2.229366
283, 285, 2.345424
283, 301, 2.404937
284, 285, 2.290118
284, 565, 2.290118
284, 566, 2.229366
285, 286, 2.182151
285, 289, 2.345797
286, 287, 1.955006
286, 288, 1.955006
286, 289, 2.182151
287, 288, 2.102719
287, 465, 2.102719
287, 564, 1.955005
288, 485, 2.102719
288, 595, 1.955005
289, 290, 2.290118
289, 291, 2.345424
290, 291, 2.229366
290, 593, 2.229366
290, 594, 2.290118
291, 292, 2.405362
291, 302, 2.404937
292, 293, 2.229366
292, 294, 2.345424
292, 302, 2.404937
293, 294, 2.290119
293, 589, 2.290119
293, 590, 2.229365
294, 295, 2.182152
294, 298, 2.345797
295, 296, 1.955006
295, 297, 1.955006
295, 298, 2.182152
296, 297, 2.102719
296, 361, 2.102719
296, 588, 1.955005
297, 313, 1.955006
297, 314, 2.102719
298, 299, 2.290119
298, 300, 2.345424
299, 300, 2.229366
299, 311, 2.229366
299, 312, 2.290119
300, 303, 2.404937
301, 302, 2.469707
301, 303, 2.469707
302, 303, 2.469707
304, 305, 1.955006
304, 534, 1.955005
305, 306, 2.182152
305, 308, 2.182152
306, 307, 2.345424
306, 308, 2.345797
307, 311, 2.405362
307, 327, 2.404937
308, 309, 2.345424
308, 310, 2.290119
309, 310, 2.229366
309, 326, 2.405362
309, 329, 2.404937
310, 535, 2.290119
310, 536, 2.229365
311, 312, 2.345424
311, 327, 2.404937
312, 313, 2.182152
312, 315, 2.345797
313, 314, 1.955006
313, 315, 2.182152
314, 360, 2.102719
314, 570, 1.955005
315, 316, 2.290119
315, 317, 2.345424
316, 317, 2.229366
316, 573, 2.290119
316, 574, 2.229365
317, 318, 2.405362
317, 328, 2.404937
318, 319, 2.229366
318, 320, 2.345424
318, 328, 2.404937
319, 320, 2.290118
319, 583, 2.290118
319, 584, 2.229366
320, 321, 2.182151
320, 324, 2.345797
321, 322, 1.955006
321, 323, 1.955006
321, 324, 2.182151
322, 323, 2.102719
322, 435, 2.102719
322, 582, 1.955005
323, 399, 2.102719
323, 541, 1.955005
324, 325, 2.290118
324, 326, 2.345424
325, 326, 2.229366
325, 539, 2.229366
325, 540, 2.290118
326, 329, 2.404937
327, 328, 2.469707
327, 329, 2.469707
328, 329, 2.469707
330, 331, 2.102719
330, 332, 1.955006
330, 624, 1.955005
331, 332, 1.955006
331, 606, 1.955005
332, 333, 2.182151
332, 336, 2.182151
333, 334, 2.290118
333, 335, 2.345424
333, 336, 2.345797
334, 335, 2.229366
334, 609, 2.290118
334, 610, 2.229366
335, 339, 2.405362
335, 357, 2.404937
336, 337, 2.345424
336, 338, 2.290118
337, 338, 2.229366
337, 356, 2.405362
337, 359, 2.404937
338, 625, 2.290118
338, 626, 2.229366
339, 340, 2.229366
339, 341, 2.345424
339, 357, 2.404937
340, 341, 2.290119
340, 619, 2.290119
340, 620, 2.229365
341, 342, 2.182152
341, 345, 2.345797
342, 343, 1.955006
342, 344, 1.955005
342, 345, 2.182152
343, 344, 2.102719
343, 417, 2.102719
343, 618, 1.955005
344, 378, 1.955005
344, 379, 2.102719
345, 346, 2.290119
345, 347, 2.345424
346, 347, 2.229366
346, 376, 2.229366
346, 377, 2.290119
347, 348, 2.405362
347, 358, 2.404937
348, 349, 2.229366
348, 350, 2.345424
348, 358, 2.404937
349, 350, 2.290119
349, 374, 2.290119
349, 375, 2.229366
350, 351, 2.182152
350, 354, 2.345797
351, 352, 1.955005
351, 353, 1.955006
351, 354, 2.182152
352, 353, 2.102719
352, 372, 1.955005
352, 373, 2.102719
353, 472, 2.102719
353, 631, 1.955005
354, 355, 2.290119
354, 356, 2.345424
355, 356, 2.229366
355, 629, 2.229365
355, 630, 2.290119
356, 359, 2.404937
357, 358, 2.469707
357, 359, 2.469707
358, 359, 2.469707
360, 361, 2.102719
360, 362, 1.955006
360, 570, 1.955005
361, 362, 1.955006
361, 588, 1.955005
362, 363, 2.182151
362, 366, 2.182151
363, 364, 2.290118
363, 365, 2.345424
363, 366, 2.345797
364, 365, 2.229366
364, 591, 2.290118
364, 592, 2.229366
365, 369, 2.405362
365, 383, 2.404937
366, 367, 2.345424
366, 368, 2.290118
367, 368, 2.229366
367, 382, 2.405362
367, 385, 2.404937
368, 571, 2.290118
368, 572, 2.229366
369, 370, 2.229366
369, 371, 2.345424
369, 383, 2.404937
370, 371, 2.290119
370, 601, 2.290119
370, 602, 2.229365
371, 372, 2.182152
371, 374, 2.345797
372, 373, 1.955006
372, 374, 2.182152
373, 473, 2.102719
373, 600, 1.955005
374, 375, 2.345424
375, 376, 2.405362
375, 384, 2.404937
376, 377, 2.345424
376, 384, 2.404937
377, 378, 2.182152
377, 380, 2.345797
378, 379, 1.955006
378, 380, 2.182152
379, 416, 2.102719
379, 577, 1.955005
380, 381, 2.290119
380, 382, 2.345424
381, 382, 2.229366
381, 575, 2.229365
381, 576, 2.290119
382, 385, 2.404937
383, 384, 2.469707
383, 385, 2.469707
384, 385, 2.469707
386, 387, 2.102719
386, 388, 1.955006
386, 505, 1.955005
387, 388, 1.955006
387, 546, 1.955005
388, 389, 2.182151
388, 392, 2.182151
389, 390, 2.290118
389, 391, 2.345424
389, 392, 2.345797
390, 391, 2.229366
390, 544, 2.229366
390, 545, 2.290118
391, 395, 2.405362
391, 413, 2.404937
392, 393, 2.345424
392, 394, 2.290118
393, 394, 2.229366
393, 412, 2.405362
393, 415, 2.404937
394, 506, 2.290118
394, 507, 2.229366
395, 396, 2.229366
395, 397, 2.345424
395, 413, 2.404937
396, 397, 2.290119
396, 542, 2.290119
396, 543, 2.229365
397, 398, 2.182152
397, 401, 2.345797
398, 399, 1.955006
398, 400, 1.955006
398, 401, 2.182152
399, 400, 2.102719
399, 541, 1.955005
400, 434, 1.955006
400, 435, 2.102719
401, 402, 2.290119
401, 403, 2.345424
402, 403, 2.229366
402, 432, 2.229366
402, 433, 2.290119
403, 404, 2.405362
403, 414, 2.404937
404, 405, 2.229366
404, 406, 2.345424
404, 414, 2.404937
405, 406, 2.290119
405, 430, 2.290119
405, 431, 2.229366
406, 407, 2.182152
406, 410, 2.345797
407, 408, 1.955006
407, 409, 1.955006
407, 410, 2.182152
408, 409, 2.102719
408, 428, 1.955006
408, 429, 2.102719
409, 510, 1.955005
410, 411, 2.290119
410, 412, 2.345424
411, 412, 2.229366
411, 508, 2.229365
411, 509, 2.290119
412, 415, 2.404937
413, 414, 2.469707
413, 415, 2.469707
414, 415, 2.469707
416, 417, 2.102719
416, 418, 1.955006
416, 577, 1.955005
417, 418, 1.955006
417, 618, 1.955005
418, 419, 2.182151
418, 422, 2.182151
419, 420, 2.290118
419, 421, 2.345424
419, 422, 2.345797
420, 421, 2.229366
420, 616, 2.229366
420, 617, 2.290118
421, 425, 2.405362
421, 439, 2.404937
422, 423, 2.345424
422, 424, 2.290118
423, 424, 2.229366
423, 438, 2.405362
423, 441, 2.404937
424, 578, 2.290118
424, 579, 2.229366
425, 426, 2.229366
425, 427, 2.345424
425, 439, 2.404937
426, 427, 2.290119
426, 614, 2.290119
426, 615, 2.229365
427, 428, 2.182152
427, 430, 2.345797
428, 429, 1.955006
428, 430, 2.182152
429, 613, 1.955005
430, 431, 2.345424
431, 432, 2.405362
431, 440, 2.404937
432, 433, 2.345424
432, 440, 2.404937
433, 434, 2.182152
433, 436, 2.345797
434, 435, 1.955006
434, 436, 2.182152
435, 582, 1.955005
436, 437, 2.290119
436, 438, 2.345424
437, 438, 2.229366
437, 580, 2.229365
437, 581, 2.290119
438, 441, 2.404937
439, 440, 2.469707
439, 441, 2.469707
440, 441, 2.469707
442, 443, 2.102719
442, 444, 1.955006
442, 559, 1.955005
443, 444, 1.955006
443, 528, 1.955005
444, 445, 2.182151
444, 448, 2.182151
445, 446, 2.290118
445, 447, 2.345424
445, 448, 2.345797
446, 447, 2.229366
446, 526, 2.229366
446, 527, 2.290118
447, 451, 2.405362
447, 469, 2.404937
448, 449, 2.345424
448, 450, 2.290118
449, 450, 2.229366
449, 468, 2.405362
449, 471, 2.404937
450, 560, 2.290118
450, 561, 2.229366
451, 452, 2.229366
451, 453, 2.345424
451, 469, 2.404937
452, 453, 2.290119
452, 524, 2.290119
452, 525, 2.229365
453, 454, 2.182152
453, 457, 2.345797
454, 455, 1.955006
454, 456, 1.955006
454, 457, 2.182152
455, 456, 2.102719
455, 523, 1.955005
456, 490, 1.955006
456, 491, 2.102719
457, 458, 2.290119
457, 459, 2.345424
458, 459, 2.229366
458, 488, 2.229366
458, 489, 2.290119
459, 460, 2.405362
459, 470, 2.404937
460, 461, 2.229366
460, 462, 2.345424
460, 470, 2.404937
461, 462, 2.290119
461, 486, 2.290119
461, 487, 2.229366
462, 463, 2.182152
462, 466, 2.345797
463, 464, 1.955006
463, 465, 1.955006
463, 466, 2.182152
464, 465, 2.102719
464, 484, 1.955006
464, 485, 2.102719
465, 564, 1.955005
466, 467, 2.290119
466, 468, 2.345424
467, 468, 2.229366
467, 562, 2.229365
467, 563, 2.290119
468, 471, 2.404937
469, 470, 2.469707
469, 471, 2.469707
470, 471, 2.469707
472, 473, 2.102719
472, 474, 1.955006
472, 631, 1.955005
473, 474, 1.955006
473, 600, 1.955005
474, 475, 2.182151
474, 478, 2.182151
475, 476, 2.290118
475, 477, 2.345424
475, 478, 2.345797
476, 477, 2.229366
476, 598, 2.229366
476, 599, 2.290118
477, 481, 2.405362
477, 495, 2.404937
478, 479, 2.345424
478, 480, 2.290118
479, 480, 2.229366
479, 494, 2.405362
479, 497, 2.404937
480, 632, 2.290118
480, 633, 2.229366
481, 482, 2.229366
481, 483, 2.345424
481, 495, 2.404937
482, 483, 2.290119
482, 596, 2.290119
482, 597, 2.229365
483, 484, 2.182152
483, 486, 2.345797
484, 485, 1.955006
484, 486, 2.182152
485, 595, 1.955005
486, 487, 2.345424
487, 488, 2.405362
487, 496, 2.404937
488, 489, 2.345424
488, 496, 2.404937
489, 490, 2.182152
489, 492, 2.345797
490, 491, 1.955006
490, 492, 2.182152
491, 636, 1.955005
492, 493, 2.290119
492, 494, 2.345424
493, 494, 2.229366
493, 634, 2.229365
493, 635, 2.290119
494, 497, 2.404937
495, 496, 2.469707
495, 497, 2.469707
496, 497, 2.469707
498, 499, 2.182152
498, 501, 2.182152
499, 500, 2.345424
499, 501, 2.345797
500, 503, 2.405362
500, 513, 2.404937
501, 502, 2.345424
502, 512, 2.405362
502, 515, 2.404938
503, 504, 2.345424
503, 513, 2.404938
504, 505, 2.182152
504, 506, 2.345797
505, 506, 2.182152
506, 507, 2.345424
507, 508, 2.405362
507, 514, 2.404937
508, 509, 2.345424
508, 514, 2.404938
509, 510, 2.182152
509, 511, 2.345797
510, 511, 2.182152
511, 512, 2.345424
512, 515, 2.404937
513, 514, 2.469707
513, 515, 2.469707
514, 515, 2.469707
516, 517, 2.182152
516, 519, 2.182152
517, 518, 2.345424
517, 519, 2.345797
518, 521, 2.405362
518, 531, 2.404938
519, 520, 2.345424
520, 530, 2.405362
520, 533, 2.404937
521, 522, 2.345424
521, 531, 2.404937
522, 523, 2.182152
522, 524, 2.345797
523, 524, 2.182152
524, 525, 2.345424
525, 526, 2.405362
525, 532, 2.404938
526, 527, 2.345424
526, 532, 2.404937
527, 528, 2.182152
527, 529, 2.345797
528, 529, 2.182152
529, 530, 2.345424
530, 533, 2.404938
531, 532, 2.469707
531, 533, 2.469707
532, 533, 2.469707
534, 535, 2.182152
534, 537, 2.182152
535, 536, 2.345424
535, 537, 2.345797
536, 539, 2.405362
536, 549, 2.404938
537, 538, 2.345424
538, 548, 2.405362
538, 551, 2.404937
539, 540, 2.345424
539, 549, 2.404937
540, 541, 2.182152
540, 542, 2.345797
541, 542, 2.182152
542, 543, 2.345424
543, 544, 2.405362
543, 550, 2.404938
544, 545, 2.345424
544, 550, 2.404937
545, 546, 2.182152
545, 547, 2.345797
546, 547, 2.182152
547, 548, 2.345424
548, 551, 2.404938
549, 550, 2.469707
549, 551, 2.469707
550, 551, 2.469707
552, 553, 2.182152
552, 555, 2.182152
553, 554, 2.345424
553, 555, 2.345797
554, 557, 2.405362
554, 567, 2.404937
555, 556, 2.345424
556, 566, 2.405362
556, 569, 2.404938
557, 558, 2.345424
557, 567, 2.404938
558, 559, 2.182152
558, 560, 2.345797
559, 560, 2.182152
560, 561, 2.345424
561, 562, 2.405362
561, 568, 2.404937
562, 563, 2.345424
562, 568, 2.404938
563, 564, 2.182152
563, 565, 2.345797
564, 565, 2.182152
565, 566, 2.345424
566, 569, 2.404937
567, 568, 2.469707
567, 569, 2.469707
568, 569, 2.469707
570, 571, 2.182152
570, 573, 2.182152
571, 572, 2.345424
571, 573, 2.345797
572, 575, 2.405362
572, 585, 2.404937
573, 574, 2.345424
574, 584, 2.405362
574, 587, 2.404938
575, 576, 2.345424
575, 585, 2.404938
576, 577, 2.182152
576, 578, 2.345797
577, 578, 2.182152
578, 579, 2.345424
579, 580, 2.405362
579, 586, 2.404937
580, 581, 2.345424
580, 586, 2.404938
581, 582, 2.182152
581, 583, 2.345797
582, 583, 2.182152
583, 584, 2.345424
584, 587, 2.404937
585, 586, 2.469707
585, 587, 2.469707
586, 587, 2.469707
588, 589, 2.182152
588, 591, 2.182152
589, 590, 2.345424
589, 591, 2.345797
590, 593, 2.405362
590, 603, 2.404938
591, 592, 2.345424
592, 602, 2.405362
592, 605, 2.404937
593, 594, 2.345424
593, 603, 2.404937
594, 595, 2.182152
594, 596, 2.345797
595, 596, 2.182152
596, 597, 2.345424
597, 598, 2.405362
597, 604, 2.404938
598, 599, 2.345424
598, 604, 2.404937
599, 600, 2.182152
599, 601, 2.345797
600, 601, 2.182152
601, 602, 2.345424
602, 605, 2.404938
603, 604, 2.469707
603, 605, 2.469707
604, 605, 2.469707
606, 607, 2.182152
606, 609, 2.182152
607, 608, 2.345424
607, 609, 2.345797
608, 611, 2.405362
608, 621, 2.404938
609, 610, 2.345424
610, 620, 2.405362
610, 623, 2.404937
611, 612, 2.345424
611, 621, 2.404937
612, 613, 2.182152
612, 614, 2.345797
613, 614, 2.182152
614, 615, 2.345424
615, 616, 2.405362
615, 622, 2.404938
616, 617, 2.345424
616, 622, 2.404937
617, 618, 2.182152
617, 619, 2.345797
618, 619, 2.182152
619, 620, 2.345424
620, 623, 2.404938
621, 622, 2.469707
621, 623, 2.469707
622, 623, 2.469707
624, 625, 2.182152
624, 627, 2.182152
625, 626, 2.345424
625, 627, 2.345797
626, 629, 2.405362
626, 639, 2.404937
627, 628, 2.345424
628, 638, 2.405362
628, 641, 2.404938
629, 630, 2.345424
629, 639, 2.404938
630, 631, 2.182152
630, 632, 2.345797
631, 632, 2.182152
632, 633, 2.345424
633, 634, 2.405362
633, 640, 2.404937
634, 635, 2.345424
634, 640, 2.404938
635, 636, 2.182152
635, 637, 2.345797
636, 637, 2.182152
637, 638, 2.345424
638, 641, 2.404937
639, 640, 2.469707
639, 641, 2.469707
640, 641, 2.469707
