source_idx: 432
h_value: 0.200000

points:
0.000000, 0.700582, -1.133565, 2.093220
0.000000, 0.700582, 1.133565, 2.275564
0.000000, -0.700582, 1.133565, 2.093220
-0.700582, 1.133565, 0.000000, 1.531397
-0.700582, -1.133565, 0.000000, 1.185099
0.700582, 1.133565, 0.000000, 3.001341
0.700582, -1.133565, 0.000000, 2.655044
0.000000, -0.700582, -1.133565, 1.910876
1.133565, 0.000000, 0.700582, 3.534946
-1.133565, 0.000000, 0.700582, 0.860741
-1.133565, 0.000000, -0.700582, 0.651494
1.133565, 0.000000, -0.700582, 3.325700
0.411792, 1.078084, -0.666293, 2.598667
-0.411792, 1.078084, -0.666293, 1.769511
0.000000, 1.332585, 0.000000, 2.266588
-0.411792, 1.078084, 0.666293, 1.878604
0.411792, 1.078084, 0.666293, 2.715892
0.000000, 0.000000, 1.332585, 2.200180
-0.666293, 0.411792, 1.078084, 1.560508
-0.666293, -0.411792, 1.078084, 1.442143
0.666293, 0.411792, 1.078084, 2.949253
0.666293, -0.411792, 1.078084, 2.820274
0.000000, 0.000000, -1.332585, 1.986261
0.666293, 0.411792, -1.078084, 2.744298
0.666293, -0.411792, -1.078084, 2.625932
-0.666293, 0.411792, -1.078084, 1.366167
-0.666293, -0.411792, -1.078084, 1.237188
0.411792, -1.078084, 0.666293, 2.416930
-0.411792, -1.078084, 0.666293, 1.587774
0.000000, -1.332585, 0.000000, 1.919853
-0.411792, -1.078084, -0.666293, 1.470549
0.411792, -1.078084, -0.666293, 2.307837
-1.078084, 0.666293, 0.411792, 1.041316
-1.078084, 0.666293, -0.411792, 0.943881
-1.332585, 0.000000, 0.000000, 0.204027
-1.078084, -0.666293, -0.411792, 0.633261
-1.078084, -0.666293, 0.411792, 0.765133
1.078084, 0.666293, -0.411792, 3.421308
1.078084, 0.666293, 0.411792, 3.553180
1.332585, 0.000000, 0.000000, 3.982413
1.078084, -0.666293, 0.411792, 3.242560
1.078084, -0.666293, -0.411792, 3.145125
0.196717, 0.908448, -0.954887, 2.330176
-0.196717, 0.908448, -0.954887, 1.939758
0.000000, 1.133565, -0.700582, 2.184179
-0.216492, 1.267364, -0.350291, 2.015549
-0.590152, 1.151604, -0.318296, 1.624229
-0.393435, 1.273182, 0.000000, 1.868497
0.216492, 1.267364, -0.350291, 2.447676
0.393435, 1.273182, 0.000000, 2.664570
0.590152, 1.151604, -0.318296, 2.838615
-0.196717, 0.908448, 0.954887, 2.093220
0.196717, 0.908448, 0.954887, 2.487793
0.000000, 1.133565, 0.700582, 2.297248
0.216492, 1.267364, 0.350291, 2.506265
0.590152, 1.151604, 0.318296, 2.899733
-0.216492, 1.267364, 0.350291, 2.071764
-0.590152, 1.151604, 0.318296, 1.678216
0.000000, 0.393435, 1.273182, 2.246683
-0.318296, 0.590152, 1.151604, 1.947252
-0.350291, 0.216492, 1.267364, 1.875765
-0.700582, 0.000000, 1.133565, 1.469160
-0.954887, 0.196717, 0.908448, 1.177469
-0.954887, -0.196717, 0.908448, 1.110012
-0.350291, -0.216492, 1.267364, 1.818618
-0.318296, -0.590152, 1.151604, 1.791859
0.000000, -0.393435, 1.273182, 2.144274
0.318296, 0.590152, 1.151604, 2.587977
0.350291, 0.216492, 1.267364, 2.579859
0.350291, -0.216492, 1.267364, 2.520212
0.318296, -0.590152, 1.151604, 2.427046
0.700582, 0.000000, 1.133565, 2.930508
0.954887, -0.196717, 0.908448, 3.210696
0.954887, 0.196717, 0.908448, 3.289696
0.000000, 0.393435, -1.273182, 2.042167
0.318296, 0.590152, -1.151604, 2.394582
0.350291, 0.216492, -1.267364, 2.367823
0.700582, 0.000000, -1.133565, 2.717281
0.954887, 0.196717, -0.908448, 3.076428
0.954887, -0.196717, -0.908448, 3.008971
0.350291, -0.216492, -1.267364, 2.310676
0.318296, -0.590152, -1.151604, 2.239188
0.000000, -0.393435, -1.273182, 1.939758
-0.318296, 0.590152, -1.151604, 1.759395
-0.350291, 0.216492, -1.267364, 1.666228
-0.350291, -0.216492, -1.267364, 1.606581
-0.318296, -0.590152, -1.151604, 1.598464
-0.700582, 0.000000, -1.133565, 1.255932
-0.954887, -0.196717, -0.908448, 0.896745
-0.954887, 0.196717, -0.908448, 0.975744
0.196717, -0.908448, 0.954887, 2.246683
-0.196717, -0.908448, 0.954887, 1.856264
0.000000, -1.133565, 0.700582, 2.002262
-0.216492, -1.267364, 0.350291, 1.738765
-0.590152, -1.151604, 0.318296, 1.347826
-0.393435, -1.273182, 0.000000, 1.521871
0.216492, -1.267364, 0.350291, 2.170892
0.393435, -1.273182, 0.000000, 2.317944
0.590152, -1.151604, 0.318296, 2.562212
-0.196717, -0.908448, -0.954887, 1.698647
0.196717, -0.908448, -0.954887, 2.093220
0.000000, -1.133565, -0.700582, 1.889193
0.216492, -1.267364, -0.350291, 2.114677
0.590152, -1.151604, -0.318296, 2.508225
-0.216492, -1.267364, -0.350291, 1.680176
-0.590152, -1.151604, -0.318296, 1.286708
-0.908448, 0.954887, 0.196717, 1.286708
-0.908448, 0.954887, -0.196717, 1.247954
-1.133565, 0.700582, 0.000000, 0.916864
-1.267364, 0.350291, -0.216492, 0.540534
-1.151604, 0.318296, -0.590152, 0.717284
-1.273182, 0.000000, -0.393435, 0.338460
-1.267364, 0.350291, 0.216492, 0.622672
-1.273182, 0.000000, 0.393435, 0.534698
-1.151604, 0.318296, 0.590152, 0.884729
-0.908448, -0.954887, -0.196717, 0.904103
-0.908448, -0.954887, 0.196717, 0.953254
-1.133565, -0.700582, 0.000000, 0.573209
-1.267364, -0.350291, 0.216492, 0.373356
-1.151604, -0.318296, 0.590152, 0.740451
-1.267364, -0.350291, -0.216492, 0.214617
-1.151604, -0.318296, -0.590152, 0.534698
0.908448, 0.954887, -0.196717, 3.233187
0.908448, 0.954887, 0.196717, 3.282337
1.133565, 0.700582, 0.000000, 3.613232
1.267364, 0.350291, 0.216492, 3.971824
1.151604, 0.318296, 0.590152, 3.651743
1.273182, 0.000000, 0.393435, 3.847981
1.267364, 0.350291, -0.216492, 3.813085
1.273182, 0.000000, -0.393435, 3.651742
1.151604, 0.318296, -0.590152, 3.445989
0.908448, -0.954887, 0.196717, 2.938486
0.908448, -0.954887, -0.196717, 2.899733
1.133565, -0.700582, 0.000000, 3.269576
1.267364, -0.350291, -0.216492, 3.563769
1.151604, -0.318296, -0.590152, 3.301712
1.267364, -0.350291, 0.216492, 3.645907
1.151604, -0.318296, 0.590152, 3.469157
-0.566782, 0.783274, 0.917073, 1.702645
-0.783274, 0.917073, 0.566782, 1.459960
-0.917073, 0.566782, 0.783274, 1.272251
0.566782, 0.783274, 0.917073, 2.872117
0.917073, 0.566782, 0.783274, 3.290662
0.783274, 0.917073, 0.566782, 3.134536
-0.566782, 0.783274, -0.917073, 1.545895
-0.917073, 0.566782, -0.783274, 1.111068
-0.783274, 0.917073, -0.566782, 1.355535
0.566782, 0.783274, -0.917073, 2.702462
0.783274, 0.917073, -0.566782, 3.011928
0.917073, 0.566782, -0.783274, 3.104643
-0.566782, -0.783274, -0.917073, 1.314324
-0.783274, -0.917073, -0.566782, 1.051905
-0.917073, -0.566782, -0.783274, 0.895779
0.566782, -0.783274, -0.917073, 2.483795
0.917073, -0.566782, -0.783274, 2.914190
0.783274, -0.917073, -0.566782, 2.726481
-0.566782, -0.783274, 0.917073, 1.483979
-0.917073, -0.566782, 0.783274, 1.081798
-0.783274, -0.917073, 0.566782, 1.174513
0.566782, -0.783274, 0.917073, 2.640546
0.783274, -0.917073, 0.566782, 2.830905
0.917073, -0.566782, 0.783274, 3.075373
0.093402, 0.804940, -1.057891, 2.205268
-0.093402, 0.804940, -1.057891, 2.020481
0.000000, 0.918511, -0.965464, 2.134978
-0.104199, 1.026789, -0.842989, 2.055853
-0.305222, 1.002563, -0.823099, 1.854361
-0.213690, 1.118895, -0.691515, 1.971573
0.104199, 1.026789, -0.842989, 2.262271
0.213690, 1.118895, -0.691515, 2.396740
0.305222, 1.002563, -0.823099, 2.463695
-0.320535, 1.184929, -0.518637, 1.887761
-0.508703, 1.128321, -0.493859, 1.691179
-0.416797, 1.219985, -0.337196, 1.810416
-0.497241, 1.225823, -0.160911, 1.743937
-0.653812, 1.151292, -0.151127, 1.571037
-0.560411, 1.209018, 0.000000, 1.690093
-0.312598, 1.284384, -0.168598, 1.937030
-0.203481, 1.316958, 0.000000, 2.062968
-0.106845, 1.316997, -0.172879, 2.144633
0.106845, 1.316997, -0.172879, 2.357541
0.203481, 1.316958, 0.000000, 2.470180
0.312598, 1.284384, -0.168598, 2.565067
0.497241, 1.225823, -0.160911, 2.758005
0.560411, 1.209018, 0.000000, 2.842837
0.653812, 1.151292, -0.151127, 2.930672
0.416797, 1.219985, -0.337196, 2.652666
0.508703, 1.128321, -0.493859, 2.726302
0.320535, 1.184929, -0.518637, 2.529920
-0.109703, 1.216627, -0.532511, 2.099940
0.000000, 1.284428, -0.355007, 2.231636
0.109703, 1.216627, -0.532511, 2.317842
-0.093402, 0.804940, 1.057891, 2.190244
0.093402, 0.804940, 1.057891, 2.376914
0.000000, 0.918511, 0.965464, 2.290510
0.104199, 1.026789, 0.842989, 2.399692
0.305222, 1.002563, 0.823099, 2.603296
0.213690, 1.118895, 0.691515, 2.511864
-0.104199, 1.026789, 0.842989, 2.191125
-0.213690, 1.118895, 0.691515, 2.082631
-0.305222, 1.002563, 0.823099, 1.987517
0.320535, 1.184929, 0.518637, 2.618836
0.508703, 1.128321, 0.493859, 2.817016
0.416797, 1.219985, 0.337196, 2.712499
0.497241, 1.225823, 0.160911, 2.787570
0.653812, 1.151292, 0.151127, 2.960881
0.312598, 1.284384, 0.168598, 2.594009
0.106845, 1.316997, 0.172879, 2.385880
-0.106845, 1.316997, 0.172879, 2.172390
-0.312598, 1.284384, 0.168598, 1.964222
-0.497241, 1.225823, 0.160911, 1.770583
-0.653812, 1.151292, 0.151127, 1.597155
-0.416797, 1.219985, 0.337196, 1.865500
-0.508703, 1.128321, 0.493859, 1.773382
-0.320535, 1.184929, 0.518637, 1.971573
0.109703, 1.216627, 0.532511, 2.405009
0.000000, 1.284428, 0.355007, 2.289019
-0.109703, 1.216627, 0.532511, 2.185405
0.000000, 0.560411, 1.209018, 2.263323
-0.151127, 0.653812, 1.151292, 2.120992
-0.160911, 0.497241, 1.225823, 2.096985
-0.337196, 0.416797, 1.219985, 1.911293
-0.493859, 0.508703, 1.128321, 1.758079
-0.518637, 0.320535, 1.184929, 1.712065
-0.168598, 0.312597, 1.284384, 2.070128
-0.172879, 0.106845, 1.316997, 2.041807
0.000000, 0.203481, 1.316958, 2.225427
-0.691515, 0.213690, 1.118895, 1.508660
-0.823099, 0.305222, 1.002563, 1.363857
-0.842989, 0.104199, 1.026789, 1.311942
-0.965464, 0.000000, 0.918511, 1.131311
-1.057891, 0.093402, 0.804940, 1.008471
-1.057891, -0.093402, 0.804940, 0.972660
-0.842989, -0.104199, 1.026789, 1.279215
-0.823099, -0.305222, 1.002563, 1.268977
-0.691515, -0.213690, 1.118895, 1.446719
-0.518637, -0.320535, 1.184929, 1.624466
-0.493859, -0.508703, 1.128321, 1.619709
-0.337196, -0.416797, 1.219985, 1.801387
-0.160911, -0.497241, 1.225823, 1.967784
-0.151127, -0.653812, 1.151292, 1.951080
0.000000, -0.560411, 1.209018, 2.117456
-0.168598, -0.312597, 1.284384, 1.988915
0.000000, -0.203481, 1.316958, 2.172461
-0.172879, -0.106845, 1.316997, 2.014051
-0.532511, 0.109703, 1.216627, 1.671726
-0.532511, -0.109703, 1.216627, 1.641662
-0.355007, 0.000000, 1.284428, 1.843898
0.151127, 0.653812, 1.151292, 2.423067
0.160911, 0.497241, 1.225823, 2.418255
0.168598, 0.312597, 1.284384, 2.406251
0.172879, 0.106845, 1.316997, 2.385880
0.337196, 0.416797, 1.219985, 2.589771
0.518637, 0.320535, 1.184929, 2.771260
0.493859, 0.508703, 1.128321, 2.765982
0.172879, -0.106845, 1.316997, 2.357541
0.168598, -0.312597, 1.284384, 2.323415
0.160911, -0.497241, 1.225823, 2.286705
0.151127, -0.653812, 1.151292, 2.250433
0.337196, -0.416797, 1.219985, 2.475436
0.493859, -0.508703, 1.128321, 2.619337
0.518637, -0.320535, 1.184929, 2.677781
0.691515, -0.213690, 1.118895, 2.884286
0.823099, -0.305222, 1.002563, 3.020526
0.842989, -0.104199, 1.026789, 3.083932
0.965464, 0.000000, 0.918511, 3.267058
1.057891, -0.093402, 0.804940, 3.383543
1.057891, 0.093402, 0.804940, 3.427361
0.842989, 0.104199, 1.026789, 3.121141
0.823099, 0.305222, 1.002563, 3.127403
0.691515, 0.213690, 1.118895, 2.952377
0.355007, 0.000000, 1.284428, 2.556324
0.532511, -0.109703, 1.216627, 2.726372
0.532511, 0.109703, 1.216627, 2.758585
0.000000, 0.560411, -1.209018, 2.068985
0.151127, 0.653812, -1.151292, 2.235360
0.160911, 0.497241, -1.225823, 2.218657
0.337196, 0.416797, -1.219985, 2.385054
0.493859, 0.508703, -1.128321, 2.566732
0.518637, 0.320535, -1.184929, 2.561975
0.168598, 0.312597, -1.284384, 2.197526
0.172879, 0.106845, -1.316997, 2.172390
0.000000, 0.203481, -1.316958, 2.013980
0.691515, 0.213690, -1.118895, 2.739722
0.823099, 0.305222, -1.002563, 2.917464
0.842989, 0.104199, -1.026789, 2.907225
0.965464, 0.000000, -0.918511, 3.055130
1.057891, 0.093402, -0.804940, 3.213781
1.057891, -0.093402, -0.804940, 3.177970
0.842989, -0.104199, -1.026789, 2.874499
0.823099, -0.305222, -1.002563, 2.822584
0.691515, -0.213690, -1.118895, 2.677781
0.518637, -0.320535, -1.184929, 2.474376
0.493859, -0.508703, -1.128321, 2.428362
0.337196, -0.416797, -1.219985, 2.275147
0.160911, -0.497241, -1.225823, 2.089456
0.151127, -0.653812, -1.151292, 2.065448
0.000000, -0.560411, -1.209018, 1.923118
0.168598, -0.312597, -1.284384, 2.116313
0.000000, -0.203481, -1.316958, 1.961014
0.172879, -0.106845, -1.316997, 2.144633
0.532511, 0.109703, -1.216627, 2.544778
0.532511, -0.109703, -1.216627, 2.514715
0.355007, 0.000000, -1.284428, 2.342543
-0.151127, 0.653812, -1.151292, 1.936008
-0.160911, 0.497241, -1.225823, 1.899736
-0.168598, 0.312597, -1.284384, 1.863025
-0.172879, 0.106845, -1.316997, 1.828900
-0.337196, 0.416797, -1.219985, 1.711005
-0.518637, 0.320535, -1.184929, 1.508660
-0.493859, 0.508703, -1.128321, 1.567104
-0.172879, -0.106845, -1.316997, 1.800561
-0.168598, -0.312597, -1.284384, 1.780190
-0.160911, -0.497241, -1.225823, 1.768186
-0.151127, -0.653812, -1.151292, 1.763374
-0.337196, -0.416797, -1.219985, 1.596669
-0.493859, -0.508703, -1.128321, 1.420459
-0.518637, -0.320535, -1.184929, 1.415181
-0.691515, -0.213690, -1.118895, 1.234063
-0.823099, -0.305222, -1.002563, 1.059038
-0.842989, -0.104199, -1.026789, 1.065300
-0.965464, 0.000000, -0.918511, 0.919383
-1.057891, -0.093402, -0.804940, 0.759079
-1.057891, 0.093402, -0.804940, 0.802898
-0.842989, 0.104199, -1.026789, 1.102509
-0.823099, 0.305222, -1.002563, 1.165915
-0.691515, 0.213690, -1.118895, 1.302155
-0.355007, 0.000000, -1.284428, 1.630117
-0.532511, -0.109703, -1.216627, 1.427856
-0.532511, 0.109703, -1.216627, 1.460069
0.093402, -0.804940, 1.057891, 2.165960
-0.093402, -0.804940, 1.057891, 1.981173
0.000000, -0.918511, 0.965464, 2.051463
-0.104199, -1.026789, 0.842989, 1.924169
-0.305222, -1.002563, 0.823099, 1.722746
-0.213690, -1.118895, 0.691515, 1.789701
0.104199, -1.026789, 0.842989, 2.130588
0.213690, -1.118895, 0.691515, 2.214868
0.305222, -1.002563, 0.823099, 2.332079
-0.320535, -1.184929, 0.518637, 1.656521
-0.508703, -1.128321, 0.493859, 1.460139
-0.416797, -1.219985, 0.337196, 1.533775
-0.497241, -1.225823, 0.160911, 1.428436
-0.653812, -1.151292, 0.151127, 1.255769
-0.560411, -1.209018, 0.000000, 1.343604
-0.312598, -1.284384, 0.168598, 1.621374
-0.203481, -1.316958, 0.000000, 1.716261
-0.106845, -1.316997, 0.172879, 1.828900
0.106845, -1.316997, 0.172879, 2.041807
0.203481, -1.316958, 0.000000, 2.123472
0.312598, -1.284384, 0.168598, 2.249411
0.497241, -1.225823, 0.160911, 2.442504
0.560411, -1.209018, 0.000000, 2.496348
0.653812, -1.151292, 0.151127, 2.615404
0.416797, -1.219985, 0.337196, 2.376024
0.508703, -1.128321, 0.493859, 2.495262
0.320535, -1.184929, 0.518637, 2.298679
-0.109703, -1.216627, 0.532511, 1.868599
0.000000, -1.284428, 0.355007, 1.954804
0.109703, -1.216627, 0.532511, 2.086501
-0.093402, -0.804940, -1.057891, 1.809526
0.093402, -0.804940, -1.057891, 1.996197
0.000000, -0.918511, -0.965464, 1.895931
0.104199, -1.026789, -0.842989, 1.995315
0.305222, -1.002563, -0.823099, 2.198923
0.213690, -1.118895, -0.691515, 2.103809
-0.104199, -1.026789, -0.842989, 1.786748
-0.213690, -1.118895, -0.691515, 1.674576
-0.305222, -1.002563, -0.823099, 1.583145
0.320535, -1.184929, -0.518637, 2.214868
0.508703, -1.128321, -0.493859, 2.413058
0.416797, -1.219985, -0.337196, 2.320941
0.497241, -1.225823, -0.160911, 2.415858
0.653812, -1.151292, -0.151127, 2.589286
0.312598, -1.284384, -0.168598, 2.222219
0.106845, -1.316997, -0.172879, 2.014051
-0.106845, -1.316997, -0.172879, 1.800561
-0.312598, -1.284384, -0.168598, 1.592432
-0.497241, -1.225823, -0.160911, 1.398870
-0.653812, -1.151292, -0.151127, 1.225559
-0.416797, -1.219985, -0.337196, 1.473941
-0.508703, -1.128321, -0.493859, 1.369425
-0.320535, -1.184929, -0.518637, 1.567605
0.109703, -1.216627, -0.532511, 2.001035
0.000000, -1.284428, -0.355007, 1.897421
-0.109703, -1.216627, -0.532511, 1.781432
-0.804940, 1.057891, 0.093402, 1.413310
-0.804940, 1.057891, -0.093402, 1.396084
-0.918511, 0.965464, 0.000000, 1.256870
-1.026789, 0.842989, -0.104199, 1.086343
-1.002563, 0.823099, -0.305222, 1.093531
-1.118895, 0.691515, -0.213690, 0.910845
-1.026789, 0.842989, 0.104199, 1.109117
-1.118895, 0.691515, 0.213690, 0.963827
-1.002563, 0.823099, 0.305222, 1.158965
-1.184929, 0.518637, -0.320535, 0.745410
-1.128321, 0.493859, -0.508703, 0.813595
-1.219985, 0.337196, -0.416797, 0.610008
-1.225823, 0.160911, -0.497241, 0.525058
-1.151292, 0.151127, -0.653812, 0.663813
-1.209018, 0.000000, -0.560411, 0.500192
-1.284384, 0.168598, -0.312598, 0.401522
-1.316958, 0.000000, -0.203481, 0.198237
-1.316997, 0.172879, -0.106845, 0.346735
-1.316997, 0.172879, 0.106845, 0.408055
-1.316958, 0.000000, 0.203481, 0.356292
-1.284384, 0.168598, 0.312598, 0.545654
-1.225823, 0.160911, 0.497241, 0.704337
-1.209018, 0.000000, 0.560411, 0.705919
-1.151292, 0.151127, 0.653812, 0.857973
-1.219985, 0.337196, 0.416797, 0.747168
-1.128321, 0.493859, 0.508703, 0.946621
-1.184929, 0.518637, 0.320535, 0.837288
-1.216627, 0.532511, -0.109703, 0.721272
-1.284428, 0.355007, 0.000000, 0.543330
-1.216627, 0.532511, 0.109703, 0.754722
-0.804940, -1.057891, -0.093402, 1.049472
-0.804940, -1.057891, 0.093402, 1.070445
-0.918511, -0.965464, 0.000000, 0.911178
-1.026789, -0.842989, 0.104199, 0.770839
-1.002563, -0.823099, 0.305222, 0.845656
-1.118895, -0.691515, 0.213690, 0.647419
-1.026789, -0.842989, -0.104199, 0.739718
-1.118895, -0.691515, -0.213690, 0.569699
-1.002563, -0.823099, -0.305222, 0.759232
-1.184929, -0.518637, 0.320535, 0.569699
-1.128321, -0.493859, 0.508703, 0.728428
-1.219985, -0.337196, 0.416797, 0.561470
-1.225823, -0.160911, 0.497241, 0.616529
-1.151292, -0.151127, 0.653812, 0.790333
-1.284384, -0.168598, 0.312598, 0.422498
-1.316997, -0.172879, 0.106845, 0.213920
-1.316997, -0.172879, -0.106845, 0.000000
-1.284384, -0.168598, -0.312598, 0.208578
-1.225823, -0.160911, -0.497241, 0.402610
-1.151292, -0.151127, -0.653812, 0.576414
-1.219985, -0.337196, -0.416797, 0.365121
-1.128321, -0.493859, -0.508703, 0.551763
-1.184929, -0.518637, -0.320535, 0.429233
-1.216627, -0.532511, 0.109703, 0.433537
-1.284428, -0.355007, 0.000000, 0.213882
-1.216627, -0.532511, -0.109703, 0.374619
0.804940, 1.057891, -0.093402, 3.115996
0.804940, 1.057891, 0.093402, 3.136969
0.918511, 0.965464, 0.000000, 3.275262
1.026789, 0.842989, 0.104199, 3.446723
1.002563, 0.823099, 0.305222, 3.427208
1.118895, 0.691515, 0.213690, 3.616741
1.026789, 0.842989, -0.104199, 3.415602
1.118895, 0.691515, -0.213690, 3.539022
1.002563, 0.823099, -0.305222, 3.340785
1.184929, 0.518637, 0.320535, 3.757207
1.128321, 0.493859, 0.508703, 3.634678
1.219985, 0.337196, 0.416797, 3.821320
1.225823, 0.160911, 0.497241, 3.783831
1.151292, 0.151127, 0.653812, 3.610027
1.209018, 0.000000, 0.560411, 3.686249
1.284384, 0.168598, 0.312598, 3.977863
1.316958, 0.000000, 0.203481, 3.988203
1.316997, 0.172879, 0.106845, 4.186441
1.316997, 0.172879, -0.106845, 3.972521
1.316958, 0.000000, -0.203481, 3.830149
1.284384, 0.168598, -0.312598, 3.763943
1.225823, 0.160911, -0.497241, 3.569911
1.209018, 0.000000, -0.560411, 3.480522
1.151292, 0.151127, -0.653812, 3.396108
1.219985, 0.337196, -0.416797, 3.624971
1.128321, 0.493859, -0.508703, 3.458012
1.184929, 0.518637, -0.320535, 3.616741
1.216627, 0.532511, 0.109703, 3.811822
1.284428, 0.355007, 0.000000, 3.972559
1.216627, 0.532511, -0.109703, 3.752904
0.804940, -1.057891, 0.093402, 2.790357
0.804940, -1.057891, -0.093402, 2.773131
0.918511, -0.965464, 0.000000, 2.929570
1.026789, -0.842989, -0.104199, 3.077323
1.002563, -0.823099, -0.305222, 3.027476
1.118895, -0.691515, -0.213690, 3.222614
1.026789, -0.842989, 0.104199, 3.100097
1.118895, -0.691515, 0.213690, 3.275595
1.002563, -0.823099, 0.305222, 3.092909
1.184929, -0.518637, -0.320535, 3.349153
1.128321, -0.493859, -0.508703, 3.239819
1.219985, -0.337196, -0.416797, 3.439272
1.225823, -0.160911, -0.497241, 3.482104
1.151292, -0.151127, -0.653812, 3.328468
1.284384, -0.168598, -0.312598, 3.640786
1.316997, -0.172879, -0.106845, 3.778386
1.316997, -0.172879, 0.106845, 3.839706
1.284384, -0.168598, 0.312598, 3.784919
1.225823, -0.160911, 0.497241, 3.661383
1.151292, -0.151127, 0.653812, 3.522627
1.219985, -0.337196, 0.416797, 3.576433
1.128321, -0.493859, 0.508703, 3.372846
1.184929, -0.518637, 0.320535, 3.441030
1.216627, -0.532511, -0.109703, 3.431719
1.284428, -0.355007, 0.000000, 3.643111
1.216627, -0.532511, 0.109703, 3.465168
-0.260359, 0.757600, 1.064913, 2.019538
-0.376996, 0.858191, 0.947188, 1.907311
-0.493414, 0.946017, 0.798360, 1.789701
-0.441395, 0.689594, 1.051387, 1.829023
-0.625482, 0.600259, 1.012050, 1.624466
-0.600259, 1.012050, 0.625482, 1.674576
-0.689594, 1.051387, 0.441395, 1.570154
-0.757600, 1.064913, 0.260359, 1.482338
-0.858191, 0.947188, 0.376996, 1.362034
-0.946017, 0.798360, 0.493414, 1.245343
-1.012050, 0.625482, 0.600259, 1.144030
-1.051387, 0.441395, 0.689594, 1.068696
-1.064913, 0.260359, 0.757600, 1.024283
-0.947188, 0.376996, 0.858191, 1.211991
-0.798360, 0.493414, 0.946017, 1.415181
-0.684117, 0.861620, 0.751917, 1.576308
-0.861620, 0.751917, 0.684117, 1.357227
-0.751917, 0.684117, 0.861620, 1.487267
0.260359, 0.757600, 1.064913, 2.542675
0.441395, 0.689594, 1.051387, 2.726817
0.625482, 0.600259, 1.012050, 2.922994
0.376996, 0.858191, 0.947188, 2.671021
0.493414, 0.946017, 0.798360, 2.800320
0.798360, 0.493414, 0.946017, 3.121016
0.947188, 0.376996, 0.858191, 3.308719
1.064913, 0.260359, 0.757600, 3.474674
1.051387, 0.441395, 0.689594, 3.483894
1.012050, 0.625482, 0.600259, 3.441030
0.946017, 0.798360, 0.493414, 3.349153
0.858191, 0.947188, 0.376996, 3.226092
0.757600, 1.064913, 0.260359, 3.091873
0.689594, 1.051387, 0.441395, 3.019299
0.600259, 1.012050, 0.625482, 2.919919
0.751917, 0.684117, 0.861620, 3.082601
0.861620, 0.751917, 0.684117, 3.230160
0.684117, 0.861620, 0.751917, 3.012628
-0.260359, 0.757600, -1.064913, 1.847417
-0.441395, 0.689594, -1.051387, 1.654257
-0.625482, 0.600259, -1.012050, 1.446719
-0.376996, 0.858191, -0.947188, 1.752319
-0.493414, 0.946017, -0.798360, 1.656521
-0.798360, 0.493414, -0.946017, 1.234063
-0.947188, 0.376996, -0.858191, 1.027051
-1.064913, 0.260359, -0.757600, 0.835010
-1.051387, 0.441395, -0.689594, 0.904672
-1.012050, 0.625482, -0.600259, 1.010893
-0.946017, 0.798360, -0.493414, 1.144030
-0.858191, 0.947188, -0.376996, 1.289952
-0.757600, 1.064913, -0.260359, 1.435363
-0.689594, 1.051387, -0.441395, 1.492568
-0.600259, 1.012050, -0.625482, 1.567605
-0.751917, 0.684117, -0.861620, 1.328477
-0.861620, 0.751917, -0.684117, 1.224045
-0.684117, 0.861620, -0.751917, 1.443116
0.260359, 0.757600, -1.064913, 2.365322
0.376996, 0.858191, -0.947188, 2.507855
0.493414, 0.946017, -0.798360, 2.656175
0.441395, 0.689594, -1.051387, 2.543113
0.625482, 0.600259, -1.012050, 2.732334
0.600259, 1.012050, -0.625482, 2.800320
0.689594, 1.051387, -0.441395, 2.929595
0.757600, 1.064913, -0.260359, 3.035921
0.858191, 0.947188, -0.376996, 3.137747
0.946017, 0.798360, -0.493414, 3.222614
1.012050, 0.625482, -0.600259, 3.275595
1.051387, 0.441395, -0.689594, 3.288069
1.064913, 0.260359, -0.757600, 3.263408
0.947188, 0.376996, -0.858191, 3.103451
0.798360, 0.493414, -0.946017, 2.922994
0.684117, 0.861620, -0.751917, 2.862915
0.861620, 0.751917, -0.684117, 3.073510
0.751917, 0.684117, -0.861620, 2.905359
-0.260359, -0.757600, -1.064913, 1.643766
-0.376996, -0.858191, -0.947188, 1.515420
-0.493414, -0.946017, -0.798360, 1.386120
-0.441395, -0.689594, -1.051387, 1.459624
-0.625482, -0.600259, -1.012050, 1.263447
-0.600259, -1.012050, -0.625482, 1.266521
-0.689594, -1.051387, -0.441395, 1.167142
-0.757600, -1.064913, -0.260359, 1.094567
-0.858191, -0.947188, -0.376996, 0.960349
-0.946017, -0.798360, -0.493414, 0.837288
-1.012050, -0.625482, -0.600259, 0.745410
-1.051387, -0.441395, -0.689594, 0.702547
-1.064913, -0.260359, -0.757600, 0.711767
-0.947188, -0.376996, -0.858191, 0.877722
-0.798360, -0.493414, -0.946017, 1.065424
-0.684117, -0.861620, -0.751917, 1.173813
-0.861620, -0.751917, -0.684117, 0.956280
-0.751917, -0.684117, -0.861620, 1.103840
0.260359, -0.757600, -1.064913, 2.166903
0.441395, -0.689594, -1.051387, 2.357418
0.625482, -0.600259, -1.012050, 2.561975
0.376996, -0.858191, -0.947188, 2.279130
0.493414, -0.946017, -0.798360, 2.396740
0.798360, -0.493414, -0.946017, 2.771260
0.947188, -0.376996, -0.858191, 2.974450
1.064913, -0.260359, -0.757600, 3.162158
1.051387, -0.441395, -0.689594, 3.117745
1.012050, -0.625482, -0.600259, 3.042411
0.946017, -0.798360, -0.493414, 2.941098
0.858191, -0.947188, -0.376996, 2.824406
0.757600, -1.064913, -0.260359, 2.704102
0.689594, -1.051387, -0.441395, 2.616287
0.600259, -1.012050, -0.625482, 2.511864
0.751917, -0.684117, -0.861620, 2.699173
0.861620, -0.751917, -0.684117, 2.829213
0.684117, -0.861620, -0.751917, 2.610133
-0.260359, -0.757600, 1.064913, 1.821119
-0.441395, -0.689594, 1.051387, 1.643328
-0.625482, -0.600259, 1.012050, 1.454107
-0.376996, -0.858191, 0.947188, 1.678586
-0.493414, -0.946017, 0.798360, 1.530265
-0.798360, -0.493414, 0.946017, 1.263447
-0.947188, -0.376996, 0.858191, 1.082990
-1.064913, -0.260359, 0.757600, 0.923033
-1.051387, -0.441395, 0.689594, 0.898372
-1.012050, -0.625482, 0.600259, 0.910845
-0.946017, -0.798360, 0.493414, 0.963827
-0.858191, -0.947188, 0.376996, 1.048694
-0.757600, -1.064913, 0.260359, 1.150520
-0.689594, -1.051387, 0.441395, 1.256846
-0.600259, -1.012050, 0.625482, 1.386120
-0.751917, -0.684117, 0.861620, 1.281082
-0.861620, -0.751917, 0.684117, 1.112931
-0.684117, -0.861620, 0.751917, 1.323526
0.260359, -0.757600, 1.064913, 2.339024
0.376996, -0.858191, 0.947188, 2.434122
0.493414, -0.946017, 0.798360, 2.529920
0.441395, -0.689594, 1.051387, 2.532184
0.625482, -0.600259, 1.012050, 2.739721
0.600259, -1.012050, 0.625482, 2.618836
0.689594, -1.051387, 0.441395, 2.693872
0.757600, -1.064913, 0.260359, 2.751078
0.858191, -0.947188, 0.376996, 2.896488
0.946017, -0.798360, 0.493414, 3.042411
1.012050, -0.625482, 0.600259, 3.175548
1.051387, -0.441395, 0.689594, 3.281769
1.064913, -0.260359, 0.757600, 3.351431
0.947188, -0.376996, 0.858191, 3.159389
0.798360, -0.493414, 0.946017, 2.952377
0.684117, -0.861620, 0.751917, 2.743325
0.861620, -0.751917, 0.684117, 2.962396
0.751917, -0.684117, 0.861620, 2.857964

graph:
0, 162, 0.159189
0, 163, 0.159189
0, 274, 0.159189
0, 275, 0.159189
0, 304, 0.159189
1, 192, 0.159189
1, 193, 0.159189
1, 218, 0.159189
1, 219, 0.159189
1, 248, 0.159189
2, 240, 0.159189
2, 241, 0.159189
2, 258, 0.159189
2, 330, 0.159189
2, 331, 0.159189
3, 175, 0.159189
3, 176, 0.159189
3, 211, 0.159189
3, 386, 0.159189
3, 387, 0.159189
4, 343, 0.159189
4, 344, 0.159189
4, 379, 0.159189
4, 416, 0.159189
4, 417, 0.159189
5, 184, 0.159189
5, 185, 0.159189
5, 205, 0.159189
5, 442, 0.159189
5, 443, 0.159189
6, 352, 0.159189
6, 353, 0.159189
6, 373, 0.159189
6, 472, 0.159189
6, 473, 0.159189
7, 296, 0.159189
7, 297, 0.159189
7, 314, 0.159189
7, 360, 0.159189
7, 361, 0.159189
8, 266, 0.159189
8, 267, 0.159189
8, 455, 0.159189
8, 456, 0.159189
8, 491, 0.159189
9, 231, 0.159189
9, 232, 0.159189
9, 408, 0.159189
9, 409, 0.159189
9, 429, 0.159189
10, 322, 0.159189
10, 323, 0.159189
10, 399, 0.159189
10, 400, 0.159189
10, 435, 0.159189
11, 287, 0.159189
11, 288, 0.159189
11, 464, 0.159189
11, 465, 0.159189
11, 485, 0.159189
12, 169, 0.203828
12, 170, 0.204080
12, 187, 0.204080
12, 188, 0.203828
12, 554, 0.203828
12, 557, 0.203828
13, 166, 0.204080
13, 167, 0.203828
13, 171, 0.203828
13, 172, 0.204080
13, 538, 0.203828
13, 548, 0.203828
14, 178, 0.204080
14, 179, 0.203828
14, 180, 0.203828
14, 181, 0.204080
14, 207, 0.203828
14, 208, 0.203828
15, 199, 0.203828
15, 200, 0.204080
15, 213, 0.204080
15, 214, 0.203828
15, 500, 0.203828
15, 503, 0.203828
16, 196, 0.204080
16, 197, 0.203828
16, 201, 0.203828
16, 202, 0.204080
16, 520, 0.203828
16, 530, 0.203828
17, 225, 0.203828
17, 226, 0.204080
17, 243, 0.204080
17, 244, 0.203828
17, 251, 0.203828
17, 255, 0.203828
18, 222, 0.204080
18, 223, 0.203828
18, 227, 0.203828
18, 228, 0.204080
18, 502, 0.203828
18, 512, 0.203828
19, 234, 0.204080
19, 235, 0.203828
19, 236, 0.203828
19, 237, 0.204080
19, 608, 0.203828
19, 611, 0.203828
20, 253, 0.203828
20, 254, 0.204080
20, 269, 0.204080
20, 270, 0.203828
20, 518, 0.203828
20, 521, 0.203828
21, 260, 0.204080
21, 261, 0.203828
21, 262, 0.203828
21, 263, 0.204080
21, 628, 0.203828
21, 638, 0.203828
22, 281, 0.203828
22, 282, 0.204080
22, 299, 0.204080
22, 300, 0.203828
22, 307, 0.203828
22, 311, 0.203828
23, 278, 0.204080
23, 279, 0.203828
23, 283, 0.203828
23, 284, 0.204080
23, 556, 0.203828
23, 566, 0.203828
24, 290, 0.204080
24, 291, 0.203828
24, 292, 0.203828
24, 293, 0.204080
24, 590, 0.203828
24, 593, 0.203828
25, 309, 0.203828
25, 310, 0.204080
25, 325, 0.204080
25, 326, 0.203828
25, 536, 0.203828
25, 539, 0.203828
26, 316, 0.204080
26, 317, 0.203828
26, 318, 0.203828
26, 319, 0.204080
26, 574, 0.203828
26, 584, 0.203828
27, 337, 0.203828
27, 338, 0.204080
27, 355, 0.204080
27, 356, 0.203828
27, 626, 0.203828
27, 629, 0.203828
28, 334, 0.204080
28, 335, 0.203828
28, 339, 0.203828
28, 340, 0.204080
28, 610, 0.203828
28, 620, 0.203828
29, 346, 0.204080
29, 347, 0.203828
29, 348, 0.203828
29, 349, 0.204080
29, 375, 0.203828
29, 376, 0.203828
30, 367, 0.203828
30, 368, 0.204080
30, 381, 0.204080
30, 382, 0.203828
30, 572, 0.203828
30, 575, 0.203828
31, 364, 0.204080
31, 365, 0.203828
31, 369, 0.203828
31, 370, 0.204080
31, 592, 0.203828
31, 602, 0.203828
32, 393, 0.203828
32, 394, 0.204080
32, 411, 0.204080
32, 412, 0.203828
32, 507, 0.203828
32, 508, 0.203828
33, 390, 0.204080
33, 391, 0.203828
33, 395, 0.203828
33, 396, 0.204080
33, 543, 0.203828
33, 544, 0.203828
34, 402, 0.204080
34, 403, 0.203828
34, 404, 0.203828
34, 405, 0.204080
34, 431, 0.203828
34, 432, 0.203828
35, 423, 0.203828
35, 424, 0.204080
35, 437, 0.204080
35, 438, 0.203828
35, 579, 0.203828
35, 580, 0.203828
36, 420, 0.204080
36, 421, 0.203828
36, 425, 0.203828
36, 426, 0.204080
36, 615, 0.203828
36, 616, 0.203828
37, 449, 0.203828
37, 450, 0.204080
37, 467, 0.204080
37, 468, 0.203828
37, 561, 0.203828
37, 562, 0.203828
38, 446, 0.204080
38, 447, 0.203828
38, 451, 0.203828
38, 452, 0.204080
38, 525, 0.203828
38, 526, 0.203828
39, 458, 0.204080
39, 459, 0.203828
39, 460, 0.203828
39, 461, 0.204080
39, 487, 0.203828
39, 488, 0.203828
40, 479, 0.203828
40, 480, 0.204080
40, 493, 0.204080
40, 494, 0.203828
40, 633, 0.203828
40, 634, 0.203828
41, 476, 0.204080
41, 477, 0.203828
41, 481, 0.203828
41, 482, 0.204080
41, 597, 0.203828
41, 598, 0.203828
42, 162, 0.178880
42, 164, 0.197259
42, 168, 0.187311
42, 170, 0.194933
42, 552, 0.197259
42, 553, 0.187311
43, 163, 0.178880
43, 164, 0.197259
43, 165, 0.187311
43, 166, 0.194933
43, 534, 0.197259
43, 537, 0.187311
44, 165, 0.206248
44, 167, 0.214385
44, 168, 0.206248
44, 169, 0.214385
44, 189, 0.217214
44, 191, 0.217214
45, 171, 0.214385
45, 173, 0.206248
45, 177, 0.206248
45, 179, 0.214385
45, 189, 0.217214
45, 190, 0.217214
46, 172, 0.194933
46, 173, 0.187311
46, 174, 0.197259
46, 175, 0.178880
46, 546, 0.197259
46, 547, 0.187311
47, 174, 0.197259
47, 176, 0.178880
47, 177, 0.187311
47, 178, 0.194933
47, 209, 0.187311
47, 210, 0.197259
48, 180, 0.214385
48, 182, 0.206248
48, 186, 0.206248
48, 188, 0.214385
48, 190, 0.217214
48, 191, 0.217214
49, 181, 0.194933
49, 182, 0.187311
49, 183, 0.197259
49, 184, 0.178880
49, 204, 0.197259
49, 206, 0.187311
50, 183, 0.197259
50, 185, 0.178880
50, 186, 0.187311
50, 187, 0.194933
50, 558, 0.187311
50, 559, 0.197259
51, 192, 0.178880
51, 194, 0.197259
51, 198, 0.187311
51, 200, 0.194933
51, 498, 0.197259
51, 499, 0.187311
52, 193, 0.178880
52, 194, 0.197259
52, 195, 0.187311
52, 196, 0.194933
52, 516, 0.197259
52, 519, 0.187311
53, 195, 0.206248
53, 197, 0.214385
53, 198, 0.206248
53, 199, 0.214385
53, 215, 0.217214
53, 217, 0.217214
54, 201, 0.214385
54, 203, 0.206248
54, 206, 0.206248
54, 207, 0.214385
54, 215, 0.217214
54, 216, 0.217214
55, 202, 0.194933
55, 203, 0.187311
55, 204, 0.197259
55, 205, 0.178880
55, 528, 0.197259
55, 529, 0.187311
56, 208, 0.214385
56, 209, 0.206248
56, 212, 0.206248
56, 214, 0.214385
56, 216, 0.217214
56, 217, 0.217214
57, 210, 0.197259
57, 211, 0.178880
57, 212, 0.187311
57, 213, 0.194933
57, 504, 0.187311
57, 505, 0.197259
58, 218, 0.178880
58, 220, 0.197259
58, 224, 0.187311
58, 226, 0.194933
58, 249, 0.197259
58, 250, 0.187311
59, 219, 0.178880
59, 220, 0.197258
59, 221, 0.187311
59, 222, 0.194933
59, 498, 0.197259
59, 501, 0.187311
60, 221, 0.206248
60, 223, 0.214385
60, 224, 0.206248
60, 225, 0.214385
60, 245, 0.217214
60, 247, 0.217214
61, 227, 0.214385
61, 229, 0.206248
61, 233, 0.206248
61, 235, 0.214385
61, 245, 0.217214
61, 246, 0.217214
62, 228, 0.194933
62, 229, 0.187311
62, 230, 0.197259
62, 231, 0.178880
62, 510, 0.197259
62, 511, 0.187311
63, 230, 0.197259
63, 232, 0.178880
63, 233, 0.187311
63, 234, 0.194933
63, 612, 0.187311
63, 613, 0.197259
64, 236, 0.214385
64, 238, 0.206248
64, 242, 0.206248
64, 244, 0.214385
64, 246, 0.217214
64, 247, 0.217214
65, 237, 0.194933
65, 238, 0.187311
65, 239, 0.197258
65, 240, 0.178880
65, 606, 0.197259
65, 607, 0.187311
66, 239, 0.197259
66, 241, 0.178880
66, 242, 0.187311
66, 243, 0.194933
66, 256, 0.187311
66, 257, 0.197259
67, 248, 0.178880
67, 249, 0.197258
67, 252, 0.187311
67, 254, 0.194933
67, 516, 0.197259
67, 517, 0.187311
68, 250, 0.206248
68, 251, 0.214385
68, 252, 0.206248
68, 253, 0.214385
68, 271, 0.217214
68, 273, 0.217214
69, 255, 0.214385
69, 256, 0.206248
69, 259, 0.206248
69, 261, 0.214385
69, 271, 0.217214
69, 272, 0.217214
70, 257, 0.197258
70, 258, 0.178880
70, 259, 0.187311
70, 260, 0.194933
70, 624, 0.197259
70, 627, 0.187311
71, 262, 0.214385
71, 264, 0.206248
71, 268, 0.206248
71, 270, 0.214385
71, 272, 0.217214
71, 273, 0.217214
72, 263, 0.194933
72, 264, 0.187311
72, 265, 0.197259
72, 266, 0.178880
72, 636, 0.197259
72, 637, 0.187311
73, 265, 0.197259
73, 267, 0.178880
73, 268, 0.187311
73, 269, 0.194933
73, 522, 0.187311
73, 523, 0.197259
74, 274, 0.178880
74, 276, 0.197259
74, 280, 0.187311
74, 282, 0.194933
74, 305, 0.197259
74, 306, 0.187311
75, 275, 0.178880
75, 276, 0.197258
75, 277, 0.187311
75, 278, 0.194933
75, 552, 0.197259
75, 555, 0.187311
76, 277, 0.206248
76, 279, 0.214385
76, 280, 0.206248
76, 281, 0.214385
76, 301, 0.217214
76, 303, 0.217214
77, 283, 0.214385
77, 285, 0.206248
77, 289, 0.206248
77, 291, 0.214385
77, 301, 0.217214
77, 302, 0.217214
78, 284, 0.194933
78, 285, 0.187311
78, 286, 0.197259
78, 287, 0.178880
78, 564, 0.197259
78, 565, 0.187311
79, 286, 0.197259
79, 288, 0.178880
79, 289, 0.187311
79, 290, 0.194933
79, 594, 0.187311
79, 595, 0.197259
80, 292, 0.214385
80, 294, 0.206248
80, 298, 0.206248
80, 300, 0.214385
80, 302, 0.217214
80, 303, 0.217214
81, 293, 0.194933
81, 294, 0.187311
81, 295, 0.197258
81, 296, 0.178880
81, 588, 0.197259
81, 589, 0.187311
82, 295, 0.197259
82, 297, 0.178880
82, 298, 0.187311
82, 299, 0.194933
82, 312, 0.187311
82, 313, 0.197259
83, 304, 0.178880
83, 305, 0.197258
83, 308, 0.187311
83, 310, 0.194933
83, 534, 0.197259
83, 535, 0.187311
84, 306, 0.206248
84, 307, 0.214385
84, 308, 0.206248
84, 309, 0.214385
84, 327, 0.217214
84, 329, 0.217214
85, 311, 0.214385
85, 312, 0.206248
85, 315, 0.206248
85, 317, 0.214385
85, 327, 0.217214
85, 328, 0.217214
86, 313, 0.197258
86, 314, 0.178880
86, 315, 0.187311
86, 316, 0.194933
86, 570, 0.197259
86, 573, 0.187311
87, 318, 0.214385
87, 320, 0.206248
87, 324, 0.206248
87, 326, 0.214385
87, 328, 0.217214
87, 329, 0.217214
88, 319, 0.194933
88, 320, 0.187311
88, 321, 0.197259
88, 322, 0.178880
88, 582, 0.197259
88, 583, 0.187311
89, 321, 0.197259
89, 323, 0.178880
89, 324, 0.187311
89, 325, 0.194933
89, 540, 0.187311
89, 541, 0.197259
90, 330, 0.178880
90, 332, 0.197259
90, 336, 0.187311
90, 338, 0.194933
90, 624, 0.197259
90, 625, 0.187311
91, 331, 0.178880
91, 332, 0.197259
91, 333, 0.187311
91, 334, 0.194933
91, 606, 0.197259
91, 609, 0.187311
92, 333, 0.206248
92, 335, 0.214385
92, 336, 0.206248
92, 337, 0.214385
92, 357, 0.217214
92, 359, 0.217214
93, 339, 0.214385
93, 341, 0.206248
93, 345, 0.206248
93, 347, 0.214385
93, 357, 0.217214
93, 358, 0.217214
94, 340, 0.194933
94, 341, 0.187311
94, 342, 0.197259
94, 343, 0.178880
94, 618, 0.197259
94, 619, 0.187311
95, 342, 0.197259
95, 344, 0.178880
95, 345, 0.187311
95, 346, 0.194933
95, 377, 0.187311
95, 378, 0.197259
96, 348, 0.214385
96, 350, 0.206248
96, 354, 0.206248
96, 356, 0.214385
96, 358, 0.217214
96, 359, 0.217214
97, 349, 0.194933
97, 350, 0.187311
97, 351, 0.197259
97, 352, 0.178880
97, 372, 0.197259
97, 374, 0.187311
98, 351, 0.197259
98, 353, 0.178880
98, 354, 0.187311
98, 355, 0.194933
98, 630, 0.187311
98, 631, 0.197259
99, 360, 0.178880
99, 362, 0.197259
99, 366, 0.187311
99, 368, 0.194933
99, 570, 0.197259
99, 571, 0.187311
100, 361, 0.178880
100, 362, 0.197259
100, 363, 0.187311
100, 364, 0.194933
100, 588, 0.197259
100, 591, 0.187311
101, 363, 0.206248
101, 365, 0.214385
101, 366, 0.206248
101, 367, 0.214385
101, 383, 0.217214
101, 385, 0.217214
102, 369, 0.214385
102, 371, 0.206248
102, 374, 0.206248
102, 375, 0.214385
102, 383, 0.217214
102, 384, 0.217214
103, 370, 0.194933
103, 371, 0.187311
103, 372, 0.197259
103, 373, 0.178880
103, 600, 0.197259
103, 601, 0.187311
104, 376, 0.214385
104, 377, 0.206248
104, 380, 0.206248
104, 382, 0.214385
104, 384, 0.217214
104, 385, 0.217214
105, 378, 0.197259
105, 379, 0.178880
105, 380, 0.187311
105, 381, 0.194933
105, 576, 0.187311
105, 577, 0.197259
106, 386, 0.178880
106, 388, 0.197259
106, 392, 0.187311
106, 394, 0.194933
106, 505, 0.197259
106, 506, 0.187311
107, 387, 0.178880
107, 388, 0.197259
107, 389, 0.187311
107, 390, 0.194933
107, 545, 0.187311
107, 546, 0.197259
108, 389, 0.206248
108, 391, 0.214385
108, 392, 0.206248
108, 393, 0.214385
108, 413, 0.217214
108, 415, 0.217214
109, 395, 0.214385
109, 397, 0.206248
109, 401, 0.206248
109, 403, 0.214385
109, 413, 0.217214
109, 414, 0.217214
110, 396, 0.194933
110, 397, 0.187311
110, 398, 0.197259
110, 399, 0.178880
110, 541, 0.197259
110, 542, 0.187311
111, 398, 0.197259
111, 400, 0.178880
111, 401, 0.187311
111, 402, 0.194933
111, 433, 0.187311
111, 434, 0.197259
112, 404, 0.214385
112, 406, 0.206248
112, 410, 0.206248
112, 412, 0.214385
112, 414, 0.217214
112, 415, 0.217214
113, 405, 0.194933
113, 406, 0.187311
113, 407, 0.197259
113, 408, 0.178880
113, 428, 0.197259
113, 430, 0.187311
114, 407, 0.197259
114, 409, 0.178880
114, 410, 0.187311
114, 411, 0.194933
114, 509, 0.187311
114, 510, 0.197259
115, 416, 0.178880
115, 418, 0.197259
115, 422, 0.187311
115, 424, 0.194933
115, 577, 0.197259
115, 578, 0.187311
116, 417, 0.178880
116, 418, 0.197259
116, 419, 0.187311
116, 420, 0.194933
116, 617, 0.187311
116, 618, 0.197259
117, 419, 0.206248
117, 421, 0.214385
117, 422, 0.206248
117, 423, 0.214385
117, 439, 0.217214
117, 441, 0.217214
118, 425, 0.214385
118, 427, 0.206248
118, 430, 0.206248
118, 431, 0.214385
118, 439, 0.217214
118, 440, 0.217214
119, 426, 0.194933
119, 427, 0.187311
119, 428, 0.197259
119, 429, 0.178880
119, 613, 0.197259
119, 614, 0.187311
120, 432, 0.214385
120, 433, 0.206248
120, 436, 0.206248
120, 438, 0.214385
120, 440, 0.217214
120, 441, 0.217214
121, 434, 0.197259
121, 435, 0.178880
121, 436, 0.187311
121, 437, 0.194933
121, 581, 0.187311
121, 582, 0.197259
122, 442, 0.178880
122, 444, 0.197259
122, 448, 0.187311
122, 450, 0.194933
122, 559, 0.197259
122, 560, 0.187311
123, 443, 0.178880
123, 444, 0.197259
123, 445, 0.187311
123, 446, 0.194933
123, 527, 0.187311
123, 528, 0.197259
124, 445, 0.206248
124, 447, 0.214385
124, 448, 0.206248
124, 449, 0.214385
124, 469, 0.217214
124, 471, 0.217214
125, 451, 0.214385
125, 453, 0.206248
125, 457, 0.206248
125, 459, 0.214385
125, 469, 0.217214
125, 470, 0.217214
126, 452, 0.194933
126, 453, 0.187311
126, 454, 0.197259
126, 455, 0.178880
126, 523, 0.197259
126, 524, 0.187311
127, 454, 0.197259
127, 456, 0.178880
127, 457, 0.187311
127, 458, 0.194933
127, 489, 0.187311
127, 490, 0.197259
128, 460, 0.214385
128, 462, 0.206248
128, 466, 0.206248
128, 468, 0.214385
128, 470, 0.217214
128, 471, 0.217214
129, 461, 0.194933
129, 462, 0.187311
129, 463, 0.197259
129, 464, 0.178880
129, 484, 0.197259
129, 486, 0.187311
130, 463, 0.197259
130, 465, 0.178880
130, 466, 0.187311
130, 467, 0.194933
130, 563, 0.187311
130, 564, 0.197259
131, 472, 0.178880
131, 474, 0.197259
131, 478, 0.187311
131, 480, 0.194933
131, 631, 0.197259
131, 632, 0.187311
132, 473, 0.178880
132, 474, 0.197259
132, 475, 0.187311
132, 476, 0.194933
132, 599, 0.187311
132, 600, 0.197259
133, 475, 0.206248
133, 477, 0.214385
133, 478, 0.206248
133, 479, 0.214385
133, 495, 0.217214
133, 497, 0.217214
134, 481, 0.214385
134, 483, 0.206248
134, 486, 0.206248
134, 487, 0.214385
134, 495, 0.217214
134, 496, 0.217214
135, 482, 0.194933
135, 483, 0.187311
135, 484, 0.197259
135, 485, 0.178880
135, 595, 0.197259
135, 596, 0.187311
136, 488, 0.214385
136, 489, 0.206248
136, 492, 0.206248
136, 494, 0.214385
136, 496, 0.217214
136, 497, 0.217214
137, 490, 0.197259
137, 491, 0.178880
137, 492, 0.187311
137, 493, 0.194933
137, 635, 0.187311
137, 636, 0.197259
138, 499, 0.206248
138, 500, 0.214385
138, 501, 0.206248
138, 502, 0.214385
138, 513, 0.217214
138, 515, 0.217214
139, 503, 0.214385
139, 504, 0.206248
139, 506, 0.206248
139, 507, 0.214385
139, 513, 0.217214
139, 514, 0.217214
140, 508, 0.214385
140, 509, 0.206248
140, 511, 0.206248
140, 512, 0.214385
140, 514, 0.217214
140, 515, 0.217214
141, 517, 0.206248
141, 518, 0.214385
141, 519, 0.206248
141, 520, 0.214385
141, 531, 0.217214
141, 533, 0.217214
142, 521, 0.214385
142, 522, 0.206248
142, 524, 0.206248
142, 525, 0.214385
142, 531, 0.217214
142, 532, 0.217214
143, 526, 0.214385
143, 527, 0.206248
143, 529, 0.206248
143, 530, 0.214385
143, 532, 0.217214
143, 533, 0.217214
144, 535, 0.206248
144, 536, 0.214385
144, 537, 0.206248
144, 538, 0.214385
144, 549, 0.217214
144, 551, 0.217214
145, 539, 0.214385
145, 540, 0.206248
145, 542, 0.206248
145, 543, 0.214385
145, 549, 0.217214
145, 550, 0.217214
146, 544, 0.214385
146, 545, 0.206248
146, 547, 0.206248
146, 548, 0.214385
146, 550, 0.217214
146, 551, 0.217214
147, 553, 0.206248
147, 554, 0.214385
147, 555, 0.206248
147, 556, 0.214385
147, 567, 0.217214
147, 569, 0.217214
148, 557, 0.214385
148, 558, 0.206248
148, 560, 0.206248
148, 561, 0.214385
148, 567, 0.217214
148, 568, 0.217214
149, 562, 0.214385
149, 563, 0.206248
149, 565, 0.206248
149, 566, 0.214385
149, 568, 0.217214
149, 569, 0.217214
150, 571, 0.206248
150, 572, 0.214385
150, 573, 0.206248
150, 574, 0.214385
150, 585, 0.217214
150, 587, 0.217214
151, 575, 0.214385
151, 576, 0.206248
151, 578, 0.206248
151, 579, 0.214385
151, 585, 0.217214
151, 586, 0.217214
152, 580, 0.214385
152, 581, 0.206248
152, 583, 0.206248
152, 584, 0.214385
152, 586, 0.217214
152, 587, 0.217214
153, 589, 0.206248
153, 590, 0.214385
153, 591, 0.206248
153, 592, 0.214385
153, 603, 0.217214
153, 605, 0.217214
154, 593, 0.214385
154, 594, 0.206248
154, 596, 0.206248
154, 597, 0.214385
154, 603, 0.217214
154, 604, 0.217214
155, 598, 0.214385
155, 599, 0.206248
155, 601, 0.206248
155, 602, 0.214385
155, 604, 0.217214
155, 605, 0.217214
156, 607, 0.206248
156, 608, 0.214385
156, 609, 0.206248
156, 610, 0.214385
156, 621, 0.217214
156, 623, 0.217214
157, 611, 0.214385
157, 612, 0.206248
157, 614, 0.206248
157, 615, 0.214385
157, 621, 0.217214
157, 622, 0.217214
158, 616, 0.214385
158, 617, 0.206248
158, 619, 0.206248
158, 620, 0.214385
158, 622, 0.217214
158, 623, 0.217214
159, 625, 0.206248
159, 626, 0.214385
159, 627, 0.206248
159, 628, 0.214385
159, 639, 0.217214
159, 641, 0.217214
160, 629, 0.214385
160, 630, 0.206248
160, 632, 0.206248
160, 633, 0.214385
160, 639, 0.217214
160, 640, 0.217214
161, 634, 0.214385
161, 635, 0.206248
161, 637, 0.206248
161, 638, 0.214385
161, 640, 0.217214
161, 641, 0.217214
162, 163, 0.186804
162, 164, 0.173681
162, 275, 0.186804
162, 552, 0.173681
163, 164, 0.173681
163, 304, 0.186804
163, 534, 0.173681
164, 165, 0.193860
164, 168, 0.193860
165, 166, 0.203452
165, 167, 0.208365
165, 168, 0.208398
166, 167, 0.198055
166, 537, 0.203452
166, 538, 0.198055
167, 171, 0.213690
167, 189, 0.213652
168, 169, 0.208365
168, 170, 0.203452
169, 170, 0.198055
169, 188, 0.213690
169, 191, 0.213652
170, 553, 0.203452
170, 554, 0.198055
171, 172, 0.198055
171, 173, 0.208365
171, 189, 0.213652
172, 173, 0.203452
172, 547, 0.203452
172, 548, 0.198055
173, 174, 0.193860
173, 177, 0.208398
174, 175, 0.173681
174, 176, 0.173681
174, 177, 0.193860
175, 176, 0.186804
175, 387, 0.186804
175, 546, 0.173681
176, 210, 0.173681
176, 211, 0.186804
177, 178, 0.203452
177, 179, 0.208365
178, 179, 0.198055
178, 208, 0.198055
178, 209, 0.203452
179, 180, 0.213690
179, 190, 0.213652
180, 181, 0.198055
180, 182, 0.208365
180, 190, 0.213652
181, 182, 0.203452
181, 206, 0.203452
181, 207, 0.198055
182, 183, 0.193860
182, 186, 0.208398
183, 184, 0.173681
183, 185, 0.173681
183, 186, 0.193860
184, 185, 0.186804
184, 204, 0.173681
184, 205, 0.186804
185, 442, 0.186804
185, 559, 0.173681
186, 187, 0.203452
186, 188, 0.208365
187, 188, 0.198055
187, 557, 0.198055
187, 558, 0.203452
188, 191, 0.213652
189, 190, 0.219406
189, 191, 0.219406
190, 191, 0.219406
192, 193, 0.186804
192, 194, 0.173681
192, 219, 0.186804
192, 498, 0.173681
193, 194, 0.173681
193, 248, 0.186804
193, 516, 0.173681
194, 195, 0.193860
194, 198, 0.193860
195, 196, 0.203452
195, 197, 0.208365
195, 198, 0.208398
196, 197, 0.198055
196, 519, 0.203452
196, 520, 0.198055
197, 201, 0.213690
197, 215, 0.213652
198, 199, 0.208365
198, 200, 0.203452
199, 200, 0.198055
199, 214, 0.213690
199, 217, 0.213652
200, 499, 0.203452
200, 500, 0.198055
201, 202, 0.198055
201, 203, 0.208365
201, 215, 0.213652
202, 203, 0.203452
202, 529, 0.203452
202, 530, 0.198055
203, 204, 0.193860
203, 206, 0.208398
204, 205, 0.173681
204, 206, 0.193860
205, 443, 0.186804
205, 528, 0.173681
206, 207, 0.208365
207, 208, 0.213690
207, 216, 0.213652
208, 209, 0.208365
208, 216, 0.213652
209, 210, 0.193860
209, 212, 0.208398
210, 211, 0.173681
210, 212, 0.193860
211, 386, 0.186804
211, 505, 0.173681
212, 213, 0.203452
212, 214, 0.208365
213, 214, 0.198055
213, 503, 0.198055
213, 504, 0.203452
214, 217, 0.213652
215, 216, 0.219406
215, 217, 0.219406
216, 217, 0.219406
218, 219, 0.186803
218, 220, 0.173681
218, 248, 0.186803
218, 249, 0.173681
219, 220, 0.173681
219, 498, 0.173681
220, 221, 0.193860
220, 224, 0.193860
221, 222, 0.203452
221, 223, 0.208365
221, 224, 0.208398
222, 223, 0.198055
222, 501, 0.203452
222, 502, 0.198055
223, 227, 0.213690
223, 245, 0.213652
224, 225, 0.208365
224, 226, 0.203452
225, 226, 0.198055
225, 244, 0.213690
225, 247, 0.213652
226, 250, 0.203452
226, 251, 0.198055
227, 228, 0.198055
227, 229, 0.208365
227, 245, 0.213652
228, 229, 0.203452
228, 511, 0.203452
228, 512, 0.198055
229, 230, 0.193860
229, 233, 0.208398
230, 231, 0.173681
230, 232, 0.173681
230, 233, 0.193860
231, 232, 0.186804
231, 409, 0.186804
231, 510, 0.173681
232, 429, 0.186804
232, 613, 0.173681
233, 234, 0.203452
233, 235, 0.208365
234, 235, 0.198055
234, 611, 0.198055
234, 612, 0.203452
235, 236, 0.213690
235, 246, 0.213652
236, 237, 0.198055
236, 238, 0.208365
236, 246, 0.213652
237, 238, 0.203452
237, 607, 0.203452
237, 608, 0.198055
238, 239, 0.193860
238, 242, 0.208398
239, 240, 0.173681
239, 241, 0.173681
239, 242, 0.193860
240, 241, 0.186803
240, 331, 0.186804
240, 606, 0.173681
241, 257, 0.173681
241, 258, 0.186803
242, 243, 0.203452
242, 244, 0.208365
243, 244, 0.198055
243, 255, 0.198055
243, 256, 0.203452
244, 247, 0.213652
245, 246, 0.219406
245, 247, 0.219406
246, 247, 0.219406
248, 249, 0.173681
248, 516, 0.173681
249, 250, 0.193860
249, 252, 0.193860
250, 251, 0.208365
250, 252, 0.208398
251, 255, 0.213690
251, 271, 0.213652
252, 253, 0.208365
252, 254, 0.203452
253, 254, 0.198055
253, 270, 0.213690
253, 273, 0.213652
254, 517, 0.203452
254, 518, 0.198055
255, 256, 0.208365
255, 271, 0.213652
256, 257, 0.193860
256, 259, 0.208398
257, 258, 0.173681
257, 259, 0.193860
258, 330, 0.186804
258, 624, 0.173681
259, 260, 0.203452
259, 261, 0.208365
260, 261, 0.198055
260, 627, 0.203452
260, 628, 0.198055
261, 262, 0.213690
261, 272, 0.213652
262, 263, 0.198055
262, 264, 0.208365
262, 272, 0.213652
263, 264, 0.203452
263, 637, 0.203452
263, 638, 0.198055
264, 265, 0.193860
264, 268, 0.208398
265, 266, 0.173681
265, 267, 0.173681
265, 268, 0.193860
266, 267, 0.186804
266, 491, 0.186804
266, 636, 0.173681
267, 455, 0.186804
267, 523, 0.173681
268, 269, 0.203452
268, 270, 0.208365
269, 270, 0.198055
269, 521, 0.198055
269, 522, 0.203452
270, 273, 0.213652
271, 272, 0.219406
271, 273, 0.219406
272, 273, 0.219406
274, 275, 0.186803
274, 276, 0.173681
274, 304, 0.186803
274, 305, 0.173681
275, 276, 0.173681
275, 552, 0.173681
276, 277, 0.193860
276, 280, 0.193860
277, 278, 0.203452
277, 279, 0.208365
277, 280, 0.208398
278, 279, 0.198055
278, 555, 0.203452
278, 556, 0.198055
279, 283, 0.213690
279, 301, 0.213652
280, 281, 0.208365
280, 282, 0.203452
281, 282, 0.198055
281, 300, 0.213690
281, 303, 0.213652
282, 306, 0.203452
282, 307, 0.198055
283, 284, 0.198055
283, 285, 0.208365
283, 301, 0.213652
284, 285, 0.203452
284, 565, 0.203452
284, 566, 0.198055
285, 286, 0.193860
285, 289, 0.208398
286, 287, 0.173681
286, 288, 0.173681
286, 289, 0.193860
287, 288, 0.186804
287, 465, 0.186804
287, 564, 0.173681
288, 485, 0.186804
288, 595, 0.173681
289, 290, 0.203452
289, 291, 0.208365
290, 291, 0.198055
290, 593, 0.198055
290, 594, 0.203452
291, 292, 0.213690
291, 302, 0.213652
292, 293, 0.198055
292, 294, 0.208365
292, 302, 0.213652
293, 294, 0.203452
293, 589, 0.203452
293, 590, 0.198055
294, 295, 0.193860
294, 298, 0.208398
295, 296, 0.173681
295, 297, 0.173681
295, 298, 0.193860
296, 297, 0.186803
296, 361, 0.186804
296, 588, 0.173681
297, 313, 0.173681
297, 314, 0.186803
298, 299, 0.203452
298, 300, 0.208365
299, 300, 0.198055
299, 311, 0.198055
299, 312, 0.203452
300, 303, 0.213652
301, 302, 0.219406
301, 303, 0.219406
302, 303, 0.219406
304, 305, 0.173681
304, 534, 0.173681
305, 306, 0.193860
305, 308, 0.193860
306, 307, 0.208365
306, 308, 0.208398
307, 311, 0.213690
307, 327, 0.213652
308, 309, 0.208365
308, 310, 0.203452
309, 310, 0.198055
309, 326, 0.213690
309, 329, 0.213652
310, 535, 0.203452
310, 536, 0.198055
311, 312, 0.208365
311, 327, 0.213652
312, 313, 0.193860
312, 315, 0.208398
313, 314, 0.173681
313, 315, 0.193860
314, 360, 0.186804
314, 570, 0.173681
315, 316, 0.203452
315, 317, 0.208365
316, 317, 0.198055
316, 573, 0.203452
316, 574, 0.198055
317, 318, 0.213690
317, 328, 0.213652
318, 319, 0.198055
318, 320, 0.208365
318, 328, 0.213652
319, 320, 0.203452
319, 583, 0.203452
319, 584, 0.198055
320, 321, 0.193860
320, 324, 0.208398
321, 322, 0.173681
321, 323, 0.173681
321, 324, 0.193860
322, 323, 0.186804
322, 435, 0.186804
322, 582, 0.173681
323, 399, 0.186804
323, 541, 0.173681
324, 325, 0.203452
324, 326, 0.208365
325, 326, 0.198055
325, 539, 0.198055
325, 540, 0.203452
326, 329, 0.213652
327, 328, 0.219406
327, 329, 0.219406
328, 329, 0.219406
330, 331, 0.186804
330, 332, 0.173681
330, 624, 0.173681
331, 332, 0.173681
331, 606, 0.173681
332, 333, 0.193860
332, 336, 0.193860
333, 334, 0.203452
333, 335, 0.208365
333, 336, 0.208398
334, 335, 0.198055
334, 609, 0.203452
334, 610, 0.198055
335, 339, 0.213690
335, 357, 0.213652
336, 337, 0.208365
336, 338, 0.203452
337, 338, 0.198055
337, 356, 0.213690
337, 359, 0.213652
338, 625, 0.203452
338, 626, 0.198055
339, 340, 0.198055
339, 341, 0.208365
339, 357, 0.213652
340, 341, 0.203452
340, 619, 0.203452
340, 620, 0.198055
341, 342, 0.193860
341, 345, 0.208398
342, 343, 0.173681
342, 344, 0.173681
342, 345, 0.193860
343, 344, 0.186804
343, 417, 0.186804
343, 618, 0.173681
344, 378, 0.173681
344, 379, 0.186804
345, 346, 0.203452
345, 347, 0.208365
346, 347, 0.198055
346, 376, 0.198055
346, 377, 0.203452
347, 348, 0.213690
347, 358, 0.213652
348, 349, 0.198055
348, 350, 0.208365
348, 358, 0.213652
349, 350, 0.203452
349, 374, 0.203452
349, 375, 0.198055
350, 351, 0.193860
350, 354, 0.208398
351, 352, 0.173681
351, 353, 0.173681
351, 354, 0.193860
352, 353, 0.186804
352, 372, 0.173681
352, 373, 0.186804
353, 472, 0.186804
353, 631, 0.173681
354, 355, 0.203452
354, 356, 0.208365
355, 356, 0.198055
355, 629, 0.198055
355, 630, 0.203452
356, 359, 0.213652
357, 358, 0.219406
357, 359, 0.219406
358, 359, 0.219406
360, 361, 0.186804
360, 362, 0.173681
360, 570, 0.173681
361, 362, 0.173681
361, 588, 0.173681
362, 363, 0.193860
362, 366, 0.193860
363, 364, 0.203452
363, 365, 0.208365
363, 366, 0.208398
364, 365, 0.198055
364, 591, 0.203452
364, 592, 0.198055
365, 369, 0.213690
365, 383, 0.213652
366, 367, 0.208365
366, 368, 0.203452
367, 368, 0.198055
367, 382, 0.213690
367, 385, 0.213652
368, 571, 0.203452
368, 572, 0.198055
369, 370, 0.198055
369, 371, 0.208365
369, 383, 0.213652
370, 371, 0.203452
370, 601, 0.203452
370, 602, 0.198055
371, 372, 0.193860
371, 374, 0.208398
372, 373, 0.173681
372, 374, 0.193860
373, 473, 0.186804
373, 600, 0.173681
374, 375, 0.208365
375, 376, 0.213690
375, 384, 0.213652
376, 377, 0.208365
376, 384, 0.213652
377, 378, 0.193860
377, 380, 0.208398
378, 379, 0.173681
378, 380, 0.193860
379, 416, 0.186804
379, 577, 0.173681
380, 381, 0.203452
380, 382, 0.208365
381, 382, 0.198055
381, 575, 0.198055
381, 576, 0.203452
382, 385, 0.213652
383, 384, 0.219406
383, 385, 0.219406
384, 385, 0.219406
386, 387, 0.186804
386, 388, 0.173681
386, 505, 0.173681
387, 388, 0.173681
387, 546, 0.173681
388, 389, 0.193860
388, 392, 0.193860
389, 390, 0.203452
389, 391, 0.208365
389, 392, 0.208398
390, 391, 0.198055
390, 544, 0.198055
390, 545, 0.203452
391, 395, 0.213690
391, 413, 0.213652
392, 393, 0.208365
392, 394, 0.203452
393, 394, 0.198055
393, 412, 0.213690
393, 415, 0.213652
394, 506, 0.203452
394, 507, 0.198055
395, 396, 0.198055
395, 397, 0.208365
395, 413, 0.213652
396, 397, 0.203452
396, 542, 0.203452
396, 543, 0.198055
397, 398, 0.193860
397, 401, 0.208398
398, 399, 0.173681
398, 400, 0.173681
398, 401, 0.193860
399, 400, 0.186804
399, 541, 0.173681
400, 434, 0.173681
400, 435, 0.186804
401, 402, 0.203452
401, 403, 0.208365
402, 403, 0.198055
402, 432, 0.198055
402, 433, 0.203452
403, 404, 0.213690
403, 414, 0.213652
404, 405, 0.198055
404, 406, 0.208365
404, 414, 0.213652
405, 406, 0.203452
405, 430, 0.203452
405, 431, 0.198055
406, 407, 0.193860
406, 410, 0.208398
407, 408, 0.173681
407, 409, 0.173681
407, 410, 0.193860
408, 409, 0.186804
408, 428, 0.173681
408, 429, 0.186804
409, 510, 0.173681
410, 411, 0.203452
410, 412, 0.208365
411, 412, 0.198055
411, 508, 0.198055
411, 509, 0.203452
412, 415, 0.213652
413, 414, 0.219406
413, 415, 0.219406
414, 415, 0.219406
416, 417, 0.186804
416, 418, 0.173681
416, 577, 0.173681
417, 418, 0.173681
417, 618, 0.173681
418, 419, 0.193860
418, 422, 0.193860
419, 420, 0.203452
419, 421, 0.208365
419, 422, 0.208398
420, 421, 0.198055
420, 616, 0.198055
420, 617, 0.203452
421, 425, 0.213690
421, 439, 0.213652
422, 423, 0.208365
422, 424, 0.203452
423, 424, 0.198055
423, 438, 0.213690
423, 441, 0.213652
424, 578, 0.203452
424, 579, 0.198055
425, 426, 0.198055
425, 427, 0.208365
425, 439, 0.213652
426, 427, 0.203452
426, 614, 0.203452
426, 615, 0.198055
427, 428, 0.193860
427, 430, 0.208398
428, 429, 0.173681
428, 430, 0.193860
429, 613, 0.173681
430, 431, 0.208365
431, 432, 0.213690
431, 440, 0.213652
432, 433, 0.208365
432, 440, 0.213652
433, 434, 0.193860
433, 436, 0.208398
434, 435, 0.173681
434, 436, 0.193860
435, 582, 0.173681
436, 437, 0.203452
436, 438, 0.208365
437, 438, 0.198055
437, 580, 0.198055
437, 581, 0.203452
438, 441, 0.213652
439, 440, 0.219406
439, 441, 0.219406
440, 441, 0.219406
442, 443, 0.186804
442, 444, 0.173681
442, 559, 0.173681
443, 444, 0.173681
443, 528, 0.173681
444, 445, 0.193860
444, 448, 0.193860
445, 446, 0.203452
445, 447, 0.208365
445, 448, 0.208398
446, 447, 0.198055
446, 526, 0.198055
446, 527, 0.203452
447, 451, 0.213690
447, 469, 0.213652
448, 449, 0.208365
448, 450, 0.203452
449, 450, 0.198055
449, 468, 0.213690
449, 471, 0.213652
450, 560, 0.203452
450, 561, 0.198055
451, 452, 0.198055
451, 453, 0.208365
451, 469, 0.213652
452, 453, 0.203452
452, 524, 0.203452
452, 525, 0.198055
453, 454, 0.193860
453, 457, 0.208398
454, 455, 0.173681
454, 456, 0.173681
454, 457, 0.193860
455, 456, 0.186804
455, 523, 0.173681
456, 490, 0.173681
456, 491, 0.186804
457, 458, 0.203452
457, 459, 0.208365
458, 459, 0.198055
458, 488, 0.198055
458, 489, 0.203452
459, 460, 0.213690
459, 470, 0.213652
460, 461, 0.198055
460, 462, 0.208365
460, 470, 0.213652
461, 462, 0.203452
461, 486, 0.203452
461, 487, 0.198055
462, 463, 0.193860
462, 466, 0.208398
463, 464, 0.173681
463, 465, 0.173681
463, 466, 0.193860
464, 465, 0.186804
464, 484, 0.173681
464, 485, 0.186804
465, 564, 0.173681
466, 467, 0.203452
466, 468, 0.208365
467, 468, 0.198055
467, 562, 0.198055
467, 563, 0.203452
468, 471, 0.213652
469, 470, 0.219406
469, 471, 0.219406
470, 471, 0.219406
472, 473, 0.186804
472, 474, 0.173681
472, 631, 0.173681
473, 474, 0.173681
473, 600, 0.173681
474, 475, 0.193860
474, 478, 0.193860
475, 476, 0.203452
475, 477, 0.208365
475, 478, 0.208398
476, 477, 0.198055
476, 598, 0.198055
476, 599, 0.203452
477, 481, 0.213690
477, 495, 0.213652
478, 479, 0.208365
478, 480, 0.203452
479, 480, 0.198055
479, 494, 0.213690
479, 497, 0.213652
480, 632, 0.203452
480, 633, 0.198055
481, 482, 0.198055
481, 483, 0.208365
481, 495, 0.213652
482, 483, 0.203452
482, 596, 0.203452
482, 597, 0.198055
483, 484, 0.193860
483, 486, 0.208398
484, 485, 0.173681
484, 486, 0.193860
485, 595, 0.173681
486, 487, 0.208365
487, 488, 0.213690
487, 496, 0.213652
488, 489, 0.208365
488, 496, 0.213652
489, 490, 0.193860
489, 492, 0.208398
490, 491, 0.173681
490, 492, 0.193860
491, 636, 0.173681
492, 493, 0.203452
492, 494, 0.208365
493, 494, 0.198055
493, 634, 0.198055
493, 635, 0.203452
494, 497, 0.213652
495, 496, 0.219406
495, 497, 0.219406
496, 497, 0.219406
498, 499, 0.193860
498, 501, 0.193860
499, 500, 0.208365
499, 501, 0.208398
500, 503, 0.213690
500, 513, 0.213652
501, 502, 0.208365
502, 512, 0.213690
502, 515, 0.213652
503, 504, 0.208365
503, 513, 0.213652
504, 505, 0.193860
504, 506, 0.208398
505, 506, 0.193860
506, 507, 0.208365
507, 508, 0.213690
507, 514, 0.213652
508, 509, 0.208365
508, 514, 0.213652
509, 510, 0.193860
509, 511, 0.208398
510, 511, 0.193860
511, 512, 0.208365
512, 515, 0.213652
513, 514, 0.219406
513, 515, 0.219406
514, 515, 0.219406
516, 517, 0.193860
516, 519, 0.193860
517, 518, 0.208365
517, 519, 0.208398
518, 521, 0.213690
518, 531, 0.213652
519, 520, 0.208365
520, 530, 0.213690
520, 533, 0.213652
521, 522, 0.208365
521, 531, 0.213652
522, 523, 0.193860
522, 524, 0.208398
523, 524, 0.193860
524, 525, 0.208365
525, 526, 0.213690
525, 532, 0.213652
526, 527, 0.208365
526, 532, 0.213652
527, 528, 0.193860
527, 529, 0.208398
528, 529, 0.193860
529, 530, 0.208365
530, 533, 0.213652
531, 532, 0.219406
531, 533, 0.219406
532, 533, 0.219406
534, 535, 0.193860
534, 537, 0.193860
535, 536, 0.208365
535, 537, 0.208398
536, 539, 0.213690
536, 549, 0.213652
537, 538, 0.208365
538, 548, 0.213690
538, 551, 0.213652
539, 540, 0.208365
539, 549, 0.213652
540, 541, 0.193860
540, 542, 0.208398
541, 542, 0.193860
542, 543, 0.208365
543, 544, 0.213690
543, 550, 0.213652
544, 545, 0.208365
544, 550, 0.213652
545, 546, 0.193860
545, 547, 0.208398
546, 547, 0.193860
547, 548, 0.208365
548, 551, 0.213652
549, 550, 0.219406
549, 551, 0.219406
550, 551, 0.219406
552, 553, 0.193860
552, 555, 0.193860
553, 554, 0.208365
553, 555, 0.208398
554, 557, 0.213690
554, 567, 0.213652
555, 556, 0.208365
556, 566, 0.213690
556, 569, 0.213652
557, 558, 0.208365
557, 567, 0.213652
558, 559, 0.193860
558, 560, 0.208398
559, 560, 0.193860
560, 561, 0.208365
561, 562, 0.213690
561, 568, 0.213652
562, 563, 0.208365
562, 568, 0.213652
563, 564, 0.193860
563, 565, 0.208398
564, 565, 0.193860
565, 566, 0.208365
566, 569, 0.213652
567, 568, 0.219406
567, 569, 0.219406
568, 569, 0.219406
570, 571, 0.193860
570, 573, 0.193860
571, 572, 0.208365
571, 573, 0.208398
572, 575, 0.213690
572, 585, 0.213652
573, 574, 0.208365
574, 584, 0.213690
574, 587, 0.213652
575, 576, 0.208365
575, 585, 0.213652
576, 577, 0.193860
576, 578, 0.208398
577, 578, 0.193860
578, 579, 0.208365
579, 580, 0.213690
579, 586, 0.213652
580, 581, 0.208365
580, 586, 0.213652
581, 582, 0.193860
581, 583, 0.208398
582, 583, 0.193860
583, 584, 0.208365
584, 587, 0.213652
585, 586, 0.219406
585, 587, 0.219406
586, 587, 0.219406
588, 589, 0.193860
588, 591, 0.193860
589, 590, 0.208365
589, 591, 0.208398
590, 593, 0.213690
590, 603, 0.213652
591, 592, 0.208365
592, 602, 0.213690
592, 605, 0.213652
593, 594, 0.208365
593, 603, 0.213652
594, 595, 0.193860
594, 596, 0.208398
595, 596, 0.193860
596, 597, 0.208365
597, 598, 0.213690
597, 604, 0.213652
598, 599, 0.208365
598, 604, 0.213652
599, 600, 0.193860
599, 601, 0.208398
600, 601, 0.193860
601, 602, 0.208365
602, 605, 0.213652
603, 604, 0.219406
603, 605, 0.219406
604, 605, 0.219406
606, 607, 0.193860
606, 609, 0.193860
607, 608, 0.208365
607, 609, 0.208398
608, 611, 0.213690
608, 621, 0.213652
609, 610, 0.208365
610, 620, 0.213690
610, 623, 0.213652
611, 612, 0.208365
611, 621, 0.213652
612, 613, 0.193860
612, 614, 0.208398
613, 614, 0.193860
614, 615, 0.208365
615, 616, 0.213690
615, 622, 0.213652
616, 617, 0.208365
616, 622, 0.213652
617, 618, 0.193860
617, 619, 0.208398
618, 619, 0.193860
619, 620, 0.208365
620, 623, 0.213652
621, 622, 0.219406
621, 623, 0.219406
622, 623, 0.219406
624, 625, 0.193860
624, 627, 0.193860
625, 626, 0.208365
625, 627, 0.208398
626, 629, 0.213690
626, 639, 0.213652
627, 628, 0.208365
628, 638, 0.213690
628, 641, 0.213652
629, 630, 0.208365
629, 639, 0.213652
630, 631, 0.193860
630, 632, 0.208398
631, 632, 0.193860
632, 633, 0.208365
633, 634, 0.213690
633, 640, 0.213652
634, 635, 0.208365
634, 640, 0.213652
635, 636, 0.193860
635, 637, 0.208398
636, 637, 0.193860
637, 638, 0.208365
638, 641, 0.213652
639, 640, 0.219406
639, 641, 0.219406
640, 641, 0.219406
