source_idx: 103
h_value: 1.951094

points:
0.000000, 6.834505, -11.058461, 23.720607
0.000000, 6.834505, 11.058461, 29.748026
0.000000, -6.834505, 11.058461, 17.120098
-6.834505, 11.058461, 0.000000, 37.540450
-6.834505, -11.058461, 0.000000, 13.579085
6.834505, 11.058461, 0.000000, 27.261619
6.834505, -11.058461, 0.000000, 3.300255
0.000000, -6.834505, -11.058461, 11.092679
11.058461, 0.000000, 6.834505, 17.120097
-11.058461, 0.000000, 6.834505, 27.261619
-11.058461, 0.000000, -6.834505, 23.720607
11.058461, 0.000000, -6.834505, 13.579086
4.017221, 10.517221, -6.500000, 26.384610
-4.017221, 10.517221, -6.500000, 30.805636
0.000000, 13.000000, 0.000000, 33.986295
-4.017221, 10.517221, 6.500000, 36.944493
4.017221, 10.517221, 6.500000, 30.171767
0.000000, 0.000000, 13.000000, 23.555786
-6.500000, 4.017221, 10.517221, 30.171766
-6.500000, -4.017221, 10.517221, 22.346463
6.500000, 4.017221, 10.517221, 23.555786
6.500000, -4.017221, 10.517221, 16.524141
0.000000, 0.000000, -13.000000, 17.284919
6.500000, 4.017221, -10.517221, 18.494241
6.500000, -4.017221, -10.517221, 10.668938
-6.500000, 4.017221, -10.517221, 24.316564
-6.500000, -4.017221, -10.517221, 17.284918
4.017221, -10.517221, 6.500000, 10.035069
-4.017221, -10.517221, 6.500000, 14.456094
0.000000, -13.000000, 0.000000, 6.854410
-4.017221, -10.517221, -6.500000, 10.668938
4.017221, -10.517221, -6.500000, 3.896212
-10.517221, 6.500000, 4.017221, 33.986294
-10.517221, 6.500000, -4.017221, 30.805635
-13.000000, 0.000000, 0.000000, 26.384610
-10.517221, -6.500000, -4.017221, 18.494241
-10.517221, -6.500000, 4.017221, 20.420352
10.517221, 6.500000, -4.017221, 20.420352
10.517221, 6.500000, 4.017221, 22.346463
13.000000, 0.000000, 0.000000, 14.456095
10.517221, -6.500000, 4.017221, 10.035069
10.517221, -6.500000, -4.017221, 6.854411
1.919072, 8.862338, -9.315370, 25.104890
-1.919072, 8.862338, -9.315370, 26.978595
0.000000, 11.058460, -6.834505, 28.941730
-2.111978, 12.363734, -3.417252, 33.173305
-5.757215, 11.234442, -3.105123, 34.569837
-3.838143, 12.420493, 0.000000, 36.988482
2.111978, 12.363734, -3.417252, 30.268746
3.838143, 12.420493, 0.000000, 30.408238
5.757215, 11.234442, -3.105123, 27.131885
-1.919072, 8.862338, 9.315370, 33.048281
1.919072, 8.862338, 9.315370, 30.408237
0.000000, 11.058460, 6.834505, 33.896607
2.111978, 12.363734, 3.417252, 32.755066
5.757215, 11.234442, 3.105123, 28.912189
-2.111978, 12.363734, 3.417252, 36.997828
-5.757215, 11.234442, 3.105123, 40.840704
0.000000, 3.838143, 12.420493, 26.978595
-3.105123, 5.757215, 11.234442, 30.408237
-3.417252, 2.111978, 12.363734, 26.987832
-6.834505, 0.000000, 11.058460, 26.285428
-9.315370, 1.919072, 8.862338, 28.912189
-9.315370, -1.919072, 8.862338, 25.104889
-3.417252, -2.111978, 12.363734, 23.080248
-3.105123, -5.757215, 11.234442, 19.502829
0.000000, -3.838143, 12.420493, 20.070138
3.105123, 5.757215, 11.234442, 26.978595
3.417252, 2.111978, 12.363734, 23.720607
3.417252, -2.111978, 12.363734, 20.034924
3.105123, -5.757215, 11.234442, 16.702844
6.834505, 0.000000, 11.058460, 20.034924
9.315370, -1.919072, 8.862338, 16.702844
9.315370, 1.919072, 8.862338, 20.070138
0.000000, 3.838143, -12.420493, 20.770567
3.105123, 5.757215, -11.234442, 21.337876
3.417252, 2.111978, -12.363734, 17.760456
6.834505, 0.000000, -11.058460, 14.555277
9.315370, 1.919072, -8.862338, 15.735815
9.315370, -1.919072, -8.862338, 11.928516
3.417252, -2.111978, -12.363734, 13.852872
3.105123, -5.757215, -11.234442, 10.432467
0.000000, -3.838143, -12.420493, 13.862110
-3.105123, 5.757215, -11.234442, 24.137860
-3.417252, 2.111978, -12.363734, 20.805780
-3.417252, -2.111978, -12.363734, 17.120097
-3.105123, -5.757215, -11.234442, 13.862110
-6.834505, 0.000000, -11.058460, 20.805780
-9.315370, -1.919072, -8.862338, 20.770567
-9.315370, 1.919072, -8.862338, 24.137861
1.919072, -8.862338, 9.315370, 13.862110
-1.919072, -8.862338, 9.315370, 15.735815
0.000000, -11.058460, 6.834505, 11.898975
-2.111978, -12.363734, 3.417252, 10.571959
-5.757215, -11.234442, 3.105123, 13.708820
-3.838143, -12.420493, 0.000000, 10.432467
2.111978, -12.363734, 3.417252, 7.667400
3.838143, -12.420493, 0.000000, 3.852222
5.757215, -11.234442, 3.105123, 6.270867
-1.919072, -8.862338, -9.315370, 10.432467
1.919072, -8.862338, -9.315370, 7.792424
0.000000, -11.058460, -6.834505, 6.944097
2.111978, -12.363734, -3.417252, 3.842877
5.757215, -11.234442, -3.105123, 0.000000
-2.111978, -12.363734, -3.417252, 8.085638
-5.757215, -11.234442, -3.105123, 11.928515
-8.862338, 9.315370, 1.919072, 36.988482
-8.862338, 9.315370, -1.919072, 34.569837
-11.058460, 6.834505, 0.000000, 33.173305
-12.363734, 3.417252, -2.111978, 28.941730
-11.234442, 3.105123, -5.757215, 26.978595
-12.420493, 0.000000, -3.838143, 25.104889
-12.363734, 3.417252, 2.111978, 30.268746
-12.420493, 0.000000, 3.838143, 27.131884
-11.234442, 3.105123, 5.757215, 30.408237
-8.862338, -9.315370, -1.919072, 15.735815
-8.862338, -9.315370, 1.919072, 16.702844
-11.058460, -6.834505, 0.000000, 19.410420
-12.363734, -3.417252, 2.111978, 23.475134
-11.234442, -3.105123, 5.757215, 24.137860
-12.363734, -3.417252, -2.111978, 22.446375
-11.234442, -3.105123, -5.757215, 21.337876
8.862338, 9.315370, -1.919072, 24.137861
8.862338, 9.315370, 1.919072, 25.104890
11.058460, 6.834505, 0.000000, 21.430284
12.363734, 3.417252, 2.111978, 18.394330
11.234442, 3.105123, 5.757215, 19.502829
12.420493, 0.000000, 3.838143, 15.735815
12.363734, 3.417252, -2.111978, 17.365570
12.420493, 0.000000, -3.838143, 13.708820
11.234442, 3.105123, -5.757215, 16.702844
8.862338, -9.315370, 1.919072, 6.270868
8.862338, -9.315370, -1.919072, 3.852222
11.058460, -6.834505, 0.000000, 7.667400
12.363734, -3.417252, -2.111978, 10.571959
11.234442, -3.105123, -5.757215, 10.432467
12.363734, -3.417252, 2.111978, 11.898975
11.234442, -3.105123, 5.757215, 13.862110
-5.529230, 7.641208, 8.946483, 33.896607
-7.641208, 8.946483, 5.529230, 36.997827
-8.946483, 5.529230, 7.641208, 32.755066
5.529230, 7.641208, 8.946483, 26.987832
8.946483, 5.529230, 7.641208, 23.080248
7.641208, 8.946483, 5.529230, 26.285428
-5.529230, 7.641208, -8.946483, 27.711911
-8.946483, 5.529230, -7.641208, 27.711911
-7.641208, 8.946483, -5.529230, 31.513031
5.529230, 7.641208, -8.946483, 22.446375
7.641208, 8.946483, -5.529230, 23.475135
8.946483, 5.529230, -7.641208, 19.410421
-5.529230, -7.641208, -8.946483, 13.852872
-7.641208, -8.946483, -5.529230, 14.555276
-8.946483, -5.529230, -7.641208, 17.760456
5.529230, -7.641208, -8.946483, 6.944098
8.946483, -5.529230, -7.641208, 8.085638
7.641208, -8.946483, -5.529230, 3.842877
-5.529230, -7.641208, 8.946483, 18.394329
-8.946483, -5.529230, 7.641208, 21.430284
-7.641208, -8.946483, 5.529230, 17.365569
5.529230, -7.641208, 8.946483, 13.128793
7.641208, -8.946483, 5.529230, 9.327674
8.946483, -5.529230, 7.641208, 13.128793
0.911178, 7.852565, -10.320222, 24.399728
-0.911178, 7.852565, -10.320222, 25.255647
0.000000, 8.960509, -9.418559, 26.092507
-1.016512, 10.016813, -8.223755, 27.981862
-2.977583, 9.780471, -8.029719, 28.852094
-2.084647, 10.915353, -6.746059, 30.012011
1.016512, 10.016813, -8.223755, 26.931078
2.084647, 10.915353, -6.746059, 27.692030
2.977583, 9.780471, -8.029719, 25.787053
-3.126971, 11.559546, -5.059545, 32.092536
-4.962639, 11.007302, -4.817832, 32.744561
-4.066048, 11.901530, -3.289502, 34.118017
-4.850825, 11.958485, -1.569760, 35.996048
-6.378248, 11.231400, -1.474317, 36.194658
-5.467069, 11.794539, 0.000000, 37.664262
-3.049536, 12.529770, -1.644751, 35.177243
-1.985056, 12.847550, 0.000000, 35.661315
-1.042323, 12.847927, -1.686515, 33.843264
1.042323, 12.847927, -1.686515, 32.209755
1.985056, 12.847550, 0.000000, 32.185454
3.049536, 12.529770, -1.644751, 30.479099
4.850825, 11.958485, -1.569760, 28.799849
5.467069, 11.794539, 0.000000, 28.750324
6.378248, 11.231400, -1.474317, 27.260881
4.066048, 11.901530, -3.289502, 28.659749
4.962639, 11.007302, -4.817832, 26.842209
3.126971, 11.559546, -5.059545, 28.288260
-1.070207, 11.868773, -5.194892, 31.058500
0.000000, 12.530196, -3.463261, 31.831541
1.070207, 11.868773, -5.194892, 29.740587
-0.911178, 7.852565, 10.320222, 31.301912
0.911178, 7.852565, 10.320222, 30.151646
0.000000, 8.960509, 9.418559, 31.819051
1.016512, 10.016813, 8.223755, 32.099899
2.977583, 9.780471, 8.029719, 30.432705
2.084647, 10.915353, 6.746059, 32.020749
-1.016512, 10.016813, 8.223755, 33.667885
-2.084647, 10.915353, 6.746059, 35.624471
-2.977583, 9.780471, 8.029719, 34.951641
3.126971, 11.559546, 5.059545, 31.541263
4.962639, 11.007302, 4.817832, 29.639196
4.066048, 11.901530, 3.289502, 30.741003
4.850825, 11.958485, 1.569760, 29.765825
6.378248, 11.231400, 1.474317, 28.091323
3.049536, 12.529770, 1.644751, 31.628672
1.042323, 12.847927, 1.686515, 33.617252
-1.042323, 12.847927, 1.686515, 35.624471
-3.049536, 12.529770, 1.644751, 37.493490
-4.850825, 11.958485, 1.569760, 38.914594
-6.378248, 11.231400, 1.474317, 39.094336
-4.066048, 11.901530, 3.289502, 39.011891
-4.962639, 11.007302, 4.817832, 38.937344
-3.126971, 11.559546, 5.059545, 37.538868
1.070207, 11.868773, 5.194892, 33.578433
0.000000, 12.530196, 3.463261, 34.876447
-1.070207, 11.868773, 5.194892, 35.635159
0.000000, 5.467069, 11.794539, 28.465994
-1.474317, 6.378248, 11.231400, 30.151646
-1.569760, 4.850825, 11.958485, 28.715464
-3.289502, 4.066048, 11.901530, 28.802593
-4.817832, 4.962639, 11.007302, 30.432705
-5.059545, 3.126970, 11.559545, 28.666322
-1.644751, 3.049536, 12.529769, 27.062126
-1.686515, 1.042323, 12.847927, 25.246935
0.000000, 1.985056, 12.847550, 25.319679
-6.746059, 2.084647, 10.915353, 28.288260
-8.029719, 2.977583, 9.780471, 29.639195
-8.223755, 1.016512, 10.016813, 27.709329
-9.418559, 0.000000, 8.960509, 27.010389
-10.320222, 0.911178, 7.852565, 28.091323
-10.320222, -0.911178, 7.852565, 26.274894
-8.223755, -1.016512, 10.016813, 25.722221
-8.029719, -2.977583, 9.780471, 23.776501
-6.746059, -2.084647, 10.915353, 24.269597
-5.059545, -3.126970, 11.559545, 22.731971
-4.817832, -4.962639, 11.007302, 20.894599
-3.289502, -4.066048, 11.901530, 21.206547
-1.569760, -4.850825, 11.958485, 19.779609
-1.474317, -6.378248, 11.231400, 18.233654
0.000000, -5.467069, 11.794539, 18.506059
-1.644751, -3.049536, 12.529769, 21.507452
0.000000, -1.985056, 12.847550, 21.776057
-1.686515, -1.042323, 12.847927, 23.360279
-5.194892, 1.070207, 11.868773, 26.725011
-5.194892, -1.070207, 11.868773, 24.708374
-3.463261, 0.000000, 12.530196, 25.043867
1.474317, 6.378248, 11.231400, 28.465995
1.569760, 4.850825, 11.958485, 27.058240
1.644751, 3.049536, 12.529769, 25.444251
1.686515, 1.042323, 12.847927, 23.676976
3.289502, 4.066048, 11.901530, 25.444251
5.059545, 3.126970, 11.559545, 23.676976
4.817832, 4.962639, 11.007302, 25.319679
1.686515, -1.042323, 12.847927, 21.844340
1.644751, -3.049536, 12.529769, 20.049337
1.569760, -4.850825, 11.958485, 18.381139
1.474317, -6.378248, 11.231400, 16.895063
3.289502, -4.066048, 11.901530, 18.282855
4.817832, -4.962639, 11.007302, 16.571223
5.059545, -3.126970, 11.559545, 18.228065
6.746059, -2.084647, 10.915353, 18.228065
8.029719, -2.977583, 9.780471, 16.571224
8.223755, -1.016512, 10.016813, 18.282855
9.418559, 0.000000, 8.960509, 18.381139
10.320222, -0.911178, 7.852565, 16.895064
10.320222, 0.911178, 7.852565, 18.506059
8.223755, 1.016512, 10.016813, 20.049337
8.029719, 2.977583, 9.780471, 21.776057
6.746059, 2.084647, 10.915353, 21.844340
3.463261, 0.000000, 12.530196, 21.882592
5.194892, -1.070207, 11.868773, 20.029733
5.194892, 1.070207, 11.868773, 21.882592
0.000000, 5.467069, -11.794539, 22.334645
1.474317, 6.378248, -11.231400, 22.607050
1.569760, 4.850825, -11.958485, 21.061096
3.289502, 4.066048, -11.901530, 19.634157
4.817832, 4.962639, -11.007302, 19.946106
5.059545, 3.126970, -11.559545, 18.108733
1.644751, 3.049536, -12.529769, 19.333253
1.686515, 1.042323, -12.847927, 17.480426
0.000000, 1.985056, -12.847550, 19.064647
6.746059, 2.084647, -10.915353, 16.571108
8.029719, 2.977583, -9.780471, 17.064203
8.223755, 1.016512, -10.016813, 15.118483
9.418559, 0.000000, -8.960509, 13.830315
10.320222, 0.911178, -7.852565, 14.565810
10.320222, -0.911178, -7.852565, 12.749382
8.223755, -1.016512, -10.016813, 13.131376
8.029719, -2.977583, -9.780471, 11.201509
6.746059, -2.084647, -10.915353, 12.552445
5.059545, -3.126970, -11.559545, 12.174383
4.817832, -4.962639, -11.007302, 10.408000
3.289502, -4.066048, -11.901530, 12.038111
1.569760, -4.850825, -11.958485, 12.125241
1.474317, -6.378248, -11.231400, 10.689058
0.000000, -5.467069, -11.794539, 12.374710
1.644751, -3.049536, -12.529769, 13.778579
0.000000, -1.985056, -12.847550, 15.521025
1.686515, -1.042323, -12.847927, 15.593769
5.194892, 1.070207, -11.868773, 16.132331
5.194892, -1.070207, -11.868773, 14.115694
3.463261, 0.000000, -12.530196, 15.796838
-1.474317, 6.378248, -11.231400, 23.945641
-1.569760, 4.850825, -11.958485, 22.459565
-1.644751, 3.049536, -12.529769, 20.791367
-1.686515, 1.042323, -12.847927, 18.996364
-3.289502, 4.066048, -11.901530, 22.557850
-5.059545, 3.126970, -11.559545, 22.612639
-4.817832, 4.962639, -11.007302, 24.269481
-1.686515, -1.042323, -12.847927, 17.163729
-1.644751, -3.049536, -12.529769, 15.396453
-1.569760, -4.850825, -11.958485, 13.782464
-1.474317, -6.378248, -11.231400, 12.374710
-3.289502, -4.066048, -11.901530, 15.396453
-4.817832, -4.962639, -11.007302, 15.521025
-5.059545, -3.126970, -11.559545, 17.163729
-6.746059, -2.084647, -10.915353, 18.996364
-8.029719, -2.977583, -9.780471, 19.064648
-8.223755, -1.016512, -10.016813, 20.791367
-9.418559, 0.000000, -8.960509, 22.459565
-10.320222, -0.911178, -7.852565, 22.334646
-10.320222, 0.911178, -7.852565, 23.945641
-8.223755, 1.016512, -10.016813, 22.557850
-8.029719, 2.977583, -9.780471, 24.269481
-6.746059, 2.084647, -10.915353, 22.612639
-3.463261, 0.000000, -12.530196, 18.958112
-5.194892, -1.070207, -11.868773, 18.958112
-5.194892, 1.070207, -11.868773, 20.810971
0.911178, -7.852565, 10.320222, 15.585058
-0.911178, -7.852565, 10.320222, 16.440977
0.000000, -8.960509, 9.418559, 14.748198
-1.016512, -10.016813, 8.223755, 13.909626
-2.977583, -9.780471, 8.029719, 15.053652
-2.084647, -10.915353, 6.746059, 13.148674
1.016512, -10.016813, 8.223755, 12.858843
2.084647, -10.915353, 6.746059, 10.828693
2.977583, -9.780471, 8.029719, 11.988610
-3.126971, -11.559546, 5.059545, 12.552444
-4.962639, -11.007302, 4.817832, 13.998495
-4.066048, -11.901530, 3.289502, 12.180955
-4.850825, -11.958485, 1.569760, 12.040855
-6.378248, -11.231400, 1.474317, 13.579823
-5.467069, -11.794539, 0.000000, 12.090381
-3.049536, -12.529770, 1.644751, 10.361605
-1.985056, -12.847550, 0.000000, 8.655251
-1.042323, -12.847927, 1.686515, 8.630949
1.042323, -12.847927, 1.686515, 6.997440
1.985056, -12.847550, 0.000000, 5.179389
3.049536, -12.529770, 1.644751, 5.663462
4.850825, -11.958485, 1.569760, 4.844656
5.467069, -11.794539, 0.000000, 3.176442
6.378248, -11.231400, 1.474317, 4.646047
4.066048, -11.901530, 3.289502, 6.722687
4.962639, -11.007302, 4.817832, 8.096143
3.126971, -11.559546, 5.059545, 8.748169
-1.070207, -11.868773, 5.194892, 11.100118
0.000000, -12.530196, 3.463261, 9.009163
1.070207, -11.868773, 5.194892, 9.782205
-0.911178, -7.852565, -10.320222, 10.689059
0.911178, -7.852565, -10.320222, 9.538792
0.000000, -8.960509, -9.418559, 9.021654
1.016512, -10.016813, -8.223755, 7.172820
2.977583, -9.780471, -8.029719, 5.889064
2.084647, -10.915353, -6.746059, 5.216234
-1.016512, -10.016813, -8.223755, 8.740805
-2.084647, -10.915353, -6.746059, 8.819956
-2.977583, -9.780471, -8.029719, 10.408000
3.126971, -11.559546, -5.059545, 3.301836
4.962639, -11.007302, -4.817832, 1.903360
4.066048, -11.901530, -3.289502, 1.828814
4.850825, -11.958485, -1.569760, 1.926111
6.378248, -11.231400, -1.474317, 1.746368
3.049536, -12.529770, -1.644751, 3.347215
1.042323, -12.847927, -1.686515, 5.216233
-1.042323, -12.847927, -1.686515, 7.223452
-3.049536, -12.529770, -1.644751, 9.212033
-4.850825, -11.958485, -1.569760, 11.074880
-6.378248, -11.231400, -1.474317, 12.749381
-4.066048, -11.901530, -3.289502, 10.099701
-4.962639, -11.007302, -4.817832, 11.201509
-3.126971, -11.559546, -5.059545, 9.299441
1.070207, -11.868773, -5.194892, 5.205545
0.000000, -12.530196, -3.463261, 5.964258
-1.070207, -11.868773, -5.194892, 7.262272
-7.852565, 10.320222, 0.911178, 37.664263
-7.852565, 10.320222, -0.911178, 36.194658
-8.960509, 9.418559, 0.000000, 35.996048
-10.016813, 8.223755, -1.016512, 34.118017
-9.780471, 8.029719, -2.977583, 32.744562
-10.915353, 6.746059, -2.084647, 32.092536
-10.016813, 8.223755, 1.016512, 35.177242
-10.915353, 6.746059, 2.084647, 33.843264
-9.780471, 8.029719, 2.977583, 35.661315
-11.559545, 5.059545, -3.126970, 30.012012
-11.007302, 4.817832, -4.962639, 28.852094
-11.901530, 3.289502, -4.066048, 27.981861
-11.958485, 1.569760, -4.850825, 26.092507
-11.231400, 1.474317, -6.378248, 25.255647
-11.794539, 0.000000, -5.467069, 24.399728
-12.529770, 1.644751, -3.049536, 26.931078
-12.847550, 0.000000, -1.985056, 25.787052
-12.847927, 1.686515, -1.042323, 27.692030
-12.847927, 1.686515, 1.042323, 28.288260
-12.847550, 0.000000, 1.985056, 26.842209
-12.529770, 1.644751, 3.049536, 28.659749
-11.958485, 1.569760, 4.850825, 28.799849
-11.794539, 0.000000, 5.467069, 27.260881
-11.231400, 1.474317, 6.378248, 28.750323
-11.901530, 3.289502, 4.066048, 30.479099
-11.007302, 4.817832, 4.962639, 32.185454
-11.559545, 5.059545, 3.126970, 32.209755
-11.868773, 5.194891, -1.070207, 31.058499
-12.530196, 3.463261, 0.000000, 29.740587
-11.868773, 5.194891, 1.070207, 31.831541
-7.852565, -10.320222, -0.911178, 14.565809
-7.852565, -10.320222, 0.911178, 15.045132
-8.960509, -9.418559, 0.000000, 16.174120
-10.016813, -8.223755, 1.016512, 17.978014
-9.780471, -8.029719, 2.977583, 18.516992
-10.915353, -6.746059, 2.084647, 19.922300
-10.016813, -8.223755, -1.016512, 17.481796
-10.915353, -6.746059, -2.084647, 18.923256
-9.780471, -8.029719, -2.977583, 17.064203
-11.559545, -5.059545, 3.126970, 21.917448
-11.007302, -4.817832, 4.962639, 22.323712
-11.901530, -3.289502, 4.066048, 23.859524
-11.958485, -1.569760, 4.850825, 25.659036
-11.231400, -1.474317, 6.378248, 25.795571
-12.529770, -1.644751, 3.049536, 25.397013
-12.847927, -1.686515, 1.042323, 24.995586
-12.847927, -1.686515, -1.042323, 24.468916
-12.529770, -1.644751, -3.049536, 23.859523
-11.958485, -1.569760, -4.850825, 23.222759
-11.231400, -1.474317, -6.378248, 22.607050
-11.901530, -3.289502, -4.066048, 21.880216
-11.007302, -4.817832, -4.962639, 19.946105
-11.559545, -5.059545, -3.126970, 20.420352
-11.868773, -5.194891, 1.070207, 21.443909
-12.530196, -3.463261, 0.000000, 22.993367
-11.868773, -5.194891, -1.070207, 20.931734
7.852565, 10.320222, -0.911178, 25.795572
7.852565, 10.320222, 0.911178, 26.274895
8.960509, 9.418559, 0.000000, 24.666584
10.016813, 8.223755, 1.016512, 23.358909
9.780471, 8.029719, 2.977583, 23.776502
10.915353, 6.746059, 2.084647, 21.917449
10.016813, 8.223755, -1.016512, 22.862691
10.915353, 6.746059, -2.084647, 20.918404
9.780471, 8.029719, -2.977583, 22.323713
11.559545, 5.059545, 3.126970, 20.420353
11.007302, 4.817832, 4.962639, 20.894600
11.901530, 3.289502, 4.066048, 18.960488
11.958485, 1.569760, 4.850825, 17.617945
11.231400, 1.474317, 6.378248, 18.233655
11.794539, 0.000000, 5.467069, 16.440976
12.529770, 1.644751, 3.049536, 16.981181
12.847550, 0.000000, 1.985056, 15.053652
12.847927, 1.686515, 1.042323, 16.371788
12.847927, 1.686515, -1.042323, 15.845119
12.847550, 0.000000, -1.985056, 13.998496
12.529770, 1.644751, -3.049536, 15.443691
11.958485, 1.569760, -4.850825, 15.181668
11.794539, 0.000000, -5.467069, 13.579824
11.231400, 1.474317, -6.378248, 15.045133
11.901530, 3.289502, -4.066048, 16.981181
11.007302, 4.817832, -4.962639, 18.516993
11.559545, 5.059545, -3.126970, 18.923257
11.868773, 5.194891, 1.070207, 19.908971
12.530196, 3.463261, 0.000000, 17.847338
11.868773, 5.194891, -1.070207, 19.396796
7.852565, -10.320222, 0.911178, 4.646046
7.852565, -10.320222, -0.911178, 3.176442
8.960509, -9.418559, 0.000000, 4.844656
10.016813, -8.223755, -1.016512, 5.663462
9.780471, -8.029719, -2.977583, 5.179390
10.915353, -6.746059, -2.084647, 6.997440
10.016813, -8.223755, 1.016512, 6.722688
10.915353, -6.746059, 2.084647, 8.748169
9.780471, -8.029719, 2.977583, 8.096143
11.559545, -5.059545, -3.126970, 8.630949
11.007302, -4.817832, -4.962639, 8.655251
11.901530, -3.289502, -4.066048, 10.361606
11.958485, -1.569760, -4.850825, 12.040856
11.231400, -1.474317, -6.378248, 12.090382
12.529770, -1.644751, -3.049536, 12.180956
12.847927, -1.686515, -1.042323, 12.552445
12.847927, -1.686515, 1.042323, 13.148674
12.529770, -1.644751, 3.049536, 13.909627
11.958485, -1.569760, 4.850825, 14.748198
11.231400, -1.474317, 6.378248, 15.585057
11.901530, -3.289502, 4.066048, 12.858843
11.007302, -4.817832, 4.962639, 11.988610
11.559545, -5.059545, 3.126970, 10.828693
11.868773, -5.194891, -1.070207, 9.009164
12.530196, -3.463261, 0.000000, 11.100118
11.868773, -5.194891, 1.070207, 9.782205
-2.539925, 7.390749, 10.388724, 31.819051
-3.677775, 8.372062, 9.240267, 33.667884
-4.813485, 9.228838, 7.788383, 35.624470
-4.306014, 6.727311, 10.256779, 32.099899
-6.101868, 5.855809, 9.873030, 32.020749
-5.855808, 9.873029, 6.101868, 37.538868
-6.727311, 10.256780, 4.306014, 39.011891
-7.390749, 10.388724, 2.539925, 38.914593
-8.372062, 9.240267, 3.677775, 37.493490
-9.228838, 7.788383, 4.813485, 35.624471
-9.873030, 6.101868, 5.855809, 33.617252
-10.256780, 4.306014, 6.727311, 31.628671
-10.388724, 2.539925, 7.390749, 29.765824
-9.240267, 3.677775, 8.372062, 30.741003
-7.788383, 4.813485, 9.228838, 31.541263
-6.673882, 8.405512, 7.335306, 35.635159
-8.405512, 7.335306, 6.673882, 34.876447
-7.335306, 6.673882, 8.405512, 33.578433
2.539925, 7.390749, 10.388724, 28.715464
4.306014, 6.727311, 10.256779, 27.062126
6.101868, 5.855809, 9.873030, 25.246935
3.677775, 8.372062, 9.240267, 28.802593
4.813485, 9.228838, 7.788383, 28.666322
7.788383, 4.813485, 9.228838, 23.360279
9.240267, 3.677775, 8.372062, 21.507452
10.388724, 2.539925, 7.390749, 19.779609
10.256780, 4.306014, 6.727311, 21.206547
9.873030, 6.101868, 5.855809, 22.731971
9.228838, 7.788383, 4.813485, 24.269598
8.372062, 9.240267, 3.677775, 25.722222
7.390749, 10.388724, 2.539925, 27.010390
6.727311, 10.256780, 4.306014, 27.709329
5.855808, 9.873029, 6.101868, 28.288260
7.335306, 6.673882, 8.405512, 25.043867
8.405512, 7.335306, 6.673882, 24.708374
6.673882, 8.405512, 7.335306, 26.725011
-2.539925, 7.390749, -10.388724, 25.585619
-4.306014, 6.727311, -10.256779, 25.847360
-6.101868, 5.855809, -9.873030, 25.994140
-3.677775, 8.372062, -9.240267, 27.408810
-4.813485, 9.228838, -7.788383, 29.353934
-7.788383, 4.813485, -9.228838, 25.994140
-9.240267, 3.677775, -8.372062, 25.847360
-10.388724, 2.539925, -7.390749, 25.585619
-10.256780, 4.306014, -6.727311, 27.408810
-9.873030, 6.101868, -5.855809, 29.353934
-9.228838, 7.788383, -4.813485, 31.321857
-8.372062, 9.240267, -3.677775, 33.192867
-7.390749, 10.388724, -2.539925, 34.850664
-6.727311, 10.256780, -4.306014, 33.192867
-5.855808, 9.873029, -6.101868, 31.321857
-7.335306, 6.673882, -8.405512, 27.822157
-8.405512, 7.335306, -6.673882, 29.641962
-6.673882, 8.405512, -7.335306, 29.641962
2.539925, 7.390749, -10.388724, 23.222759
3.677775, 8.372062, -9.240267, 23.859524
4.813485, 9.228838, -7.788383, 24.468916
4.306014, 6.727311, -10.256779, 21.880217
6.101868, 5.855809, -9.873030, 20.420352
5.855808, 9.873029, -6.101868, 24.995586
6.727311, 10.256780, -4.306014, 25.397014
7.390749, 10.388724, -2.539925, 25.659037
8.372062, 9.240267, -3.677775, 23.859524
9.228838, 7.788383, -4.813485, 21.917449
9.873030, 6.101868, -5.855809, 19.922301
10.256780, 4.306014, -6.727311, 17.978014
10.388724, 2.539925, -7.390749, 16.174121
9.240267, 3.677775, -8.372062, 17.481796
7.788383, 4.813485, -9.228838, 18.923256
6.673882, 8.405512, -7.335306, 22.993367
8.405512, 7.335306, -6.673882, 21.443909
7.335306, 6.673882, -8.405512, 20.931734
-2.539925, -7.390749, -10.388724, 12.125241
-3.677775, -8.372062, -9.240267, 12.038111
-4.813485, -9.228838, -7.788383, 12.174383
-4.306014, -6.727311, -10.256779, 13.778578
-6.101868, -5.855809, -9.873030, 15.593769
-5.855808, -9.873029, -6.101868, 12.552445
-6.727311, -10.256780, -4.306014, 13.131375
-7.390749, -10.388724, -2.539925, 13.830314
-8.372062, -9.240267, -3.677775, 15.118483
-9.228838, -7.788383, -4.813485, 16.571107
-9.873030, -6.101868, -5.855809, 18.108733
-10.256780, -4.306014, -6.727311, 19.634157
-10.388724, -2.539925, -7.390749, 21.061096
-9.240267, -3.677775, -8.372062, 19.333253
-7.788383, -4.813485, -9.228838, 17.480426
-6.673882, -8.405512, -7.335306, 14.115694
-8.405512, -7.335306, -6.673882, 16.132330
-7.335306, -6.673882, -8.405512, 15.796838
2.539925, -7.390749, -10.388724, 9.021654
4.306014, -6.727311, -10.256779, 8.740805
6.101868, -5.855809, -9.873030, 8.819956
3.677775, -8.372062, -9.240267, 7.172820
4.813485, -9.228838, -7.788383, 5.216234
7.788383, -4.813485, -9.228838, 9.299442
9.240267, -3.677775, -8.372062, 10.099702
10.388724, -2.539925, -7.390749, 11.074880
10.256780, -4.306014, -6.727311, 9.212033
9.873030, -6.101868, -5.855809, 7.223452
9.228838, -7.788383, -4.813485, 5.216233
8.372062, -9.240267, -3.677775, 3.347215
7.390749, -10.388724, -2.539925, 1.926111
6.727311, -10.256780, -4.306014, 1.828814
5.855808, -9.873029, -6.101868, 3.301837
7.335306, -6.673882, -8.405512, 7.262272
8.405512, -7.335306, -6.673882, 5.964258
6.673882, -8.405512, -7.335306, 5.205546
-2.539925, -7.390749, 10.388724, 17.617945
-4.306014, -6.727311, 10.256779, 18.960488
-6.101868, -5.855809, 9.873030, 20.420352
-3.677775, -8.372062, 9.240267, 16.981181
-4.813485, -9.228838, 7.788383, 16.371788
-7.788383, -4.813485, 9.228838, 21.917448
-9.240267, -3.677775, 8.372062, 23.358908
-10.388724, -2.539925, 7.390749, 24.666584
-10.256780, -4.306014, 6.727311, 22.862691
-9.873030, -6.101868, 5.855809, 20.918403
-9.228838, -7.788383, 4.813485, 18.923256
-8.372062, -9.240267, 3.677775, 16.981181
-7.390749, -10.388724, 2.539925, 15.181668
-6.727311, -10.256780, 4.306014, 15.443691
-5.855808, -9.873029, 6.101868, 15.845118
-7.335306, -6.673882, 8.405512, 19.908970
-8.405512, -7.335306, 6.673882, 19.396795
-6.673882, -8.405512, 7.335306, 17.847337
2.539925, -7.390749, 10.388724, 15.255086
3.677775, -8.372062, 9.240267, 13.431895
4.813485, -9.228838, 7.788383, 11.486771
4.306014, -6.727311, 10.256779, 14.993344
6.101868, -5.855809, 9.873030, 14.846565
5.855808, -9.873029, 6.101868, 9.518848
6.727311, -10.256780, 4.306014, 7.647837
7.390749, -10.388724, 2.539925, 5.990041
8.372062, -9.240267, 3.677775, 7.647837
9.228838, -7.788383, 4.813485, 9.518847
9.873030, -6.101868, 5.855809, 11.486770
10.256780, -4.306014, 6.727311, 13.431895
10.388724, -2.539925, 7.390749, 15.255086
9.240267, -3.677775, 8.372062, 14.993344
7.788383, -4.813485, 9.228838, 14.846565
6.673882, -8.405512, 7.335306, 11.198743
8.405512, -7.335306, 6.673882, 11.198742
7.335306, -6.673882, 8.405512, 13.018547

graph:
0, 162, 1.552962
0, 163, 1.552962
0, 274, 1.552962
0, 275, 1.552962
0, 304, 1.552962
1, 192, 1.552962
1, 193, 1.552962
1, 218, 1.552962
1, 219, 1.552962
1, 248, 1.552962
2, 240, 1.552962
2, 241, 1.552962
2, 258, 1.552962
2, 330, 1.552962
2, 331, 1.552962
3, 175, 1.552962
3, 176, 1.552962
3, 211, 1.552962
3, 386, 1.552962
3, 387, 1.552962
4, 343, 1.552962
4, 344, 1.552962
4, 379, 1.552962
4, 416, 1.552962
4, 417, 1.552962
5, 184, 1.552962
5, 185, 1.552962
5, 205, 1.552962
5, 442, 1.552962
5, 443, 1.552962
6, 352, 1.552962
6, 353, 1.552962
6, 373, 1.552962
6, 472, 1.552962
6, 473, 1.552962
7, 296, 1.552962
7, 297, 1.552962
7, 314, 1.552962
7, 360, 1.552962
7, 361, 1.552962
8, 266, 1.552962
8, 267, 1.552962
8, 455, 1.552962
8, 456, 1.552962
8, 491, 1.552962
9, 231, 1.552962
9, 232, 1.552962
9, 408, 1.552962
9, 409, 1.552962
9, 429, 1.552962
10, 322, 1.552962
10, 323, 1.552962
10, 399, 1.552962
10, 400, 1.552962
10, 435, 1.552962
11, 287, 1.552962
11, 288, 1.552962
11, 464, 1.552962
11, 465, 1.552962
11, 485, 1.552962
12, 169, 1.988441
12, 170, 1.990902
12, 187, 1.990901
12, 188, 1.988441
12, 554, 1.988441
12, 557, 1.988441
13, 166, 1.990902
13, 167, 1.988441
13, 171, 1.988441
13, 172, 1.990901
13, 538, 1.988441
13, 548, 1.988441
14, 178, 1.990901
14, 179, 1.988441
14, 180, 1.988441
14, 181, 1.990901
14, 207, 1.988441
14, 208, 1.988441
15, 199, 1.988441
15, 200, 1.990902
15, 213, 1.990901
15, 214, 1.988441
15, 500, 1.988441
15, 503, 1.988441
16, 196, 1.990902
16, 197, 1.988441
16, 201, 1.988441
16, 202, 1.990901
16, 520, 1.988441
16, 530, 1.988441
17, 225, 1.988441
17, 226, 1.990901
17, 243, 1.990901
17, 244, 1.988441
17, 251, 1.988441
17, 255, 1.988441
18, 222, 1.990901
18, 223, 1.988441
18, 227, 1.988441
18, 228, 1.990902
18, 502, 1.988441
18, 512, 1.988441
19, 234, 1.990902
19, 235, 1.988441
19, 236, 1.988441
19, 237, 1.990901
19, 608, 1.988441
19, 611, 1.988441
20, 253, 1.988441
20, 254, 1.990901
20, 269, 1.990902
20, 270, 1.988441
20, 518, 1.988441
20, 521, 1.988441
21, 260, 1.990901
21, 261, 1.988441
21, 262, 1.988441
21, 263, 1.990902
21, 628, 1.988441
21, 638, 1.988441
22, 281, 1.988441
22, 282, 1.990901
22, 299, 1.990901
22, 300, 1.988441
22, 307, 1.988441
22, 311, 1.988441
23, 278, 1.990901
23, 279, 1.988441
23, 283, 1.988441
23, 284, 1.990902
23, 556, 1.988441
23, 566, 1.988441
24, 290, 1.990902
24, 291, 1.988441
24, 292, 1.988441
24, 293, 1.990901
24, 590, 1.988441
24, 593, 1.988441
25, 309, 1.988441
25, 310, 1.990901
25, 325, 1.990902
25, 326, 1.988441
25, 536, 1.988441
25, 539, 1.988441
26, 316, 1.990901
26, 317, 1.988441
26, 318, 1.988441
26, 319, 1.990902
26, 574, 1.988441
26, 584, 1.988441
27, 337, 1.988441
27, 338, 1.990902
27, 355, 1.990901
27, 356, 1.988441
27, 626, 1.988441
27, 629, 1.988441
28, 334, 1.990902
28, 335, 1.988441
28, 339, 1.988441
28, 340, 1.990901
28, 610, 1.988441
28, 620, 1.988441
29, 346, 1.990901
29, 347, 1.988441
29, 348, 1.988441
29, 349, 1.990901
29, 375, 1.988441
29, 376, 1.988441
30, 367, 1.988441
30, 368, 1.990902
30, 381, 1.990901
30, 382, 1.988441
30, 572, 1.988441
30, 575, 1.988441
31, 364, 1.990902
31, 365, 1.988441
31, 369, 1.988441
31, 370, 1.990901
31, 592, 1.988441
31, 602, 1.988441
32, 393, 1.988441
32, 394, 1.990902
32, 411, 1.990901
32, 412, 1.988441
32, 507, 1.988441
32, 508, 1.988441
33, 390, 1.990902
33, 391, 1.988441
33, 395, 1.988441
33, 396, 1.990901
33, 543, 1.988441
33, 544, 1.988441
34, 402, 1.990901
34, 403, 1.988441
34, 404, 1.988441
34, 405, 1.990901
34, 431, 1.988441
34, 432, 1.988441
35, 423, 1.988441
35, 424, 1.990902
35, 437, 1.990901
35, 438, 1.988441
35, 579, 1.988441
35, 580, 1.988441
36, 420, 1.990902
36, 421, 1.988441
36, 425, 1.988441
36, 426, 1.990901
36, 615, 1.988441
36, 616, 1.988441
37, 449, 1.988441
37, 450, 1.990902
37, 467, 1.990901
37, 468, 1.988441
37, 561, 1.988441
37, 562, 1.988441
38, 446, 1.990902
38, 447, 1.988441
38, 451, 1.988441
38, 452, 1.990901
38, 525, 1.988441
38, 526, 1.988441
39, 458, 1.990901
39, 459, 1.988441
39, 460, 1.988441
39, 461, 1.990901
39, 487, 1.988441
39, 488, 1.988441
40, 479, 1.988441
40, 480, 1.990902
40, 493, 1.990901
40, 494, 1.988441
40, 633, 1.988441
40, 634, 1.988441
41, 476, 1.990902
41, 477, 1.988441
41, 481, 1.988441
41, 482, 1.990901
41, 597, 1.988441
41, 598, 1.988441
42, 162, 1.745056
42, 164, 1.924350
42, 168, 1.827307
42, 170, 1.901660
42, 552, 1.924350
42, 553, 1.827306
43, 163, 1.745056
43, 164, 1.924350
43, 165, 1.827307
43, 166, 1.901660
43, 534, 1.924350
43, 537, 1.827306
44, 165, 2.012049
44, 167, 2.091424
44, 168, 2.012049
44, 169, 2.091424
44, 189, 2.119028
44, 191, 2.119028
45, 171, 2.091424
45, 173, 2.012049
45, 177, 2.012050
45, 179, 2.091424
45, 189, 2.119028
45, 190, 2.119027
46, 172, 1.901660
46, 173, 1.827306
46, 174, 1.924350
46, 175, 1.745056
46, 546, 1.924350
46, 547, 1.827306
47, 174, 1.924350
47, 176, 1.745055
47, 177, 1.827307
47, 178, 1.901660
47, 209, 1.827307
47, 210, 1.924350
48, 180, 2.091424
48, 182, 2.012050
48, 186, 2.012049
48, 188, 2.091424
48, 190, 2.119027
48, 191, 2.119028
49, 181, 1.901660
49, 182, 1.827307
49, 183, 1.924350
49, 184, 1.745055
49, 204, 1.924350
49, 206, 1.827307
50, 183, 1.924350
50, 185, 1.745056
50, 186, 1.827306
50, 187, 1.901660
50, 558, 1.827306
50, 559, 1.924350
51, 192, 1.745056
51, 194, 1.924350
51, 198, 1.827307
51, 200, 1.901660
51, 498, 1.924350
51, 499, 1.827306
52, 193, 1.745056
52, 194, 1.924350
52, 195, 1.827307
52, 196, 1.901660
52, 516, 1.924350
52, 519, 1.827306
53, 195, 2.012049
53, 197, 2.091424
53, 198, 2.012049
53, 199, 2.091424
53, 215, 2.119028
53, 217, 2.119028
54, 201, 2.091424
54, 203, 2.012049
54, 206, 2.012050
54, 207, 2.091424
54, 215, 2.119028
54, 216, 2.119027
55, 202, 1.901660
55, 203, 1.827306
55, 204, 1.924350
55, 205, 1.745056
55, 528, 1.924350
55, 529, 1.827306
56, 208, 2.091424
56, 209, 2.012050
56, 212, 2.012049
56, 214, 2.091424
56, 216, 2.119027
56, 217, 2.119028
57, 210, 1.924350
57, 211, 1.745056
57, 212, 1.827306
57, 213, 1.901660
57, 504, 1.827306
57, 505, 1.924350
58, 218, 1.745055
58, 220, 1.924350
58, 224, 1.827306
58, 226, 1.901660
58, 249, 1.924350
58, 250, 1.827306
59, 219, 1.745056
59, 220, 1.924350
59, 221, 1.827306
59, 222, 1.901660
59, 498, 1.924350
59, 501, 1.827307
60, 221, 2.012049
60, 223, 2.091424
60, 224, 2.012049
60, 225, 2.091424
60, 245, 2.119028
60, 247, 2.119027
61, 227, 2.091424
61, 229, 2.012049
61, 233, 2.012049
61, 235, 2.091424
61, 245, 2.119028
61, 246, 2.119028
62, 228, 1.901660
62, 229, 1.827307
62, 230, 1.924350
62, 231, 1.745056
62, 510, 1.924350
62, 511, 1.827306
63, 230, 1.924350
63, 232, 1.745056
63, 233, 1.827307
63, 234, 1.901660
63, 612, 1.827306
63, 613, 1.924350
64, 236, 2.091424
64, 238, 2.012049
64, 242, 2.012049
64, 244, 2.091424
64, 246, 2.119028
64, 247, 2.119027
65, 237, 1.901660
65, 238, 1.827306
65, 239, 1.924350
65, 240, 1.745056
65, 606, 1.924350
65, 607, 1.827307
66, 239, 1.924350
66, 241, 1.745055
66, 242, 1.827306
66, 243, 1.901660
66, 256, 1.827306
66, 257, 1.924350
67, 248, 1.745056
67, 249, 1.924350
67, 252, 1.827306
67, 254, 1.901660
67, 516, 1.924350
67, 517, 1.827307
68, 250, 2.012049
68, 251, 2.091424
68, 252, 2.012049
68, 253, 2.091424
68, 271, 2.119027
68, 273, 2.119028
69, 255, 2.091424
69, 256, 2.012049
69, 259, 2.012049
69, 261, 2.091424
69, 271, 2.119027
69, 272, 2.119028
70, 257, 1.924350
70, 258, 1.745056
70, 259, 1.827306
70, 260, 1.901660
70, 624, 1.924350
70, 627, 1.827307
71, 262, 2.091424
71, 264, 2.012049
71, 268, 2.012049
71, 270, 2.091424
71, 272, 2.119028
71, 273, 2.119028
72, 263, 1.901660
72, 264, 1.827307
72, 265, 1.924350
72, 266, 1.745056
72, 636, 1.924350
72, 637, 1.827306
73, 265, 1.924350
73, 267, 1.745056
73, 268, 1.827307
73, 269, 1.901660
73, 522, 1.827306
73, 523, 1.924350
74, 274, 1.745055
74, 276, 1.924350
74, 280, 1.827306
74, 282, 1.901660
74, 305, 1.924350
74, 306, 1.827306
75, 275, 1.745056
75, 276, 1.924350
75, 277, 1.827306
75, 278, 1.901660
75, 552, 1.924350
75, 555, 1.827307
76, 277, 2.012049
76, 279, 2.091424
76, 280, 2.012049
76, 281, 2.091424
76, 301, 2.119028
76, 303, 2.119027
77, 283, 2.091424
77, 285, 2.012049
77, 289, 2.012049
77, 291, 2.091424
77, 301, 2.119028
77, 302, 2.119028
78, 284, 1.901660
78, 285, 1.827307
78, 286, 1.924350
78, 287, 1.745056
78, 564, 1.924350
78, 565, 1.827306
79, 286, 1.924350
79, 288, 1.745056
79, 289, 1.827307
79, 290, 1.901660
79, 594, 1.827306
79, 595, 1.924350
80, 292, 2.091424
80, 294, 2.012049
80, 298, 2.012049
80, 300, 2.091424
80, 302, 2.119028
80, 303, 2.119027
81, 293, 1.901660
81, 294, 1.827306
81, 295, 1.924350
81, 296, 1.745056
81, 588, 1.924350
81, 589, 1.827307
82, 295, 1.924350
82, 297, 1.745055
82, 298, 1.827306
82, 299, 1.901660
82, 312, 1.827306
82, 313, 1.924350
83, 304, 1.745056
83, 305, 1.924350
83, 308, 1.827306
83, 310, 1.901660
83, 534, 1.924350
83, 535, 1.827307
84, 306, 2.012049
84, 307, 2.091424
84, 308, 2.012049
84, 309, 2.091424
84, 327, 2.119027
84, 329, 2.119028
85, 311, 2.091424
85, 312, 2.012049
85, 315, 2.012049
85, 317, 2.091424
85, 327, 2.119027
85, 328, 2.119028
86, 313, 1.924350
86, 314, 1.745056
86, 315, 1.827306
86, 316, 1.901660
86, 570, 1.924350
86, 573, 1.827307
87, 318, 2.091424
87, 320, 2.012049
87, 324, 2.012049
87, 326, 2.091424
87, 328, 2.119028
87, 329, 2.119028
88, 319, 1.901660
88, 320, 1.827307
88, 321, 1.924350
88, 322, 1.745056
88, 582, 1.924350
88, 583, 1.827306
89, 321, 1.924350
89, 323, 1.745056
89, 324, 1.827307
89, 325, 1.901660
89, 540, 1.827306
89, 541, 1.924350
90, 330, 1.745056
90, 332, 1.924350
90, 336, 1.827307
90, 338, 1.901660
90, 624, 1.924350
90, 625, 1.827306
91, 331, 1.745056
91, 332, 1.924350
91, 333, 1.827307
91, 334, 1.901660
91, 606, 1.924350
91, 609, 1.827306
92, 333, 2.012049
92, 335, 2.091424
92, 336, 2.012049
92, 337, 2.091424
92, 357, 2.119028
92, 359, 2.119028
93, 339, 2.091424
93, 341, 2.012049
93, 345, 2.012050
93, 347, 2.091424
93, 357, 2.119028
93, 358, 2.119027
94, 340, 1.901660
94, 341, 1.827306
94, 342, 1.924350
94, 343, 1.745056
94, 618, 1.924350
94, 619, 1.827306
95, 342, 1.924350
95, 344, 1.745055
95, 345, 1.827307
95, 346, 1.901660
95, 377, 1.827307
95, 378, 1.924350
96, 348, 2.091424
96, 350, 2.012050
96, 354, 2.012049
96, 356, 2.091424
96, 358, 2.119027
96, 359, 2.119028
97, 349, 1.901660
97, 350, 1.827307
97, 351, 1.924350
97, 352, 1.745055
97, 372, 1.924350
97, 374, 1.827307
98, 351, 1.924350
98, 353, 1.745056
98, 354, 1.827306
98, 355, 1.901660
98, 630, 1.827306
98, 631, 1.924350
99, 360, 1.745056
99, 362, 1.924350
99, 366, 1.827307
99, 368, 1.901660
99, 570, 1.924350
99, 571, 1.827306
100, 361, 1.745056
100, 362, 1.924350
100, 363, 1.827307
100, 364, 1.901660
100, 588, 1.924350
100, 591, 1.827306
101, 363, 2.012049
101, 365, 2.091424
101, 366, 2.012049
101, 367, 2.091424
101, 383, 2.119028
101, 385, 2.119028
102, 369, 2.091424
102, 371, 2.012049
102, 374, 2.012050
102, 375, 2.091424
102, 383, 2.119028
102, 384, 2.119027
103, 370, 1.901660
103, 371, 1.827306
103, 372, 1.924350
103, 373, 1.745056
103, 600, 1.924350
103, 601, 1.827306
104, 376, 2.091424
104, 377, 2.012050
104, 380, 2.012049
104, 382, 2.091424
104, 384, 2.119027
104, 385, 2.119028
105, 378, 1.924350
105, 379, 1.745056
105, 380, 1.827306
105, 381, 1.901660
105, 576, 1.827306
105, 577, 1.924350
106, 386, 1.745056
106, 388, 1.924350
106, 392, 1.827307
106, 394, 1.901660
106, 505, 1.924350
106, 506, 1.827306
107, 387, 1.745056
107, 388, 1.924350
107, 389, 1.827307
107, 390, 1.901660
107, 545, 1.827306
107, 546, 1.924350
108, 389, 2.012049
108, 391, 2.091424
108, 392, 2.012049
108, 393, 2.091424
108, 413, 2.119028
108, 415, 2.119028
109, 395, 2.091424
109, 397, 2.012049
109, 401, 2.012050
109, 403, 2.091424
109, 413, 2.119027
109, 414, 2.119027
110, 396, 1.901660
110, 397, 1.827306
110, 398, 1.924350
110, 399, 1.745056
110, 541, 1.924350
110, 542, 1.827306
111, 398, 1.924350
111, 400, 1.745055
111, 401, 1.827307
111, 402, 1.901660
111, 433, 1.827307
111, 434, 1.924350
112, 404, 2.091424
112, 406, 2.012050
112, 410, 2.012049
112, 412, 2.091424
112, 414, 2.119027
112, 415, 2.119027
113, 405, 1.901660
113, 406, 1.827307
113, 407, 1.924350
113, 408, 1.745055
113, 428, 1.924350
113, 430, 1.827307
114, 407, 1.924350
114, 409, 1.745056
114, 410, 1.827306
114, 411, 1.901660
114, 509, 1.827306
114, 510, 1.924350
115, 416, 1.745056
115, 418, 1.924350
115, 422, 1.827307
115, 424, 1.901660
115, 577, 1.924350
115, 578, 1.827306
116, 417, 1.745056
116, 418, 1.924350
116, 419, 1.827307
116, 420, 1.901660
116, 617, 1.827306
116, 618, 1.924350
117, 419, 2.012049
117, 421, 2.091424
117, 422, 2.012049
117, 423, 2.091424
117, 439, 2.119028
117, 441, 2.119028
118, 425, 2.091424
118, 427, 2.012049
118, 430, 2.012050
118, 431, 2.091424
118, 439, 2.119027
118, 440, 2.119027
119, 426, 1.901660
119, 427, 1.827306
119, 428, 1.924350
119, 429, 1.745056
119, 613, 1.924350
119, 614, 1.827306
120, 432, 2.091424
120, 433, 2.012050
120, 436, 2.012049
120, 438, 2.091424
120, 440, 2.119027
120, 441, 2.119027
121, 434, 1.924350
121, 435, 1.745056
121, 436, 1.827306
121, 437, 1.901660
121, 581, 1.827306
121, 582, 1.924350
122, 442, 1.745056
122, 444, 1.924350
122, 448, 1.827307
122, 450, 1.901660
122, 559, 1.924350
122, 560, 1.827306
123, 443, 1.745056
123, 444, 1.924350
123, 445, 1.827307
123, 446, 1.901660
123, 527, 1.827306
123, 528, 1.924350
124, 445, 2.012049
124, 447, 2.091424
124, 448, 2.012049
124, 449, 2.091424
124, 469, 2.119028
124, 471, 2.119028
125, 451, 2.091424
125, 453, 2.012049
125, 457, 2.012050
125, 459, 2.091424
125, 469, 2.119027
125, 470, 2.119027
126, 452, 1.901660
126, 453, 1.827306
126, 454, 1.924350
126, 455, 1.745056
126, 523, 1.924350
126, 524, 1.827306
127, 454, 1.924350
127, 456, 1.745055
127, 457, 1.827307
127, 458, 1.901660
127, 489, 1.827307
127, 490, 1.924350
128, 460, 2.091424
128, 462, 2.012050
128, 466, 2.012049
128, 468, 2.091424
128, 470, 2.119027
128, 471, 2.119027
129, 461, 1.901660
129, 462, 1.827307
129, 463, 1.924350
129, 464, 1.745055
129, 484, 1.924350
129, 486, 1.827307
130, 463, 1.924350
130, 465, 1.745056
130, 466, 1.827306
130, 467, 1.901660
130, 563, 1.827306
130, 564, 1.924350
131, 472, 1.745056
131, 474, 1.924350
131, 478, 1.827307
131, 480, 1.901660
131, 631, 1.924350
131, 632, 1.827306
132, 473, 1.745056
132, 474, 1.924350
132, 475, 1.827307
132, 476, 1.901660
132, 599, 1.827306
132, 600, 1.924350
133, 475, 2.012049
133, 477, 2.091424
133, 478, 2.012049
133, 479, 2.091424
133, 495, 2.119028
133, 497, 2.119028
134, 481, 2.091424
134, 483, 2.012049
134, 486, 2.012050
134, 487, 2.091424
134, 495, 2.119027
134, 496, 2.119027
135, 482, 1.901660
135, 483, 1.827306
135, 484, 1.924350
135, 485, 1.745056
135, 595, 1.924350
135, 596, 1.827306
136, 488, 2.091424
136, 489, 2.012050
136, 492, 2.012049
136, 494, 2.091424
136, 496, 2.119027
136, 497, 2.119027
137, 490, 1.924350
137, 491, 1.745056
137, 492, 1.827306
137, 493, 1.901660
137, 635, 1.827306
137, 636, 1.924350
138, 499, 2.012049
138, 500, 2.091424
138, 501, 2.012049
138, 502, 2.091424
138, 513, 2.119028
138, 515, 2.119028
139, 503, 2.091424
139, 504, 2.012050
139, 506, 2.012049
139, 507, 2.091424
139, 513, 2.119028
139, 514, 2.119028
140, 508, 2.091424
140, 509, 2.012050
140, 511, 2.012049
140, 512, 2.091424
140, 514, 2.119028
140, 515, 2.119028
141, 517, 2.012049
141, 518, 2.091424
141, 519, 2.012049
141, 520, 2.091424
141, 531, 2.119028
141, 533, 2.119028
142, 521, 2.091424
142, 522, 2.012049
142, 524, 2.012050
142, 525, 2.091424
142, 531, 2.119028
142, 532, 2.119028
143, 526, 2.091424
143, 527, 2.012049
143, 529, 2.012050
143, 530, 2.091424
143, 532, 2.119028
143, 533, 2.119028
144, 535, 2.012049
144, 536, 2.091424
144, 537, 2.012049
144, 538, 2.091424
144, 549, 2.119028
144, 551, 2.119028
145, 539, 2.091424
145, 540, 2.012049
145, 542, 2.012050
145, 543, 2.091424
145, 549, 2.119028
145, 550, 2.119028
146, 544, 2.091424
146, 545, 2.012049
146, 547, 2.012050
146, 548, 2.091424
146, 550, 2.119028
146, 551, 2.119028
147, 553, 2.012049
147, 554, 2.091424
147, 555, 2.012049
147, 556, 2.091424
147, 567, 2.119028
147, 569, 2.119028
148, 557, 2.091424
148, 558, 2.012050
148, 560, 2.012049
148, 561, 2.091424
148, 567, 2.119028
148, 568, 2.119028
149, 562, 2.091424
149, 563, 2.012050
149, 565, 2.012049
149, 566, 2.091424
149, 568, 2.119028
149, 569, 2.119028
150, 571, 2.012049
150, 572, 2.091424
150, 573, 2.012049
150, 574, 2.091424
150, 585, 2.119028
150, 587, 2.119028
151, 575, 2.091424
151, 576, 2.012050
151, 578, 2.012049
151, 579, 2.091424
151, 585, 2.119028
151, 586, 2.119028
152, 580, 2.091424
152, 581, 2.012050
152, 583, 2.012049
152, 584, 2.091424
152, 586, 2.119028
152, 587, 2.119028
153, 589, 2.012049
153, 590, 2.091424
153, 591, 2.012049
153, 592, 2.091424
153, 603, 2.119028
153, 605, 2.119028
154, 593, 2.091424
154, 594, 2.012049
154, 596, 2.012050
154, 597, 2.091424
154, 603, 2.119028
154, 604, 2.119028
155, 598, 2.091424
155, 599, 2.012049
155, 601, 2.012050
155, 602, 2.091424
155, 604, 2.119028
155, 605, 2.119028
156, 607, 2.012049
156, 608, 2.091424
156, 609, 2.012049
156, 610, 2.091424
156, 621, 2.119028
156, 623, 2.119028
157, 611, 2.091424
157, 612, 2.012049
157, 614, 2.012050
157, 615, 2.091424
157, 621, 2.119028
157, 622, 2.119028
158, 616, 2.091424
158, 617, 2.012049
158, 619, 2.012050
158, 620, 2.091424
158, 622, 2.119028
158, 623, 2.119028
159, 625, 2.012049
159, 626, 2.091424
159, 627, 2.012049
159, 628, 2.091424
159, 639, 2.119028
159, 641, 2.119028
160, 629, 2.091424
160, 630, 2.012050
160, 632, 2.012049
160, 633, 2.091424
160, 639, 2.119028
160, 640, 2.119028
161, 634, 2.091424
161, 635, 2.012050
161, 637, 2.012049
161, 638, 2.091424
161, 640, 2.119028
161, 641, 2.119028
162, 163, 1.822356
162, 164, 1.694338
162, 275, 1.822356
162, 552, 1.694338
163, 164, 1.694338
163, 304, 1.822356
163, 534, 1.694338
164, 165, 1.891199
164, 168, 1.891199
165, 166, 1.984769
165, 167, 2.032700
165, 168, 2.033024
166, 167, 1.932117
166, 537, 1.984769
166, 538, 1.932117
167, 171, 2.084647
167, 189, 2.084279
168, 169, 2.032700
168, 170, 1.984769
169, 170, 1.932117
169, 188, 2.084647
169, 191, 2.084279
170, 553, 1.984769
170, 554, 1.932117
171, 172, 1.932117
171, 173, 2.032701
171, 189, 2.084279
172, 173, 1.984770
172, 547, 1.984769
172, 548, 1.932117
173, 174, 1.891198
173, 177, 2.033024
174, 175, 1.694338
174, 176, 1.694338
174, 177, 1.891198
175, 176, 1.822357
175, 387, 1.822356
175, 546, 1.694338
176, 210, 1.694338
176, 211, 1.822357
177, 178, 1.984769
177, 179, 2.032700
178, 179, 1.932117
178, 208, 1.932117
178, 209, 1.984769
179, 180, 2.084647
179, 190, 2.084279
180, 181, 1.932117
180, 182, 2.032700
180, 190, 2.084279
181, 182, 1.984769
181, 206, 1.984769
181, 207, 1.932117
182, 183, 1.891198
182, 186, 2.033024
183, 184, 1.694338
183, 185, 1.694338
183, 186, 1.891198
184, 185, 1.822357
184, 204, 1.694338
184, 205, 1.822357
185, 442, 1.822356
185, 559, 1.694338
186, 187, 1.984770
186, 188, 2.032701
187, 188, 1.932117
187, 557, 1.932117
187, 558, 1.984769
188, 191, 2.084279
189, 190, 2.140413
189, 191, 2.140413
190, 191, 2.140413
192, 193, 1.822356
192, 194, 1.694338
192, 219, 1.822356
192, 498, 1.694338
193, 194, 1.694338
193, 248, 1.822356
193, 516, 1.694338
194, 195, 1.891199
194, 198, 1.891199
195, 196, 1.984769
195, 197, 2.032700
195, 198, 2.033024
196, 197, 1.932117
196, 519, 1.984769
196, 520, 1.932117
197, 201, 2.084647
197, 215, 2.084279
198, 199, 2.032700
198, 200, 1.984769
199, 200, 1.932117
199, 214, 2.084647
199, 217, 2.084279
200, 499, 1.984769
200, 500, 1.932117
201, 202, 1.932117
201, 203, 2.032701
201, 215, 2.084279
202, 203, 1.984770
202, 529, 1.984769
202, 530, 1.932117
203, 204, 1.891198
203, 206, 2.033024
204, 205, 1.694338
204, 206, 1.891198
205, 443, 1.822356
205, 528, 1.694338
206, 207, 2.032700
207, 208, 2.084647
207, 216, 2.084279
208, 209, 2.032700
208, 216, 2.084279
209, 210, 1.891198
209, 212, 2.033024
210, 211, 1.694338
210, 212, 1.891198
211, 386, 1.822356
211, 505, 1.694338
212, 213, 1.984770
212, 214, 2.032701
213, 214, 1.932117
213, 503, 1.932117
213, 504, 1.984769
214, 217, 2.084279
215, 216, 2.140413
215, 217, 2.140413
216, 217, 2.140413
218, 219, 1.822357
218, 220, 1.694338
218, 248, 1.822357
218, 249, 1.694338
219, 220, 1.694338
219, 498, 1.694338
220, 221, 1.891198
220, 224, 1.891198
221, 222, 1.984770
221, 223, 2.032701
221, 224, 2.033024
222, 223, 1.932117
222, 501, 1.984769
222, 502, 1.932117
223, 227, 2.084647
223, 245, 2.084279
224, 225, 2.032701
224, 226, 1.984769
225, 226, 1.932117
225, 244, 2.084647
225, 247, 2.084279
226, 250, 1.984769
226, 251, 1.932117
227, 228, 1.932117
227, 229, 2.032700
227, 245, 2.084279
228, 229, 1.984769
228, 511, 1.984769
228, 512, 1.932117
229, 230, 1.891199
229, 233, 2.033024
230, 231, 1.694338
230, 232, 1.694338
230, 233, 1.891199
231, 232, 1.822356
231, 409, 1.822356
231, 510, 1.694338
232, 429, 1.822356
232, 613, 1.694338
233, 234, 1.984769
233, 235, 2.032700
234, 235, 1.932117
234, 611, 1.932117
234, 612, 1.984769
235, 236, 2.084647
235, 246, 2.084279
236, 237, 1.932117
236, 238, 2.032701
236, 246, 2.084279
237, 238, 1.984770
237, 607, 1.984769
237, 608, 1.932117
238, 239, 1.891198
238, 242, 2.033024
239, 240, 1.694338
239, 241, 1.694338
239, 242, 1.891198
240, 241, 1.822357
240, 331, 1.822356
240, 606, 1.694338
241, 257, 1.694338
241, 258, 1.822357
242, 243, 1.984769
242, 244, 2.032701
243, 244, 1.932117
243, 255, 1.932117
243, 256, 1.984769
244, 247, 2.084279
245, 246, 2.140413
245, 247, 2.140413
246, 247, 2.140413
248, 249, 1.694338
248, 516, 1.694338
249, 250, 1.891198
249, 252, 1.891198
250, 251, 2.032701
250, 252, 2.033024
251, 255, 2.084647
251, 271, 2.084279
252, 253, 2.032701
252, 254, 1.984770
253, 254, 1.932117
253, 270, 2.084647
253, 273, 2.084279
254, 517, 1.984769
254, 518, 1.932117
255, 256, 2.032701
255, 271, 2.084279
256, 257, 1.891198
256, 259, 2.033024
257, 258, 1.694338
257, 259, 1.891198
258, 330, 1.822356
258, 624, 1.694338
259, 260, 1.984770
259, 261, 2.032701
260, 261, 1.932117
260, 627, 1.984769
260, 628, 1.932117
261, 262, 2.084647
261, 272, 2.084279
262, 263, 1.932117
262, 264, 2.032700
262, 272, 2.084279
263, 264, 1.984769
263, 637, 1.984769
263, 638, 1.932117
264, 265, 1.891199
264, 268, 2.033024
265, 266, 1.694338
265, 267, 1.694338
265, 268, 1.891199
266, 267, 1.822356
266, 491, 1.822356
266, 636, 1.694338
267, 455, 1.822356
267, 523, 1.694338
268, 269, 1.984769
268, 270, 2.032700
269, 270, 1.932117
269, 521, 1.932117
269, 522, 1.984769
270, 273, 2.084279
271, 272, 2.140413
271, 273, 2.140413
272, 273, 2.140413
274, 275, 1.822357
274, 276, 1.694338
274, 304, 1.822357
274, 305, 1.694338
275, 276, 1.694338
275, 552, 1.694338
276, 277, 1.891198
276, 280, 1.891198
277, 278, 1.984770
277, 279, 2.032701
277, 280, 2.033024
278, 279, 1.932117
278, 555, 1.984769
278, 556, 1.932117
279, 283, 2.084647
279, 301, 2.084279
280, 281, 2.032701
280, 282, 1.984769
281, 282, 1.932117
281, 300, 2.084647
281, 303, 2.084279
282, 306, 1.984769
282, 307, 1.932117
283, 284, 1.932117
283, 285, 2.032700
283, 301, 2.084279
284, 285, 1.984769
284, 565, 1.984769
284, 566, 1.932117
285, 286, 1.891199
285, 289, 2.033024
286, 287, 1.694338
286, 288, 1.694338
286, 289, 1.891199
287, 288, 1.822356
287, 465, 1.822356
287, 564, 1.694338
288, 485, 1.822356
288, 595, 1.694338
289, 290, 1.984769
289, 291, 2.032700
290, 291, 1.932117
290, 593, 1.932117
290, 594, 1.984769
291, 292, 2.084647
291, 302, 2.084279
292, 293, 1.932117
292, 294, 2.032701
292, 302, 2.084279
293, 294, 1.984770
293, 589, 1.984769
293, 590, 1.932117
294, 295, 1.891198
294, 298, 2.033024
295, 296, 1.694338
295, 297, 1.694338
295, 298, 1.891198
296, 297, 1.822357
296, 361, 1.822356
296, 588, 1.694338
297, 313, 1.694338
297, 314, 1.822357
298, 299, 1.984769
298, 300, 2.032701
299, 300, 1.932117
299, 311, 1.932117
299, 312, 1.984769
300, 303, 2.084279
301, 302, 2.140413
301, 303, 2.140413
302, 303, 2.140413
304, 305, 1.694338
304, 534, 1.694338
305, 306, 1.891198
305, 308, 1.891198
306, 307, 2.032701
306, 308, 2.033024
307, 311, 2.084647
307, 327, 2.084279
308, 309, 2.032701
308, 310, 1.984770
309, 310, 1.932117
309, 326, 2.084647
309, 329, 2.084279
310, 535, 1.984769
310, 536, 1.932117
311, 312, 2.032701
311, 327, 2.084279
312, 313, 1.891198
312, 315, 2.033024
313, 314, 1.694338
313, 315, 1.891198
314, 360, 1.822356
314, 570, 1.694338
315, 316, 1.984770
315, 317, 2.032701
316, 317, 1.932117
316, 573, 1.984769
316, 574, 1.932117
317, 318, 2.084647
317, 328, 2.084279
318, 319, 1.932117
318, 320, 2.032700
318, 328, 2.084279
319, 320, 1.984769
319, 583, 1.984769
319, 584, 1.932117
320, 321, 1.891199
320, 324, 2.033024
321, 322, 1.694338
321, 323, 1.694338
321, 324, 1.891199
322, 323, 1.822356
322, 435, 1.822356
322, 582, 1.694338
323, 399, 1.822356
323, 541, 1.694338
324, 325, 1.984769
324, 326, 2.032700
325, 326, 1.932117
325, 539, 1.932117
325, 540, 1.984769
326, 329, 2.084279
327, 328, 2.140413
327, 329, 2.140413
328, 329, 2.140413
330, 331, 1.822356
330, 332, 1.694338
330, 624, 1.694338
331, 332, 1.694338
331, 606, 1.694338
332, 333, 1.891199
332, 336, 1.891199
333, 334, 1.984769
333, 335, 2.032700
333, 336, 2.033024
334, 335, 1.932117
334, 609, 1.984769
334, 610, 1.932117
335, 339, 2.084647
335, 357, 2.084279
336, 337, 2.032700
336, 338, 1.984769
337, 338, 1.932117
337, 356, 2.084647
337, 359, 2.084279
338, 625, 1.984769
338, 626, 1.932117
339, 340, 1.932117
339, 341, 2.032701
339, 357, 2.084279
340, 341, 1.984770
340, 619, 1.984769
340, 620, 1.932117
341, 342, 1.891198
341, 345, 2.033024
342, 343, 1.694338
342, 344, 1.694338
342, 345, 1.891198
343, 344, 1.822357
343, 417, 1.822356
343, 618, 1.694338
344, 378, 1.694338
344, 379, 1.822357
345, 346, 1.984769
345, 347, 2.032700
346, 347, 1.932117
346, 376, 1.932117
346, 377, 1.984769
347, 348, 2.084647
347, 358, 2.084279
348, 349, 1.932117
348, 350, 2.032700
348, 358, 2.084279
349, 350, 1.984769
349, 374, 1.984769
349, 375, 1.932117
350, 351, 1.891198
350, 354, 2.033024
351, 352, 1.694338
351, 353, 1.694338
351, 354, 1.891198
352, 353, 1.822357
352, 372, 1.694338
352, 373, 1.822357
353, 472, 1.822356
353, 631, 1.694338
354, 355, 1.984770
354, 356, 2.032701
355, 356, 1.932117
355, 629, 1.932117
355, 630, 1.984769
356, 359, 2.084279
357, 358, 2.140413
357, 359, 2.140413
358, 359, 2.140413
360, 361, 1.822356
360, 362, 1.694338
360, 570, 1.694338
361, 362, 1.694338
361, 588, 1.694338
362, 363, 1.891199
362, 366, 1.891199
363, 364, 1.984769
363, 365, 2.032700
363, 366, 2.033024
364, 365, 1.932117
364, 591, 1.984769
364, 592, 1.932117
365, 369, 2.084647
365, 383, 2.084279
366, 367, 2.032700
366, 368, 1.984769
367, 368, 1.932117
367, 382, 2.084647
367, 385, 2.084279
368, 571, 1.984769
368, 572, 1.932117
369, 370, 1.932117
369, 371, 2.032701
369, 383, 2.084279
370, 371, 1.984770
370, 601, 1.984769
370, 602, 1.932117
371, 372, 1.891198
371, 374, 2.033024
372, 373, 1.694338
372, 374, 1.891198
373, 473, 1.822356
373, 600, 1.694338
374, 375, 2.032700
375, 376, 2.084647
375, 384, 2.084279
376, 377, 2.032700
376, 384, 2.084279
377, 378, 1.891198
377, 380, 2.033024
378, 379, 1.694338
378, 380, 1.891198
379, 416, 1.822356
379, 577, 1.694338
380, 381, 1.984770
380, 382, 2.032701
381, 382, 1.932117
381, 575, 1.932117
381, 576, 1.984769
382, 385, 2.084279
383, 384, 2.140413
383, 385, 2.140413
384, 385, 2.140413
386, 387, 1.822356
386, 388, 1.694338
386, 505, 1.694338
387, 388, 1.694338
387, 546, 1.694338
388, 389, 1.891199
388, 392, 1.891199
389, 390, 1.984769
389, 391, 2.032700
389, 392, 2.033024
390, 391, 1.932117
390, 544, 1.932117
390, 545, 1.984769
391, 395, 2.084647
391, 413, 2.084279
392, 393, 2.032700
392, 394, 1.984769
393, 394, 1.932117
393, 412, 2.084647
393, 415, 2.084279
394, 506, 1.984769
394, 507, 1.932117
395, 396, 1.932117
395, 397, 2.032701
395, 413, 2.084279
396, 397, 1.984770
396, 542, 1.984769
396, 543, 1.932117
397, 398, 1.891198
397, 401, 2.033024
398, 399, 1.694338
398, 400, 1.694338
398, 401, 1.891198
399, 400, 1.822357
399, 541, 1.694338
400, 434, 1.694338
400, 435, 1.822357
401, 402, 1.984769
401, 403, 2.032700
402, 403, 1.932117
402, 432, 1.932117
402, 433, 1.984769
403, 404, 2.084647
403, 414, 2.084279
404, 405, 1.932117
404, 406, 2.032700
404, 414, 2.084279
405, 406, 1.984769
405, 430, 1.984769
405, 431, 1.932117
406, 407, 1.891198
406, 410, 2.033024
407, 408, 1.694338
407, 409, 1.694338
407, 410, 1.891198
408, 409, 1.822357
408, 428, 1.694338
408, 429, 1.822357
409, 510, 1.694338
410, 411, 1.984770
410, 412, 2.032701
411, 412, 1.932117
411, 508, 1.932117
411, 509, 1.984769
412, 415, 2.084279
413, 414, 2.140413
413, 415, 2.140413
414, 415, 2.140413
416, 417, 1.822356
416, 418, 1.694338
416, 577, 1.694338
417, 418, 1.694338
417, 618, 1.694338
418, 419, 1.891199
418, 422, 1.891199
419, 420, 1.984769
419, 421, 2.032700
419, 422, 2.033024
420, 421, 1.932117
420, 616, 1.932117
420, 617, 1.984769
421, 425, 2.084647
421, 439, 2.084279
422, 423, 2.032700
422, 424, 1.984769
423, 424, 1.932117
423, 438, 2.084647
423, 441, 2.084279
424, 578, 1.984769
424, 579, 1.932117
425, 426, 1.932117
425, 427, 2.032701
425, 439, 2.084279
426, 427, 1.984770
426, 614, 1.984769
426, 615, 1.932117
427, 428, 1.891198
427, 430, 2.033024
428, 429, 1.694338
428, 430, 1.891198
429, 613, 1.694338
430, 431, 2.032700
431, 432, 2.084647
431, 440, 2.084279
432, 433, 2.032700
432, 440, 2.084279
433, 434, 1.891198
433, 436, 2.033024
434, 435, 1.694338
434, 436, 1.891198
435, 582, 1.694338
436, 437, 1.984770
436, 438, 2.032701
437, 438, 1.932117
437, 580, 1.932117
437, 581, 1.984769
438, 441, 2.084279
439, 440, 2.140413
439, 441, 2.140413
440, 441, 2.140413
442, 443, 1.822356
442, 444, 1.694338
442, 559, 1.694338
443, 444, 1.694338
443, 528, 1.694338
444, 445, 1.891199
444, 448, 1.891199
445, 446, 1.984769
445, 447, 2.032700
445, 448, 2.033024
446, 447, 1.932117
446, 526, 1.932117
446, 527, 1.984769
447, 451, 2.084647
447, 469, 2.084279
448, 449, 2.032700
448, 450, 1.984769
449, 450, 1.932117
449, 468, 2.084647
449, 471, 2.084279
450, 560, 1.984769
450, 561, 1.932117
451, 452, 1.932117
451, 453, 2.032701
451, 469, 2.084279
452, 453, 1.984770
452, 524, 1.984769
452, 525, 1.932117
453, 454, 1.891198
453, 457, 2.033024
454, 455, 1.694338
454, 456, 1.694338
454, 457, 1.891198
455, 456, 1.822357
455, 523, 1.694338
456, 490, 1.694338
456, 491, 1.822357
457, 458, 1.984769
457, 459, 2.032700
458, 459, 1.932117
458, 488, 1.932117
458, 489, 1.984769
459, 460, 2.084647
459, 470, 2.084279
460, 461, 1.932117
460, 462, 2.032700
460, 470, 2.084279
461, 462, 1.984769
461, 486, 1.984769
461, 487, 1.932117
462, 463, 1.891198
462, 466, 2.033024
463, 464, 1.694338
463, 465, 1.694338
463, 466, 1.891198
464, 465, 1.822357
464, 484, 1.694338
464, 485, 1.822357
465, 564, 1.694338
466, 467, 1.984770
466, 468, 2.032701
467, 468, 1.932117
467, 562, 1.932117
467, 563, 1.984769
468, 471, 2.084279
469, 470, 2.140413
469, 471, 2.140413
470, 471, 2.140413
472, 473, 1.822356
472, 474, 1.694338
472, 631, 1.694338
473, 474, 1.694338
473, 600, 1.694338
474, 475, 1.891199
474, 478, 1.891199
475, 476, 1.984769
475, 477, 2.032700
475, 478, 2.033024
476, 477, 1.932117
476, 598, 1.932117
476, 599, 1.984769
477, 481, 2.084647
477, 495, 2.084279
478, 479, 2.032700
478, 480, 1.984769
479, 480, 1.932117
479, 494, 2.084647
479, 497, 2.084279
480, 632, 1.984769
480, 633, 1.932117
481, 482, 1.932117
481, 483, 2.032701
481, 495, 2.084279
482, 483, 1.984770
482, 596, 1.984769
482, 597, 1.932117
483, 484, 1.891198
483, 486, 2.033024
484, 485, 1.694338
484, 486, 1.891198
485, 595, 1.694338
486, 487, 2.032700
487, 488, 2.084647
487, 496, 2.084279
488, 489, 2.032700
488, 496, 2.084279
489, 490, 1.891198
489, 492, 2.033024
490, 491, 1.694338
490, 492, 1.891198
491, 636, 1.694338
492, 493, 1.984770
492, 494, 2.032701
493, 494, 1.932117
493, 634, 1.932117
493, 635, 1.984769
494, 497, 2.084279
495, 496, 2.140413
495, 497, 2.140413
496, 497, 2.140413
498, 499, 1.891198
498, 501, 1.891198
499, 500, 2.032700
499, 501, 2.033024
500, 503, 2.084647
500, 513, 2.084279
501, 502, 2.032701
502, 512, 2.084647
502, 515, 2.084279
503, 504, 2.032701
503, 513, 2.084279
504, 505, 1.891198
504, 506, 2.033024
505, 506, 1.891198
506, 507, 2.032700
507, 508, 2.084647
507, 514, 2.084279
508, 509, 2.032701
508, 514, 2.084279
509, 510, 1.891198
509, 511, 2.033024
510, 511, 1.891198
511, 512, 2.032700
512, 515, 2.084279
513, 514, 2.140413
513, 515, 2.140413
514, 515, 2.140413
516, 517, 1.891198
516, 519, 1.891198
517, 518, 2.032701
517, 519, 2.033024
518, 521, 2.084647
518, 531, 2.084279
519, 520, 2.032700
520, 530, 2.084647
520, 533, 2.084279
521, 522, 2.032700
521, 531, 2.084279
522, 523, 1.891198
522, 524, 2.033024
523, 524, 1.891198
524, 525, 2.032701
525, 526, 2.084647
525, 532, 2.084279
526, 527, 2.032700
526, 532, 2.084279
527, 528, 1.891198
527, 529, 2.033024
528, 529, 1.891198
529, 530, 2.032701
530, 533, 2.084279
531, 532, 2.140413
531, 533, 2.140413
532, 533, 2.140413
534, 535, 1.891198
534, 537, 1.891198
535, 536, 2.032701
535, 537, 2.033024
536, 539, 2.084647
536, 549, 2.084279
537, 538, 2.032700
538, 548, 2.084647
538, 551, 2.084279
539, 540, 2.032700
539, 549, 2.084279
540, 541, 1.891198
540, 542, 2.033024
541, 542, 1.891198
542, 543, 2.032701
543, 544, 2.084647
543, 550, 2.084279
544, 545, 2.032700
544, 550, 2.084279
545, 546, 1.891198
545, 547, 2.033024
546, 547, 1.891198
547, 548, 2.032701
548, 551, 2.084279
549, 550, 2.140413
549, 551, 2.140413
550, 551, 2.140413
552, 553, 1.891198
552, 555, 1.891198
553, 554, 2.032700
553, 555, 2.033024
554, 557, 2.084647
554, 567, 2.084279
555, 556, 2.032701
556, 566, 2.084647
556, 569, 2.084279
557, 558, 2.032701
557, 567, 2.084279
558, 559, 1.891198
558, 560, 2.033024
559, 560, 1.891198
560, 561, 2.032700
561, 562, 2.084647
561, 568, 2.084279
562, 563, 2.032701
562, 568, 2.084279
563, 564, 1.891198
563, 565, 2.033024
564, 565, 1.891198
565, 566, 2.032700
566, 569, 2.084279
567, 568, 2.140413
567, 569, 2.140413
568, 569, 2.140413
570, 571, 1.891198
570, 573, 1.891198
571, 572, 2.032700
571, 573, 2.033024
572, 575, 2.084647
572, 585, 2.084279
573, 574, 2.032701
574, 584, 2.084647
574, 587, 2.084279
575, 576, 2.032701
575, 585, 2.084279
576, 577, 1.891198
576, 578, 2.033024
577, 578, 1.891198
578, 579, 2.032700
579, 580, 2.084647
579, 586, 2.084279
580, 581, 2.032701
580, 586, 2.084279
581, 582, 1.891198
581, 583, 2.033024
582, 583, 1.891198
583, 584, 2.032700
584, 587, 2.084279
585, 586, 2.140413
585, 587, 2.140413
586, 587, 2.140413
588, 589, 1.891198
588, 591, 1.891198
589, 590, 2.032701
589, 591, 2.033024
590, 593, 2.084647
590, 603, 2.084279
591, 592, 2.032700
592, 602, 2.084647
592, 605, 2.084279
593, 594, 2.032700
593, 603, 2.084279
594, 595, 1.891198
594, 596, 2.033024
595, 596, 1.891198
596, 597, 2.032701
597, 598, 2.084647
597, 604, 2.084279
598, 599, 2.032700
598, 604, 2.084279
599, 600, 1.891198
599, 601, 2.033024
600, 601, 1.891198
601, 602, 2.032701
602, 605, 2.084279
603, 604, 2.140413
603, 605, 2.140413
604, 605, 2.140413
606, 607, 1.891198
606, 609, 1.891198
607, 608, 2.032701
607, 609, 2.033024
608, 611, 2.084647
608, 621, 2.084279
609, 610, 2.032700
610, 620, 2.084647
610, 623, 2.084279
611, 612, 2.032700
611, 621, 2.084279
612, 613, 1.891198
612, 614, 2.033024
613, 614, 1.891198
614, 615, 2.032701
615, 616, 2.084647
615, 622, 2.084279
616, 617, 2.032700
616, 622, 2.084279
617, 618, 1.891198
617, 619, 2.033024
618, 619, 1.891198
619, 620, 2.032701
620, 623, 2.084279
621, 622, 2.140413
621, 623, 2.140413
622, 623, 2.140413
624, 625, 1.891198
624, 627, 1.891198
625, 626, 2.032700
625, 627, 2.033024
626, 629, 2.084647
626, 639, 2.084279
627, 628, 2.032701
628, 638, 2.084647
628, 641, 2.084279
629, 630, 2.032701
629, 639, 2.084279
630, 631, 1.891198
630, 632, 2.033024
631, 632, 1.891198
632, 633, 2.032700
633, 634, 2.084647
633, 640, 2.084279
634, 635, 2.032701
634, 640, 2.084279
635, 636, 1.891198
635, 637, 2.033024
636, 637, 1.891198
637, 638, 2.032700
638, 641, 2.084279
639, 640, 2.140413
639, 641, 2.140413
640, 641, 2.140413
