source_idx: 284
h_value: 1.050589

points:
0.000000, 3.680118, -5.954556, 4.948095
0.000000, 3.680118, 5.954556, 14.819974
0.000000, -3.680118, 5.954556, 17.043054
-3.680118, 5.954556, 0.000000, 11.907391
-3.680118, -5.954556, 0.000000, 14.819974
3.680118, 5.954556, 0.000000, 7.171174
3.680118, -5.954556, 0.000000, 10.083758
0.000000, -3.680118, -5.954556, 7.171174
5.954556, 0.000000, 3.680118, 10.083757
-5.954556, 0.000000, 3.680118, 19.189202
-5.954556, 0.000000, -3.680118, 11.907391
5.954556, 0.000000, -3.680118, 2.801947
2.163119, 5.663119, -3.500000, 5.034284
-2.163119, 5.663119, -3.500000, 8.337972
0.000000, 7.000000, 0.000000, 9.377900
-2.163119, 5.663119, 3.500000, 13.737332
2.163119, 5.663119, 3.500000, 10.995574
0.000000, 0.000000, 7.000000, 16.956864
-3.500000, 2.163119, 5.663119, 18.064044
-3.500000, -2.163119, 5.663119, 20.918074
3.500000, 2.163119, 5.663119, 12.613249
3.500000, -2.163119, 5.663119, 13.653177
0.000000, 0.000000, -7.000000, 5.034284
3.500000, 2.163119, -5.663119, 1.073074
3.500000, -2.163119, -5.663119, 3.927104
-3.500000, 2.163119, -5.663119, 8.337971
-3.500000, -2.163119, -5.663119, 9.377900
2.163119, -5.663119, 3.500000, 13.653177
-2.163119, -5.663119, 3.500000, 16.956864
0.000000, -7.000000, 0.000000, 12.613249
-2.163119, -5.663119, -3.500000, 10.995574
2.163119, -5.663119, -3.500000, 8.253816
-5.663119, 3.500000, 2.163119, 15.656016
-5.663119, 3.500000, -2.163119, 12.068648
-7.000000, 0.000000, 0.000000, 15.656016
-5.663119, -3.500000, -2.163119, 13.737333
-5.663119, -3.500000, 2.163119, 18.064045
5.663119, 3.500000, -2.163119, 3.927104
5.663119, 3.500000, 2.163119, 8.253816
7.000000, 0.000000, 0.000000, 6.335132
5.663119, -3.500000, 2.163119, 9.922500
5.663119, -3.500000, -2.163119, 6.335132
1.033346, 4.772028, -5.015968, 4.660520
-1.033346, 4.772028, -5.015968, 6.455405
0.000000, 5.954555, -3.680117, 6.574973
-1.137219, 6.657395, -1.840059, 8.750510
-3.100039, 6.049315, -1.671990, 10.265579
-2.066693, 6.687958, 0.000000, 10.740210
1.137219, 6.657395, -1.840059, 7.200788
2.066693, 6.687958, 0.000000, 8.105813
3.100039, 6.049315, -1.671990, 6.031582
-1.033346, 4.772028, 5.015968, 14.453497
1.033346, 4.772028, 5.015968, 13.068182
0.000000, 5.954555, 3.680117, 12.410034
1.137219, 6.657395, 1.840059, 10.150612
3.100039, 6.049315, 1.671990, 8.922967
-1.137219, 6.657395, 1.840059, 11.558121
-3.100039, 6.049315, 1.671990, 12.802731
0.000000, 2.066693, 6.687958, 15.959567
-1.671990, 3.100039, 6.049315, 16.386841
-1.840059, 1.137219, 6.657395, 17.985278
-3.680117, 0.000000, 5.954555, 20.125970
-5.015968, 1.033346, 4.772028, 19.202246
-5.015968, -1.033346, 4.772028, 20.966263
-1.840059, -1.137219, 6.657395, 19.085805
-1.671990, -3.100039, 6.049315, 18.820114
0.000000, -2.066693, 6.687958, 17.330629
1.671990, 3.100039, 6.049315, 13.885336
1.840059, 1.137219, 6.657395, 14.790361
1.840059, -1.137219, 6.657395, 15.416176
1.671990, -3.100039, 6.049315, 15.535743
3.680117, 0.000000, 5.954555, 13.240639
5.015968, -1.033346, 4.772028, 11.725569
5.015968, 1.033346, 4.772028, 11.250938
0.000000, 2.066693, -6.687958, 4.660520
1.671990, 3.100039, -6.049315, 3.171034
1.840059, 1.137219, -6.657395, 2.905344
3.680117, 0.000000, -5.954555, 1.865178
5.015968, 1.033346, -4.772028, 1.024886
5.015968, -1.033346, -4.772028, 2.788902
1.840059, -1.137219, -6.657395, 4.005871
1.671990, -3.100039, -6.049315, 5.604308
0.000000, -2.066693, -6.687958, 6.031582
-1.671990, 3.100039, -6.049315, 6.455405
-1.840059, 1.137219, -6.657395, 6.574973
-1.840059, -1.137219, -6.657395, 7.200788
-1.671990, -3.100039, -6.049315, 8.105813
-3.680117, 0.000000, -5.954555, 8.750510
-5.015968, -1.033346, -4.772028, 10.740211
-5.015968, 1.033346, -4.772028, 10.265579
1.033346, -4.772028, 5.015968, 15.535743
-1.033346, -4.772028, 5.015968, 17.330629
0.000000, -5.954555, 3.680117, 15.416176
-1.137219, -6.657395, 1.840059, 14.790361
-3.100039, -6.049315, 1.671990, 15.959567
-2.066693, -6.687958, 0.000000, 13.885336
1.137219, -6.657395, 1.840059, 13.240639
2.066693, -6.687958, 0.000000, 11.250938
3.100039, -6.049315, 1.671990, 11.725569
-1.033346, -4.772028, -5.015968, 8.922967
1.033346, -4.772028, -5.015968, 7.537651
0.000000, -5.954555, -3.680117, 9.581115
1.137219, -6.657395, -1.840059, 10.433028
3.100039, -6.049315, -1.671990, 9.188417
-1.137219, -6.657395, -1.840059, 11.840537
-3.100039, -6.049315, -1.671990, 13.068182
-4.772028, 5.015968, 1.033346, 13.633673
-4.772028, 5.015968, -1.033346, 12.020461
-5.954555, 3.680117, 0.000000, 13.914472
-6.657395, 1.840059, -1.137219, 13.914472
-6.049315, 1.671990, -3.100039, 12.020461
-6.687958, 0.000000, -2.066693, 13.633674
-6.657395, 1.840059, 1.137219, 15.943669
-6.687958, 0.000000, 2.066693, 17.631687
-6.049315, 1.671990, 3.100039, 17.631687
-4.772028, -5.015968, -1.033346, 14.453497
-4.772028, -5.015968, 1.033346, 16.386841
-5.954555, -3.680117, 0.000000, 15.910418
-6.657395, -1.840059, 1.137219, 17.146074
-6.049315, -1.671990, 3.100039, 19.202246
-6.657395, -1.840059, -1.137219, 14.868052
-6.049315, -1.671990, -3.100039, 12.802732
4.772028, 5.015968, -1.033346, 5.604308
4.772028, 5.015968, 1.033346, 7.537651
5.954555, 3.680117, 0.000000, 6.080731
6.657395, 1.840059, 1.137219, 7.123096
6.049315, 1.671990, 3.100039, 9.188417
6.687958, 0.000000, 2.066693, 8.357475
6.657395, 1.840059, -1.137219, 4.845075
6.687958, 0.000000, -2.066693, 4.359462
6.049315, 1.671990, -3.100039, 2.788902
4.772028, -5.015968, 1.033346, 9.970688
4.772028, -5.015968, -1.033346, 8.357475
5.954555, -3.680117, 0.000000, 8.076676
6.657395, -1.840059, -1.137219, 6.047480
6.049315, -1.671990, -3.100039, 4.359462
6.657395, -1.840059, 1.137219, 8.076676
6.049315, -1.671990, 3.100039, 9.970688
-2.977278, 4.114496, 4.817336, 15.910418
-4.114496, 4.817336, 2.977278, 14.868052
-4.817337, 2.977278, 4.114497, 17.146074
2.977278, 4.114496, 4.817336, 11.840537
4.817337, 2.977278, 4.114497, 10.433027
4.114496, 4.817336, 2.977278, 9.581115
-2.977278, 4.114496, -4.817336, 8.193628
-4.817337, 2.977278, -4.114497, 10.191891
-4.114496, 4.817336, -2.977278, 10.191891
2.977278, 4.114496, -4.817336, 2.905344
4.114496, 4.817336, -2.977278, 4.005871
4.817337, 2.977278, -4.114497, 1.865179
-2.977278, -4.114496, -4.817336, 10.150612
-4.114496, -4.817336, -2.977278, 12.410034
-4.817337, -2.977278, -4.114497, 11.558121
2.977278, -4.114496, -4.817336, 6.080731
4.817337, -2.977278, -4.114497, 4.845075
4.114496, -4.817336, -2.977278, 7.123096
-2.977278, -4.114496, 4.817336, 19.085805
-4.817337, -2.977278, 4.114497, 20.125970
-4.114496, -4.817336, 2.977278, 17.985278
2.977278, -4.114496, 4.817336, 13.797521
4.114496, -4.817336, 2.977278, 11.799258
4.817337, -2.977278, 4.114497, 11.799258
0.490634, 4.228304, -5.557043, 4.745159
-0.490634, 4.228304, -5.557043, 5.642696
0.000000, 4.824890, -5.071532, 5.538813
-0.547353, 5.393669, -4.428176, 6.454972
-1.603314, 5.266407, -4.323695, 7.366323
-1.122502, 5.877498, -3.632493, 7.461595
0.547353, 5.393669, -4.428176, 5.560805
1.122502, 5.877498, -3.632493, 5.744261
1.603314, 5.266407, -4.323695, 4.749716
-1.683753, 6.224371, -2.724370, 8.508243
-2.672190, 5.927009, -2.594217, 9.320884
-2.189410, 6.408516, -1.771270, 9.536933
-2.611983, 6.439184, -0.845255, 10.497715
-3.434441, 6.047677, -0.793863, 11.134489
-2.943807, 6.350906, 0.000000, 11.359399
-1.642058, 6.746799, -0.885635, 9.792286
-1.068876, 6.917912, 0.000000, 10.068568
-0.561251, 6.918115, -0.908123, 9.049490
0.561251, 6.918115, -0.908123, 8.316176
1.068876, 6.917912, 0.000000, 8.710479
1.642058, 6.746799, -0.885635, 7.642992
2.611983, 6.439184, -0.845255, 7.068695
2.943807, 6.350906, 0.000000, 7.589846
3.434441, 6.047677, -0.793863, 6.610556
2.189410, 6.408516, -1.771270, 6.549910
2.672190, 5.927009, -2.594217, 5.483517
1.683753, 6.224371, -2.724370, 6.087982
-0.576265, 6.390877, -2.797249, 7.658222
0.000000, 6.747029, -1.864833, 7.952233
0.576265, 6.390877, -2.797249, 6.829763
-0.490634, 4.228304, 5.557043, 14.678545
0.490634, 4.228304, 5.557043, 13.995884
0.000000, 4.824890, 5.071532, 13.778745
0.547353, 5.393669, 4.428176, 12.772636
1.603314, 5.266407, 4.323695, 12.055967
1.122502, 5.877498, 3.632493, 11.690050
-0.547353, 5.393669, 4.428176, 13.481716
-1.122502, 5.877498, 3.632493, 13.107478
-1.603314, 5.266407, 4.323695, 14.136940
1.683753, 6.224371, 2.724370, 10.579327
2.672190, 5.927009, 2.594217, 9.935182
2.189410, 6.408516, 1.771270, 9.496576
2.611983, 6.439184, 0.845255, 8.490138
3.434441, 6.047677, 0.793863, 7.995264
1.642058, 6.746799, 0.885635, 9.078428
0.561251, 6.918115, 0.908123, 9.740860
-0.561251, 6.918115, 0.908123, 10.440323
-1.642058, 6.746799, 0.885635, 11.130816
-2.611983, 6.439184, 0.845255, 11.771568
-3.434441, 6.047677, 0.793863, 12.337195
-2.189410, 6.408516, 1.771270, 12.218893
-2.672190, 5.927009, 2.594217, 13.280669
-1.683753, 6.224371, 2.724370, 12.675667
0.576265, 6.390877, 2.797249, 11.280407
0.000000, 6.747029, 1.864833, 10.853188
-0.576265, 6.390877, 2.797249, 11.995610
0.000000, 2.943807, 6.350906, 15.380593
-0.793863, 3.434441, 6.047677, 15.567373
-0.845255, 2.611983, 6.439184, 16.241254
-1.771270, 2.189410, 6.408516, 17.185195
-2.594217, 2.672190, 5.927009, 17.241432
-2.724370, 1.683753, 6.224370, 18.164753
-0.885635, 1.642058, 6.746799, 16.927232
-0.908123, 0.561251, 6.918115, 17.548963
0.000000, 1.068876, 6.917912, 16.507632
-3.632493, 1.122502, 5.877498, 19.092770
-4.323695, 1.603314, 5.266407, 18.755799
-4.428176, 0.547353, 5.393669, 19.825562
-5.071532, 0.000000, 4.824890, 20.162546
-5.557043, 0.490634, 4.228304, 19.332582
-5.557043, -0.490634, 4.228304, 20.025910
-4.428176, -0.547353, 5.393669, 20.921386
-4.323695, -1.603314, 5.266407, 21.991149
-3.632493, -1.122502, 5.877498, 20.949818
-2.724370, -1.683753, 6.224370, 20.119566
-2.594217, -2.672190, 5.927009, 19.845000
-1.771270, -2.189410, 6.408516, 19.113876
-0.845255, -2.611983, 6.439184, 18.135718
-0.793863, -3.434441, 6.047677, 17.879762
0.000000, -2.943807, 6.350906, 17.245990
-0.885635, -1.642058, 6.746799, 18.201606
0.000000, -1.068876, 6.917912, 17.241432
-0.908123, -0.561251, 6.918115, 18.002942
-2.797249, 0.576265, 6.390877, 19.081469
-2.797249, -0.576265, 6.390877, 19.826308
-1.864833, 0.000000, 6.747029, 18.672472
0.793863, 3.434441, 6.047677, 14.401302
0.845255, 2.611983, 6.439184, 14.922454
0.885635, 1.642058, 6.746799, 15.441238
0.908123, 0.561251, 6.918115, 15.903167
1.771270, 2.189410, 6.408516, 14.348157
2.724370, 1.683753, 6.224370, 13.674973
2.594217, 2.672190, 5.927009, 13.280670
0.908123, -0.561251, 6.918115, 16.246887
0.885635, -1.642058, 6.746799, 16.430343
0.845255, -2.611983, 6.439184, 16.452335
0.793863, -3.434441, 6.047677, 16.348452
1.771270, -2.189410, 6.408516, 15.536177
2.594217, -2.672190, 5.927009, 14.624826
2.724370, -1.683753, 6.224370, 14.529553
3.632493, -1.122502, 5.877498, 13.482905
4.323695, -1.603314, 5.266407, 12.670265
4.428176, -0.547353, 5.393669, 12.454215
5.071532, 0.000000, 4.824890, 11.493433
5.557043, -0.490634, 4.228304, 10.856659
5.557043, 0.490634, 4.228304, 10.631750
4.428176, 0.547353, 5.393669, 12.198862
4.323695, 1.603314, 5.266407, 11.922580
3.632493, 1.122502, 5.877498, 12.941658
1.864833, 0.000000, 6.747029, 15.161386
2.797249, -0.576265, 6.390877, 14.332927
2.797249, 0.576265, 6.390877, 14.038915
0.000000, 2.943807, -6.350906, 4.745159
0.793863, 3.434441, -6.047677, 4.111386
0.845255, 2.611983, -6.439184, 3.855430
1.771270, 2.189410, -6.408516, 2.877273
2.594217, 2.672190, -5.927009, 2.146148
2.724370, 1.683753, -6.224370, 1.871582
0.885635, 1.642058, -6.746799, 3.789543
0.908123, 0.561251, -6.918115, 3.988207
0.000000, 1.068876, -6.917912, 4.749716
3.632493, 1.122502, -5.877498, 1.041331
4.323695, 1.603314, -5.266407, 0.000000
4.428176, 0.547353, -5.393669, 1.069763
5.071532, 0.000000, -4.824890, 1.828602
5.557043, 0.490634, -4.228304, 1.965238
5.557043, -0.490634, -4.228304, 2.658567
4.428176, -0.547353, -5.393669, 2.165587
4.323695, -1.603314, -5.266407, 3.235349
3.632493, -1.122502, -5.877498, 2.898379
2.724370, -1.683753, -6.224370, 3.826396
2.594217, -2.672190, -5.927009, 4.749716
1.771270, -2.189410, -6.408516, 4.805953
0.845255, -2.611983, -6.439184, 5.749895
0.793863, -3.434441, -6.047677, 6.423776
0.000000, -2.943807, -6.350906, 6.610556
0.885635, -1.642058, -6.746799, 5.063917
0.000000, -1.068876, -6.917912, 5.483516
0.908123, -0.561251, -6.918115, 4.442186
2.797249, 0.576265, -6.390877, 2.164840
2.797249, -0.576265, -6.390877, 2.909680
1.864833, 0.000000, -6.747029, 3.318676
-0.793863, 3.434441, -6.047677, 5.642696
-0.845255, 2.611983, -6.439184, 5.538814
-0.885635, 1.642058, -6.746799, 5.560805
-0.908123, 0.561251, -6.918115, 5.744262
-1.771270, 2.189410, -6.408516, 6.454972
-2.724370, 1.683753, -6.224370, 7.461595
-2.594217, 2.672190, -5.927009, 7.366323
-0.908123, -0.561251, -6.918115, 6.087982
-0.885635, -1.642058, -6.746799, 6.549910
-0.845255, -2.611983, -6.439184, 7.068695
-0.793863, -3.434441, -6.047677, 7.589846
-1.771270, -2.189410, -6.408516, 7.642992
-2.594217, -2.672190, -5.927009, 8.710479
-2.724370, -1.683753, -6.224370, 8.316176
-3.632493, -1.122502, -5.877498, 9.049491
-4.323695, -1.603314, -5.266407, 10.068568
-4.428176, -0.547353, -5.393669, 9.792286
-5.071532, 0.000000, -4.824890, 10.497715
-5.557043, -0.490634, -4.228304, 11.359399
-5.557043, 0.490634, -4.228304, 11.134490
-4.428176, 0.547353, -5.393669, 9.536934
-4.323695, 1.603314, -5.266407, 9.320884
-3.632493, 1.122502, -5.877498, 8.508243
-1.864833, 0.000000, -6.747029, 6.829763
-2.797249, -0.576265, -6.390877, 7.952233
-2.797249, 0.576265, -6.390877, 7.658222
0.490634, -4.228304, 5.557043, 16.348452
-0.490634, -4.228304, 5.557043, 17.245990
0.000000, -4.824890, 5.071532, 16.452335
-0.547353, -5.393669, 4.428176, 16.430344
-1.603314, -5.266407, 4.323695, 17.241432
-1.122502, -5.877498, 3.632493, 16.246887
0.547353, -5.393669, 4.428176, 15.536177
1.122502, -5.877498, 3.632493, 14.529553
1.603314, -5.266407, 4.323695, 14.624826
-1.683753, -6.224371, 2.724370, 15.903167
-2.672190, -5.927009, 2.594217, 16.507632
-2.189410, -6.408516, 1.771270, 15.441238
-2.611983, -6.439184, 0.845255, 14.922453
-3.434441, -6.047677, 0.793863, 15.380593
-2.943807, -6.350906, 0.000000, 14.401302
-1.642058, -6.746799, 0.885635, 14.348157
-1.068876, -6.917912, 0.000000, 13.280669
-0.561251, -6.918115, 0.908123, 13.674973
0.561251, -6.918115, 0.908123, 12.941658
1.068876, -6.917912, 0.000000, 11.922580
1.642058, -6.746799, 0.885635, 12.198863
2.611983, -6.439184, 0.845255, 11.493434
2.943807, -6.350906, 0.000000, 10.631750
3.434441, -6.047677, 0.793863, 10.856659
2.189410, -6.408516, 1.771270, 12.454215
2.672190, -5.927009, 2.594217, 12.670265
1.683753, -6.224371, 2.724370, 13.482906
-0.576265, -6.390877, 2.797249, 15.161386
0.000000, -6.747029, 1.864833, 14.038915
0.576265, -6.390877, 2.797249, 14.332927
-0.490634, -4.228304, -5.557043, 7.995264
0.490634, -4.228304, -5.557043, 7.312604
0.000000, -4.824890, -5.071532, 8.212403
0.547353, -5.393669, -4.428176, 8.509433
1.603314, -5.266407, -4.323695, 7.854208
1.122502, -5.877498, -3.632493, 8.883671
-0.547353, -5.393669, -4.428176, 9.218512
-1.122502, -5.877498, -3.632493, 10.301099
-1.603314, -5.266407, -4.323695, 9.935182
1.683753, -6.224371, -2.724370, 9.315482
2.672190, -5.927009, -2.594217, 8.710479
2.189410, -6.408516, -1.771270, 9.772256
2.611983, -6.439184, -0.845255, 10.219580
3.434441, -6.047677, -0.793863, 9.653953
1.642058, -6.746799, -0.885635, 10.860332
0.561251, -6.918115, -0.908123, 11.550826
-0.561251, -6.918115, -0.908123, 12.250288
-1.642058, -6.746799, -0.885635, 12.912720
-2.611983, -6.439184, -0.845255, 13.501011
-3.434441, -6.047677, -0.793863, 13.995884
-2.189410, -6.408516, -1.771270, 12.494573
-2.672190, -5.927009, -2.594217, 12.055967
-1.683753, -6.224371, -2.724370, 11.411822
0.576265, -6.390877, -2.797249, 9.995538
0.000000, -6.747029, -1.864833, 11.137961
-0.576265, -6.390877, -2.797249, 10.710742
-4.228304, 5.557043, 0.490634, 12.721007
-4.228304, 5.557043, -0.490634, 11.968465
-4.824890, 5.071532, 0.000000, 12.835264
-5.393669, 4.428176, -0.547353, 12.925390
-5.266407, 4.323695, -1.603314, 12.055967
-5.877498, 3.632493, -1.122502, 12.975724
-5.393669, 4.428176, 0.547353, 13.798972
-5.877498, 3.632493, 1.122502, 14.826882
-5.266407, 4.323695, 1.603314, 14.624826
-6.224370, 2.724370, -1.683753, 12.975724
-5.927009, 2.594217, -2.672190, 12.055967
-6.408516, 1.771270, -2.189410, 12.925390
-6.439184, 0.845255, -2.611983, 12.835264
-6.047677, 0.793863, -3.434441, 11.968465
-6.350906, 0.000000, -2.943807, 12.721007
-6.746799, 0.885635, -1.642058, 13.798972
-6.917912, 0.000000, -1.068876, 14.624826
-6.918115, 0.908123, -0.561251, 14.826882
-6.918115, 0.908123, 0.561251, 15.866659
-6.917912, 0.000000, 1.068876, 16.675943
-6.746799, 0.885635, 1.642058, 16.856636
-6.439184, 0.845255, 2.611983, 17.740856
-6.350906, 0.000000, 2.943807, 18.479580
-6.047677, 0.793863, 3.434441, 18.479580
-6.408516, 1.771270, 2.189410, 16.856636
-5.927009, 2.594217, 2.672190, 16.675943
-6.224370, 2.724370, 1.683753, 15.866659
-6.390877, 2.797249, -0.576265, 13.956275
-6.747029, 1.864833, 0.000000, 14.941581
-6.390877, 2.797249, 0.576265, 14.941581
-4.228304, -5.557043, -0.490634, 14.678545
-4.228304, -5.557043, 0.490634, 15.567373
-4.824890, -5.071532, 0.000000, 15.427614
-5.393669, -4.428176, 0.547353, 16.226585
-5.266407, -4.323695, 1.603314, 17.241432
-5.877498, -3.632493, 1.122502, 17.018598
-5.393669, -4.428176, -0.547353, 15.173144
-5.877498, -3.632493, -1.122502, 14.797634
-5.266407, -4.323695, -1.603314, 14.136940
-6.224370, -2.724370, 1.683753, 17.717379
-5.927009, -2.594217, 2.672190, 18.755799
-6.408516, -1.771270, 2.189410, 18.225336
-6.439184, -0.845255, 2.611983, 18.476426
-6.047677, -0.793863, 3.434441, 19.332582
-6.746799, -0.885635, 1.642058, 17.495886
-6.918115, -0.908123, 0.561251, 16.428079
-6.918115, -0.908123, -0.561251, 15.325281
-6.746799, -0.885635, -1.642058, 14.245874
-6.439184, -0.845255, -2.611983, 13.239601
-6.047677, -0.793863, -3.434441, 12.337195
-6.408516, -1.771270, -2.189410, 13.785736
-5.927009, -2.594217, -2.672190, 13.280670
-6.224370, -2.724370, -1.683753, 14.321118
-6.390877, -2.797249, 0.576265, 16.595876
-6.747029, -1.864833, 0.000000, 16.007531
-6.390877, -2.797249, -0.576265, 15.443508
4.228304, 5.557043, -0.490634, 6.423776
4.228304, 5.557043, 0.490634, 7.312604
4.824890, 5.071532, 0.000000, 6.563535
5.393669, 4.428176, 0.547353, 6.818004
5.266407, 4.323695, 1.603314, 7.854208
5.877498, 3.632493, 1.122502, 7.193515
5.393669, 4.428176, -0.547353, 5.764563
5.877498, 3.632493, -1.122502, 4.972551
5.266407, 4.323695, -1.603314, 4.749716
6.224370, 2.724370, 1.683753, 7.670031
5.927009, 2.594217, 2.672190, 8.710479
6.408516, 1.771270, 2.189410, 8.205413
6.439184, 0.845255, 2.611983, 8.751548
6.047677, 0.793863, 3.434441, 9.653953
6.350906, 0.000000, 2.943807, 9.270142
6.746799, 0.885635, 1.642058, 7.745274
6.917912, 0.000000, 1.068876, 7.366323
6.918115, 0.908123, 0.561251, 6.665868
6.918115, 0.908123, -0.561251, 5.563069
6.917912, 0.000000, -1.068876, 5.315205
6.746799, 0.885635, -1.642058, 4.495262
6.439184, 0.845255, -2.611983, 3.514723
6.350906, 0.000000, -2.943807, 3.511569
6.047677, 0.793863, -3.434441, 2.658567
6.408516, 1.771270, -2.189410, 3.765812
5.927009, 2.594217, -2.672190, 3.235349
6.224370, 2.724370, -1.683753, 4.273770
6.390877, 2.797249, 0.576265, 6.547641
6.747029, 1.864833, 0.000000, 5.983618
6.390877, 2.797249, -0.576265, 5.395272
4.228304, -5.557043, 0.490634, 10.022683
4.228304, -5.557043, -0.490634, 9.270142
4.824890, -5.071532, 0.000000, 9.155885
5.393669, -4.428176, -0.547353, 8.192177
5.266407, -4.323695, -1.603314, 7.366323
5.877498, -3.632493, -1.122502, 7.164267
5.393669, -4.428176, 0.547353, 9.065759
5.877498, -3.632493, 1.122502, 9.015425
5.266407, -4.323695, 1.603314, 9.935182
6.224370, -2.724370, -1.683753, 6.124490
5.927009, -2.594217, -2.672190, 5.315206
6.408516, -1.771270, -2.189410, 5.134513
6.439184, -0.845255, -2.611983, 4.250293
6.047677, -0.793863, -3.434441, 3.511569
6.746799, -0.885635, -1.642058, 5.134513
6.918115, -0.908123, -0.561251, 6.124490
6.918115, -0.908123, 0.561251, 7.164267
6.746799, -0.885635, 1.642058, 8.192177
6.439184, -0.845255, 2.611983, 9.155884
6.047677, -0.793863, 3.434441, 10.022683
6.408516, -1.771270, 2.189410, 9.065759
5.927009, -2.594217, 2.672190, 9.935182
6.224370, -2.724370, 1.683753, 9.015425
6.390877, -2.797249, -0.576265, 7.049568
6.747029, -1.864833, 0.000000, 7.049568
6.390877, -2.797249, 0.576265, 8.034873
-1.367652, 3.979635, 5.593929, 15.427614
-1.980340, 4.508033, 4.975528, 15.173144
-2.591877, 4.969374, 4.193745, 14.797634
-2.318623, 3.622398, 5.522881, 16.226585
-3.285621, 3.153128, 5.316247, 17.018598
-3.153127, 5.316246, 3.285621, 14.321118
-3.622398, 5.522881, 2.318623, 13.785736
-3.979635, 5.593929, 1.367652, 13.239600
-4.508033, 4.975528, 1.980340, 14.245874
-4.969374, 4.193745, 2.591877, 15.325280
-5.316247, 3.285621, 3.153128, 16.428079
-5.522881, 2.318623, 3.622398, 17.495886
-5.593929, 1.367652, 3.979635, 18.476426
-4.975528, 1.980340, 4.508033, 18.225336
-4.193745, 2.591877, 4.969374, 17.717379
-3.593628, 4.526044, 3.949780, 15.443508
-4.526044, 3.949780, 3.593628, 16.007531
-3.949780, 3.593628, 4.526044, 16.595876
1.367652, 3.979635, 5.593929, 13.501011
2.318623, 3.622398, 5.522881, 12.912720
3.285621, 3.153128, 5.316247, 12.250288
1.980340, 4.508033, 4.975528, 12.494573
2.591877, 4.969374, 4.193745, 11.411822
4.193745, 2.591877, 4.969374, 11.550825
4.975528, 1.980340, 4.508033, 10.860332
5.593929, 1.367652, 3.979635, 10.219580
5.522881, 2.318623, 3.622398, 9.772256
5.316247, 3.285621, 3.153128, 9.315482
4.969374, 4.193745, 2.591877, 8.883671
4.508033, 4.975528, 1.980340, 8.509433
3.979635, 5.593929, 1.367652, 8.212403
3.622398, 5.522881, 2.318623, 9.218513
3.153127, 5.316246, 3.285621, 10.301099
3.949780, 3.593628, 4.526044, 11.137961
4.526044, 3.949780, 3.593628, 9.995538
3.593628, 4.526044, 3.949780, 10.710742
-1.367652, 3.979635, -5.593929, 6.396441
-2.318623, 3.622398, -5.522881, 7.269431
-3.285621, 3.153128, -5.316247, 8.231913
-1.980340, 4.508033, -4.975528, 7.269431
-2.591877, 4.969374, -4.193745, 8.231913
-4.193745, 2.591877, -4.969374, 9.235093
-4.975528, 1.980340, -4.508033, 10.222061
-5.593929, 1.367652, -3.979635, 11.143484
-5.522881, 2.318623, -3.622398, 11.150551
-5.316247, 3.285621, -3.153128, 11.154487
-4.969374, 4.193745, -2.591877, 11.154487
-4.508033, 4.975528, -1.980340, 11.150551
-3.979635, 5.593929, -1.367652, 11.143484
-3.622398, 5.522881, -2.318623, 10.222061
-3.153127, 5.316246, -3.285621, 9.235093
-3.949780, 3.593628, -4.526044, 9.186937
-4.526044, 3.949780, -3.593628, 10.181021
-3.593628, 4.526044, -3.949780, 9.186937
1.367652, 3.979635, -5.593929, 3.855430
1.980340, 4.508033, -4.975528, 3.789543
2.591877, 4.969374, -4.193745, 3.988207
2.318623, 3.622398, -5.522881, 2.877273
3.285621, 3.153128, -5.316247, 1.871582
3.153127, 5.316246, -3.285621, 4.442186
3.622398, 5.522881, -2.318623, 5.063917
3.979635, 5.593929, -1.367652, 5.749895
4.508033, 4.975528, -1.980340, 4.805953
4.969374, 4.193745, -2.591877, 3.826396
5.316247, 3.285621, -3.153128, 2.898379
5.522881, 2.318623, -3.622398, 2.165586
5.593929, 1.367652, -3.979635, 1.828602
4.975528, 1.980340, -4.508033, 1.069763
4.193745, 2.591877, -4.969374, 1.041331
3.593628, 4.526044, -3.949780, 3.318676
4.526044, 3.949780, -3.593628, 2.909679
3.949780, 3.593628, -4.526044, 2.164840
-1.367652, -3.979635, -5.593929, 8.490137
-1.980340, -4.508033, -4.975528, 9.496576
-2.591877, -4.969374, -4.193745, 10.579327
-2.318623, -3.622398, -5.522881, 9.078428
-3.285621, -3.153128, -5.316247, 9.740860
-3.153127, -5.316246, -3.285621, 11.690050
-3.622398, -5.522881, -2.318623, 12.772636
-3.979635, -5.593929, -1.367652, 13.778745
-4.508033, -4.975528, -1.980340, 13.481716
-4.969374, -4.193745, -2.591877, 13.107478
-5.316247, -3.285621, -3.153128, 12.675667
-5.522881, -2.318623, -3.622398, 12.218893
-5.593929, -1.367652, -3.979635, 11.771569
-4.975528, -1.980340, -4.508033, 11.130816
-4.193745, -2.591877, -4.969374, 10.440323
-3.593628, -4.526044, -3.949780, 11.280407
-4.526044, -3.949780, -3.593628, 11.995610
-3.949780, -3.593628, -4.526044, 10.853188
1.367652, -3.979635, -5.593929, 6.563534
2.318623, -3.622398, -5.522881, 5.764563
3.285621, -3.153128, -5.316247, 4.972551
1.980340, -4.508033, -4.975528, 6.818004
2.591877, -4.969374, -4.193745, 7.193515
4.193745, -2.591877, -4.969374, 4.273770
4.975528, -1.980340, -4.508033, 3.765812
5.593929, -1.367652, -3.979635, 3.514723
5.522881, -2.318623, -3.622398, 4.495262
5.316247, -3.285621, -3.153128, 5.563069
4.969374, -4.193745, -2.591877, 6.665868
4.508033, -4.975528, -1.980340, 7.745274
3.979635, -5.593929, -1.367652, 8.751548
3.622398, -5.522881, -2.318623, 8.205413
3.153127, -5.316246, -3.285621, 7.670031
3.949780, -3.593628, -4.526044, 5.395273
4.526044, -3.949780, -3.593628, 5.983618
3.593628, -4.526044, -3.949780, 6.547641
-1.367652, -3.979635, 5.593929, 18.135718
-2.318623, -3.622398, 5.522881, 19.113876
-3.285621, -3.153128, 5.316247, 20.119566
-1.980340, -4.508033, 4.975528, 18.201606
-2.591877, -4.969374, 4.193745, 18.002942
-4.193745, -2.591877, 4.969374, 20.949818
-4.975528, -1.980340, 4.508033, 20.921386
-5.593929, -1.367652, 3.979635, 20.162546
-5.522881, -2.318623, 3.622398, 19.825562
-5.316247, -3.285621, 3.153128, 19.092770
-4.969374, -4.193745, 2.591877, 18.164753
-4.508033, -4.975528, 1.980340, 17.185195
-3.979635, -5.593929, 1.367652, 16.241254
-3.622398, -5.522881, 2.318623, 16.927232
-3.153127, -5.316246, 3.285621, 17.548963
-3.949780, -3.593628, 4.526044, 19.826308
-4.526044, -3.949780, 3.593628, 19.081469
-3.593628, -4.526044, 3.949780, 18.672473
1.367652, -3.979635, 5.593929, 15.594708
1.980340, -4.508033, 4.975528, 14.721717
2.591877, -4.969374, 4.193745, 13.759236
2.318623, -3.622398, 5.522881, 14.721717
3.285621, -3.153128, 5.316247, 13.759235
3.153127, -5.316246, 3.285621, 12.756056
3.622398, -5.522881, 2.318623, 11.769088
3.979635, -5.593929, 1.367652, 10.847665
4.508033, -4.975528, 1.980340, 10.840598
4.969374, -4.193745, 2.591877, 10.836662
5.316247, -3.285621, 3.153128, 10.836662
5.522881, -2.318623, 3.622398, 10.840598
5.593929, -1.367652, 3.979635, 10.847665
4.975528, -1.980340, 4.508033, 11.769088
4.193745, -2.591877, 4.969374, 12.756056
3.593628, -4.526044, 3.949780, 12.804212
4.526044, -3.949780, 3.593628, 11.810127
3.949780, -3.593628, 4.526044, 12.804212

graph:
0, 162, 0.836210
0, 163, 0.836210
0, 274, 0.836210
0, 275, 0.836210
0, 304, 0.836210
1, 192, 0.836210
1, 193, 0.836210
1, 218, 0.836210
1, 219, 0.836210
1, 248, 0.836210
2, 240, 0.836210
2, 241, 0.836210
2, 258, 0.836210
2, 330, 0.836210
2, 331, 0.836210
3, 175, 0.836210
3, 176, 0.836210
3, 211, 0.836210
3, 386, 0.836210
3, 387, 0.836210
4, 343, 0.836210
4, 344, 0.836210
4, 379, 0.836210
4, 416, 0.836210
4, 417, 0.836210
5, 184, 0.836210
5, 185, 0.836210
5, 205, 0.836210
5, 442, 0.836210
5, 443, 0.836210
6, 352, 0.836210
6, 353, 0.836210
6, 373, 0.836210
6, 472, 0.836210
6, 473, 0.836210
7, 296, 0.836210
7, 297, 0.836210
7, 314, 0.836210
7, 360, 0.836210
7, 361, 0.836210
8, 266, 0.836210
8, 267, 0.836210
8, 455, 0.836210
8, 456, 0.836210
8, 491, 0.836210
9, 231, 0.836210
9, 232, 0.836210
9, 408, 0.836210
9, 409, 0.836210
9, 429, 0.836210
10, 322, 0.836210
10, 323, 0.836210
10, 399, 0.836210
10, 400, 0.836210
10, 435, 0.836210
11, 287, 0.836210
11, 288, 0.836210
11, 464, 0.836210
11, 465, 0.836210
11, 485, 0.836210
12, 169, 1.070699
12, 170, 1.072024
12, 187, 1.072024
12, 188, 1.070699
12, 554, 1.070699
12, 557, 1.070699
13, 166, 1.072024
13, 167, 1.070699
13, 171, 1.070699
13, 172, 1.072024
13, 538, 1.070699
13, 548, 1.070699
14, 178, 1.072024
14, 179, 1.070699
14, 180, 1.070699
14, 181, 1.072024
14, 207, 1.070699
14, 208, 1.070699
15, 199, 1.070699
15, 200, 1.072024
15, 213, 1.072024
15, 214, 1.070699
15, 500, 1.070699
15, 503, 1.070699
16, 196, 1.072024
16, 197, 1.070699
16, 201, 1.070699
16, 202, 1.072024
16, 520, 1.070699
16, 530, 1.070699
17, 225, 1.070699
17, 226, 1.072024
17, 243, 1.072024
17, 244, 1.070699
17, 251, 1.070699
17, 255, 1.070699
18, 222, 1.072024
18, 223, 1.070699
18, 227, 1.070699
18, 228, 1.072024
18, 502, 1.070699
18, 512, 1.070699
19, 234, 1.072024
19, 235, 1.070699
19, 236, 1.070699
19, 237, 1.072024
19, 608, 1.070699
19, 611, 1.070699
20, 253, 1.070699
20, 254, 1.072024
20, 269, 1.072024
20, 270, 1.070699
20, 518, 1.070699
20, 521, 1.070699
21, 260, 1.072024
21, 261, 1.070699
21, 262, 1.070699
21, 263, 1.072024
21, 628, 1.070699
21, 638, 1.070699
22, 281, 1.070699
22, 282, 1.072024
22, 299, 1.072024
22, 300, 1.070699
22, 307, 1.070699
22, 311, 1.070699
23, 278, 1.072024
23, 279, 1.070699
23, 283, 1.070699
23, 284, 1.072024
23, 556, 1.070699
23, 566, 1.070699
24, 290, 1.072024
24, 291, 1.070699
24, 292, 1.070699
24, 293, 1.072024
24, 590, 1.070699
24, 593, 1.070699
25, 309, 1.070699
25, 310, 1.072024
25, 325, 1.072024
25, 326, 1.070699
25, 536, 1.070699
25, 539, 1.070699
26, 316, 1.072024
26, 317, 1.070699
26, 318, 1.070699
26, 319, 1.072024
26, 574, 1.070699
26, 584, 1.070699
27, 337, 1.070699
27, 338, 1.072024
27, 355, 1.072024
27, 356, 1.070699
27, 626, 1.070699
27, 629, 1.070699
28, 334, 1.072024
28, 335, 1.070699
28, 339, 1.070699
28, 340, 1.072024
28, 610, 1.070699
28, 620, 1.070699
29, 346, 1.072024
29, 347, 1.070699
29, 348, 1.070699
29, 349, 1.072024
29, 375, 1.070699
29, 376, 1.070699
30, 367, 1.070699
30, 368, 1.072024
30, 381, 1.072024
30, 382, 1.070699
30, 572, 1.070699
30, 575, 1.070699
31, 364, 1.072024
31, 365, 1.070699
31, 369, 1.070699
31, 370, 1.072024
31, 592, 1.070699
31, 602, 1.070699
32, 393, 1.070699
32, 394, 1.072024
32, 411, 1.072024
32, 412, 1.070699
32, 507, 1.070699
32, 508, 1.070699
33, 390, 1.072024
33, 391, 1.070699
33, 395, 1.070699
33, 396, 1.072024
33, 543, 1.070699
33, 544, 1.070699
34, 402, 1.072024
34, 403, 1.070699
34, 404, 1.070699
34, 405, 1.072024
34, 431, 1.070699
34, 432, 1.070699
35, 423, 1.070699
35, 424, 1.072024
35, 437, 1.072024
35, 438, 1.070699
35, 579, 1.070699
35, 580, 1.070699
36, 420, 1.072024
36, 421, 1.070699
36, 425, 1.070699
36, 426, 1.072024
36, 615, 1.070699
36, 616, 1.070699
37, 449, 1.070699
37, 450, 1.072024
37, 467, 1.072024
37, 468, 1.070699
37, 561, 1.070699
37, 562, 1.070699
38, 446, 1.072024
38, 447, 1.070699
38, 451, 1.070699
38, 452, 1.072024
38, 525, 1.070699
38, 526, 1.070699
39, 458, 1.072024
39, 459, 1.070699
39, 460, 1.070699
39, 461, 1.072024
39, 487, 1.070699
39, 488, 1.070699
40, 479, 1.070699
40, 480, 1.072024
40, 493, 1.072024
40, 494, 1.070699
40, 633, 1.070699
40, 634, 1.070699
41, 476, 1.072024
41, 477, 1.070699
41, 481, 1.070699
41, 482, 1.072024
41, 597, 1.070699
41, 598, 1.070699
42, 162, 0.939645
42, 164, 1.036188
42, 168, 0.983934
42, 170, 1.023971
42, 552, 1.036189
42, 553, 0.983934
43, 163, 0.939645
43, 164, 1.036188
43, 165, 0.983934
43, 166, 1.023971
43, 534, 1.036189
43, 537, 0.983934
44, 165, 1.083411
44, 167, 1.126151
44, 168, 1.083411
44, 169, 1.126151
44, 189, 1.141015
44, 191, 1.141015
45, 171, 1.126152
45, 173, 1.083411
45, 177, 1.083411
45, 179, 1.126151
45, 189, 1.141015
45, 190, 1.141015
46, 172, 1.023971
46, 173, 0.983934
46, 174, 1.036188
46, 175, 0.939645
46, 546, 1.036188
46, 547, 0.983934
47, 174, 1.036188
47, 176, 0.939645
47, 177, 0.983934
47, 178, 1.023971
47, 209, 0.983934
47, 210, 1.036188
48, 180, 1.126151
48, 182, 1.083411
48, 186, 1.083411
48, 188, 1.126152
48, 190, 1.141015
48, 191, 1.141015
49, 181, 1.023971
49, 182, 0.983934
49, 183, 1.036188
49, 184, 0.939645
49, 204, 1.036188
49, 206, 0.983934
50, 183, 1.036188
50, 185, 0.939645
50, 186, 0.983934
50, 187, 1.023971
50, 558, 0.983934
50, 559, 1.036188
51, 192, 0.939645
51, 194, 1.036188
51, 198, 0.983934
51, 200, 1.023971
51, 498, 1.036189
51, 499, 0.983934
52, 193, 0.939645
52, 194, 1.036188
52, 195, 0.983934
52, 196, 1.023971
52, 516, 1.036189
52, 519, 0.983934
53, 195, 1.083411
53, 197, 1.126151
53, 198, 1.083411
53, 199, 1.126151
53, 215, 1.141015
53, 217, 1.141015
54, 201, 1.126152
54, 203, 1.083411
54, 206, 1.083411
54, 207, 1.126151
54, 215, 1.141015
54, 216, 1.141015
55, 202, 1.023971
55, 203, 0.983934
55, 204, 1.036188
55, 205, 0.939645
55, 528, 1.036188
55, 529, 0.983934
56, 208, 1.126151
56, 209, 1.083411
56, 212, 1.083411
56, 214, 1.126152
56, 216, 1.141015
56, 217, 1.141015
57, 210, 1.036188
57, 211, 0.939645
57, 212, 0.983934
57, 213, 1.023971
57, 504, 0.983934
57, 505, 1.036188
58, 218, 0.939645
58, 220, 1.036188
58, 224, 0.983934
58, 226, 1.023971
58, 249, 1.036188
58, 250, 0.983934
59, 219, 0.939645
59, 220, 1.036188
59, 221, 0.983934
59, 222, 1.023971
59, 498, 1.036188
59, 501, 0.983934
60, 221, 1.083411
60, 223, 1.126151
60, 224, 1.083411
60, 225, 1.126151
60, 245, 1.141015
60, 247, 1.141015
61, 227, 1.126151
61, 229, 1.083411
61, 233, 1.083411
61, 235, 1.126151
61, 245, 1.141015
61, 246, 1.141015
62, 228, 1.023971
62, 229, 0.983934
62, 230, 1.036188
62, 231, 0.939645
62, 510, 1.036189
62, 511, 0.983934
63, 230, 1.036188
63, 232, 0.939645
63, 233, 0.983934
63, 234, 1.023971
63, 612, 0.983934
63, 613, 1.036189
64, 236, 1.126151
64, 238, 1.083411
64, 242, 1.083411
64, 244, 1.126151
64, 246, 1.141015
64, 247, 1.141015
65, 237, 1.023971
65, 238, 0.983934
65, 239, 1.036188
65, 240, 0.939645
65, 606, 1.036188
65, 607, 0.983934
66, 239, 1.036188
66, 241, 0.939645
66, 242, 0.983934
66, 243, 1.023971
66, 256, 0.983934
66, 257, 1.036188
67, 248, 0.939645
67, 249, 1.036188
67, 252, 0.983934
67, 254, 1.023971
67, 516, 1.036188
67, 517, 0.983934
68, 250, 1.083411
68, 251, 1.126151
68, 252, 1.083411
68, 253, 1.126151
68, 271, 1.141015
68, 273, 1.141015
69, 255, 1.126151
69, 256, 1.083411
69, 259, 1.083411
69, 261, 1.126151
69, 271, 1.141015
69, 272, 1.141015
70, 257, 1.036188
70, 258, 0.939645
70, 259, 0.983934
70, 260, 1.023971
70, 624, 1.036188
70, 627, 0.983934
71, 262, 1.126151
71, 264, 1.083411
71, 268, 1.083411
71, 270, 1.126151
71, 272, 1.141015
71, 273, 1.141015
72, 263, 1.023971
72, 264, 0.983934
72, 265, 1.036188
72, 266, 0.939645
72, 636, 1.036189
72, 637, 0.983934
73, 265, 1.036188
73, 267, 0.939645
73, 268, 0.983934
73, 269, 1.023971
73, 522, 0.983934
73, 523, 1.036189
74, 274, 0.939645
74, 276, 1.036188
74, 280, 0.983934
74, 282, 1.023971
74, 305, 1.036188
74, 306, 0.983934
75, 275, 0.939645
75, 276, 1.036188
75, 277, 0.983934
75, 278, 1.023971
75, 552, 1.036188
75, 555, 0.983934
76, 277, 1.083411
76, 279, 1.126151
76, 280, 1.083411
76, 281, 1.126151
76, 301, 1.141015
76, 303, 1.141015
77, 283, 1.126151
77, 285, 1.083411
77, 289, 1.083411
77, 291, 1.126151
77, 301, 1.141015
77, 302, 1.141015
78, 284, 1.023971
78, 285, 0.983934
78, 286, 1.036188
78, 287, 0.939645
78, 564, 1.036189
78, 565, 0.983934
79, 286, 1.036188
79, 288, 0.939645
79, 289, 0.983934
79, 290, 1.023971
79, 594, 0.983934
79, 595, 1.036189
80, 292, 1.126151
80, 294, 1.083411
80, 298, 1.083411
80, 300, 1.126151
80, 302, 1.141015
80, 303, 1.141015
81, 293, 1.023971
81, 294, 0.983934
81, 295, 1.036188
81, 296, 0.939645
81, 588, 1.036188
81, 589, 0.983934
82, 295, 1.036188
82, 297, 0.939645
82, 298, 0.983934
82, 299, 1.023971
82, 312, 0.983934
82, 313, 1.036188
83, 304, 0.939645
83, 305, 1.036188
83, 308, 0.983934
83, 310, 1.023971
83, 534, 1.036188
83, 535, 0.983934
84, 306, 1.083411
84, 307, 1.126151
84, 308, 1.083411
84, 309, 1.126151
84, 327, 1.141015
84, 329, 1.141015
85, 311, 1.126151
85, 312, 1.083411
85, 315, 1.083411
85, 317, 1.126151
85, 327, 1.141015
85, 328, 1.141015
86, 313, 1.036188
86, 314, 0.939645
86, 315, 0.983934
86, 316, 1.023971
86, 570, 1.036188
86, 573, 0.983934
87, 318, 1.126151
87, 320, 1.083411
87, 324, 1.083411
87, 326, 1.126151
87, 328, 1.141015
87, 329, 1.141015
88, 319, 1.023971
88, 320, 0.983934
88, 321, 1.036188
88, 322, 0.939645
88, 582, 1.036189
88, 583, 0.983934
89, 321, 1.036188
89, 323, 0.939645
89, 324, 0.983934
89, 325, 1.023971
89, 540, 0.983934
89, 541, 1.036189
90, 330, 0.939645
90, 332, 1.036188
90, 336, 0.983934
90, 338, 1.023971
90, 624, 1.036189
90, 625, 0.983934
91, 331, 0.939645
91, 332, 1.036188
91, 333, 0.983934
91, 334, 1.023971
91, 606, 1.036189
91, 609, 0.983934
92, 333, 1.083411
92, 335, 1.126151
92, 336, 1.083411
92, 337, 1.126151
92, 357, 1.141015
92, 359, 1.141015
93, 339, 1.126152
93, 341, 1.083411
93, 345, 1.083411
93, 347, 1.126151
93, 357, 1.141015
93, 358, 1.141015
94, 340, 1.023971
94, 341, 0.983934
94, 342, 1.036188
94, 343, 0.939645
94, 618, 1.036188
94, 619, 0.983934
95, 342, 1.036188
95, 344, 0.939645
95, 345, 0.983934
95, 346, 1.023971
95, 377, 0.983934
95, 378, 1.036188
96, 348, 1.126151
96, 350, 1.083411
96, 354, 1.083411
96, 356, 1.126152
96, 358, 1.141015
96, 359, 1.141015
97, 349, 1.023971
97, 350, 0.983934
97, 351, 1.036188
97, 352, 0.939645
97, 372, 1.036188
97, 374, 0.983934
98, 351, 1.036188
98, 353, 0.939645
98, 354, 0.983934
98, 355, 1.023971
98, 630, 0.983934
98, 631, 1.036188
99, 360, 0.939645
99, 362, 1.036188
99, 366, 0.983934
99, 368, 1.023971
99, 570, 1.036189
99, 571, 0.983934
100, 361, 0.939645
100, 362, 1.036188
100, 363, 0.983934
100, 364, 1.023971
100, 588, 1.036189
100, 591, 0.983934
101, 363, 1.083411
101, 365, 1.126151
101, 366, 1.083411
101, 367, 1.126151
101, 383, 1.141015
101, 385, 1.141015
102, 369, 1.126152
102, 371, 1.083411
102, 374, 1.083411
102, 375, 1.126151
102, 383, 1.141015
102, 384, 1.141015
103, 370, 1.023971
103, 371, 0.983934
103, 372, 1.036188
103, 373, 0.939645
103, 600, 1.036188
103, 601, 0.983934
104, 376, 1.126151
104, 377, 1.083411
104, 380, 1.083411
104, 382, 1.126152
104, 384, 1.141015
104, 385, 1.141015
105, 378, 1.036188
105, 379, 0.939645
105, 380, 0.983934
105, 381, 1.023971
105, 576, 0.983934
105, 577, 1.036188
106, 386, 0.939645
106, 388, 1.036188
106, 392, 0.983934
106, 394, 1.023971
106, 505, 1.036189
106, 506, 0.983934
107, 387, 0.939645
107, 388, 1.036188
107, 389, 0.983934
107, 390, 1.023971
107, 545, 0.983934
107, 546, 1.036189
108, 389, 1.083411
108, 391, 1.126151
108, 392, 1.083411
108, 393, 1.126151
108, 413, 1.141015
108, 415, 1.141015
109, 395, 1.126151
109, 397, 1.083411
109, 401, 1.083411
109, 403, 1.126151
109, 413, 1.141015
109, 414, 1.141015
110, 396, 1.023971
110, 397, 0.983934
110, 398, 1.036188
110, 399, 0.939645
110, 541, 1.036188
110, 542, 0.983934
111, 398, 1.036188
111, 400, 0.939645
111, 401, 0.983934
111, 402, 1.023971
111, 433, 0.983934
111, 434, 1.036188
112, 404, 1.126151
112, 406, 1.083411
112, 410, 1.083411
112, 412, 1.126151
112, 414, 1.141015
112, 415, 1.141015
113, 405, 1.023971
113, 406, 0.983934
113, 407, 1.036188
113, 408, 0.939645
113, 428, 1.036188
113, 430, 0.983934
114, 407, 1.036188
114, 409, 0.939645
114, 410, 0.983934
114, 411, 1.023971
114, 509, 0.983934
114, 510, 1.036188
115, 416, 0.939645
115, 418, 1.036188
115, 422, 0.983934
115, 424, 1.023971
115, 577, 1.036189
115, 578, 0.983934
116, 417, 0.939645
116, 418, 1.036188
116, 419, 0.983934
116, 420, 1.023971
116, 617, 0.983934
116, 618, 1.036189
117, 419, 1.083411
117, 421, 1.126151
117, 422, 1.083411
117, 423, 1.126151
117, 439, 1.141015
117, 441, 1.141015
118, 425, 1.126151
118, 427, 1.083411
118, 430, 1.083411
118, 431, 1.126151
118, 439, 1.141015
118, 440, 1.141015
119, 426, 1.023971
119, 427, 0.983934
119, 428, 1.036188
119, 429, 0.939645
119, 613, 1.036188
119, 614, 0.983934
120, 432, 1.126151
120, 433, 1.083411
120, 436, 1.083411
120, 438, 1.126151
120, 440, 1.141015
120, 441, 1.141015
121, 434, 1.036188
121, 435, 0.939645
121, 436, 0.983934
121, 437, 1.023971
121, 581, 0.983934
121, 582, 1.036188
122, 442, 0.939645
122, 444, 1.036188
122, 448, 0.983934
122, 450, 1.023971
122, 559, 1.036189
122, 560, 0.983934
123, 443, 0.939645
123, 444, 1.036188
123, 445, 0.983934
123, 446, 1.023971
123, 527, 0.983934
123, 528, 1.036189
124, 445, 1.083411
124, 447, 1.126151
124, 448, 1.083411
124, 449, 1.126151
124, 469, 1.141015
124, 471, 1.141015
125, 451, 1.126151
125, 453, 1.083411
125, 457, 1.083411
125, 459, 1.126151
125, 469, 1.141015
125, 470, 1.141015
126, 452, 1.023971
126, 453, 0.983934
126, 454, 1.036188
126, 455, 0.939645
126, 523, 1.036188
126, 524, 0.983934
127, 454, 1.036188
127, 456, 0.939645
127, 457, 0.983934
127, 458, 1.023971
127, 489, 0.983934
127, 490, 1.036188
128, 460, 1.126151
128, 462, 1.083411
128, 466, 1.083411
128, 468, 1.126151
128, 470, 1.141015
128, 471, 1.141015
129, 461, 1.023971
129, 462, 0.983934
129, 463, 1.036188
129, 464, 0.939645
129, 484, 1.036188
129, 486, 0.983934
130, 463, 1.036188
130, 465, 0.939645
130, 466, 0.983934
130, 467, 1.023971
130, 563, 0.983934
130, 564, 1.036188
131, 472, 0.939645
131, 474, 1.036188
131, 478, 0.983934
131, 480, 1.023971
131, 631, 1.036189
131, 632, 0.983934
132, 473, 0.939645
132, 474, 1.036188
132, 475, 0.983934
132, 476, 1.023971
132, 599, 0.983934
132, 600, 1.036189
133, 475, 1.083411
133, 477, 1.126151
133, 478, 1.083411
133, 479, 1.126151
133, 495, 1.141015
133, 497, 1.141015
134, 481, 1.126151
134, 483, 1.083411
134, 486, 1.083411
134, 487, 1.126151
134, 495, 1.141015
134, 496, 1.141015
135, 482, 1.023971
135, 483, 0.983934
135, 484, 1.036188
135, 485, 0.939645
135, 595, 1.036188
135, 596, 0.983934
136, 488, 1.126151
136, 489, 1.083411
136, 492, 1.083411
136, 494, 1.126151
136, 496, 1.141015
136, 497, 1.141015
137, 490, 1.036188
137, 491, 0.939645
137, 492, 0.983934
137, 493, 1.023971
137, 635, 0.983934
137, 636, 1.036188
138, 499, 1.083411
138, 500, 1.126151
138, 501, 1.083411
138, 502, 1.126151
138, 513, 1.141015
138, 515, 1.141015
139, 503, 1.126151
139, 504, 1.083411
139, 506, 1.083411
139, 507, 1.126151
139, 513, 1.141015
139, 514, 1.141015
140, 508, 1.126151
140, 509, 1.083411
140, 511, 1.083411
140, 512, 1.126152
140, 514, 1.141015
140, 515, 1.141015
141, 517, 1.083411
141, 518, 1.126151
141, 519, 1.083411
141, 520, 1.126151
141, 531, 1.141015
141, 533, 1.141015
142, 521, 1.126152
142, 522, 1.083411
142, 524, 1.083411
142, 525, 1.126151
142, 531, 1.141015
142, 532, 1.141015
143, 526, 1.126151
143, 527, 1.083411
143, 529, 1.083411
143, 530, 1.126151
143, 532, 1.141015
143, 533, 1.141015
144, 535, 1.083411
144, 536, 1.126151
144, 537, 1.083411
144, 538, 1.126151
144, 549, 1.141015
144, 551, 1.141015
145, 539, 1.126152
145, 540, 1.083411
145, 542, 1.083411
145, 543, 1.126151
145, 549, 1.141015
145, 550, 1.141015
146, 544, 1.126151
146, 545, 1.083411
146, 547, 1.083411
146, 548, 1.126151
146, 550, 1.141015
146, 551, 1.141015
147, 553, 1.083411
147, 554, 1.126151
147, 555, 1.083411
147, 556, 1.126151
147, 567, 1.141015
147, 569, 1.141015
148, 557, 1.126151
148, 558, 1.083411
148, 560, 1.083411
148, 561, 1.126151
148, 567, 1.141015
148, 568, 1.141015
149, 562, 1.126151
149, 563, 1.083411
149, 565, 1.083411
149, 566, 1.126152
149, 568, 1.141015
149, 569, 1.141015
150, 571, 1.083411
150, 572, 1.126151
150, 573, 1.083411
150, 574, 1.126151
150, 585, 1.141015
150, 587, 1.141015
151, 575, 1.126151
151, 576, 1.083411
151, 578, 1.083411
151, 579, 1.126151
151, 585, 1.141015
151, 586, 1.141015
152, 580, 1.126151
152, 581, 1.083411
152, 583, 1.083411
152, 584, 1.126152
152, 586, 1.141015
152, 587, 1.141015
153, 589, 1.083411
153, 590, 1.126151
153, 591, 1.083411
153, 592, 1.126151
153, 603, 1.141015
153, 605, 1.141015
154, 593, 1.126152
154, 594, 1.083411
154, 596, 1.083411
154, 597, 1.126151
154, 603, 1.141015
154, 604, 1.141015
155, 598, 1.126151
155, 599, 1.083411
155, 601, 1.083411
155, 602, 1.126151
155, 604, 1.141015
155, 605, 1.141015
156, 607, 1.083411
156, 608, 1.126151
156, 609, 1.083411
156, 610, 1.126151
156, 621, 1.141015
156, 623, 1.141015
157, 611, 1.126152
157, 612, 1.083411
157, 614, 1.083411
157, 615, 1.126151
157, 621, 1.141015
157, 622, 1.141015
158, 616, 1.126151
158, 617, 1.083411
158, 619, 1.083411
158, 620, 1.126151
158, 622, 1.141015
158, 623, 1.141015
159, 625, 1.083411
159, 626, 1.126151
159, 627, 1.083411
159, 628, 1.126151
159, 639, 1.141015
159, 641, 1.141015
160, 629, 1.126151
160, 630, 1.083411
160, 632, 1.083411
160, 633, 1.126151
160, 639, 1.141015
160, 640, 1.141015
161, 634, 1.126151
161, 635, 1.083411
161, 637, 1.083411
161, 638, 1.126152
161, 640, 1.141015
161, 641, 1.141015
162, 163, 0.981269
162, 164, 0.912336
162, 275, 0.981269
162, 552, 0.912336
163, 164, 0.912336
163, 304, 0.981269
163, 534, 0.912336
164, 165, 1.018338
164, 168, 1.018338
165, 166, 1.068722
165, 167, 1.094531
165, 168, 1.094705
166, 167, 1.040371
166, 537, 1.068722
166, 538, 1.040371
167, 171, 1.122502
167, 189, 1.122304
168, 169, 1.094531
168, 170, 1.068722
169, 170, 1.040371
169, 188, 1.122502
169, 191, 1.122304
170, 553, 1.068722
170, 554, 1.040371
171, 172, 1.040371
171, 173, 1.094531
171, 189, 1.122304
172, 173, 1.068722
172, 547, 1.068722
172, 548, 1.040371
173, 174, 1.018338
173, 177, 1.094705
174, 175, 0.912336
174, 176, 0.912336
174, 177, 1.018337
175, 176, 0.981269
175, 387, 0.981269
175, 546, 0.912336
176, 210, 0.912336
176, 211, 0.981269
177, 178, 1.068722
177, 179, 1.094531
178, 179, 1.040371
178, 208, 1.040371
178, 209, 1.068722
179, 180, 1.122502
179, 190, 1.122304
180, 181, 1.040371
180, 182, 1.094531
180, 190, 1.122304
181, 182, 1.068722
181, 206, 1.068722
181, 207, 1.040371
182, 183, 1.018337
182, 186, 1.094705
183, 184, 0.912336
183, 185, 0.912336
183, 186, 1.018338
184, 185, 0.981269
184, 204, 0.912336
184, 205, 0.981269
185, 442, 0.981269
185, 559, 0.912336
186, 187, 1.068722
186, 188, 1.094531
187, 188, 1.040371
187, 557, 1.040371
187, 558, 1.068722
188, 191, 1.122304
189, 190, 1.152530
189, 191, 1.152530
190, 191, 1.152530
192, 193, 0.981269
192, 194, 0.912336
192, 219, 0.981269
192, 498, 0.912336
193, 194, 0.912336
193, 248, 0.981269
193, 516, 0.912336
194, 195, 1.018338
194, 198, 1.018338
195, 196, 1.068722
195, 197, 1.094531
195, 198, 1.094705
196, 197, 1.040371
196, 519, 1.068722
196, 520, 1.040371
197, 201, 1.122502
197, 215, 1.122304
198, 199, 1.094531
198, 200, 1.068722
199, 200, 1.040371
199, 214, 1.122502
199, 217, 1.122304
200, 499, 1.068722
200, 500, 1.040371
201, 202, 1.040371
201, 203, 1.094531
201, 215, 1.122304
202, 203, 1.068722
202, 529, 1.068722
202, 530, 1.040371
203, 204, 1.018338
203, 206, 1.094705
204, 205, 0.912336
204, 206, 1.018337
205, 443, 0.981269
205, 528, 0.912336
206, 207, 1.094531
207, 208, 1.122502
207, 216, 1.122304
208, 209, 1.094531
208, 216, 1.122304
209, 210, 1.018337
209, 212, 1.094705
210, 211, 0.912336
210, 212, 1.018338
211, 386, 0.981269
211, 505, 0.912336
212, 213, 1.068722
212, 214, 1.094531
213, 214, 1.040371
213, 503, 1.040371
213, 504, 1.068722
214, 217, 1.122304
215, 216, 1.152530
215, 217, 1.152530
216, 217, 1.152530
218, 219, 0.981269
218, 220, 0.912336
218, 248, 0.981269
218, 249, 0.912336
219, 220, 0.912336
219, 498, 0.912336
220, 221, 1.018338
220, 224, 1.018337
221, 222, 1.068722
221, 223, 1.094531
221, 224, 1.094705
222, 223, 1.040371
222, 501, 1.068722
222, 502, 1.040371
223, 227, 1.122502
223, 245, 1.122304
224, 225, 1.094531
224, 226, 1.068722
225, 226, 1.040371
225, 244, 1.122502
225, 247, 1.122304
226, 250, 1.068722
226, 251, 1.040371
227, 228, 1.040371
227, 229, 1.094531
227, 245, 1.122304
228, 229, 1.068722
228, 511, 1.068722
228, 512, 1.040371
229, 230, 1.018338
229, 233, 1.094705
230, 231, 0.912336
230, 232, 0.912336
230, 233, 1.018338
231, 232, 0.981269
231, 409, 0.981269
231, 510, 0.912336
232, 429, 0.981269
232, 613, 0.912336
233, 234, 1.068722
233, 235, 1.094531
234, 235, 1.040371
234, 611, 1.040371
234, 612, 1.068722
235, 236, 1.122502
235, 246, 1.122304
236, 237, 1.040371
236, 238, 1.094531
236, 246, 1.122304
237, 238, 1.068722
237, 607, 1.068722
237, 608, 1.040371
238, 239, 1.018338
238, 242, 1.094705
239, 240, 0.912336
239, 241, 0.912336
239, 242, 1.018337
240, 241, 0.981269
240, 331, 0.981269
240, 606, 0.912336
241, 257, 0.912336
241, 258, 0.981269
242, 243, 1.068722
242, 244, 1.094531
243, 244, 1.040371
243, 255, 1.040371
243, 256, 1.068722
244, 247, 1.122304
245, 246, 1.152530
245, 247, 1.152530
246, 247, 1.152530
248, 249, 0.912336
248, 516, 0.912336
249, 250, 1.018337
249, 252, 1.018338
250, 251, 1.094531
250, 252, 1.094705
251, 255, 1.122502
251, 271, 1.122304
252, 253, 1.094531
252, 254, 1.068722
253, 254, 1.040371
253, 270, 1.122502
253, 273, 1.122304
254, 517, 1.068722
254, 518, 1.040371
255, 256, 1.094531
255, 271, 1.122304
256, 257, 1.018337
256, 259, 1.094705
257, 258, 0.912336
257, 259, 1.018338
258, 330, 0.981269
258, 624, 0.912336
259, 260, 1.068722
259, 261, 1.094531
260, 261, 1.040371
260, 627, 1.068722
260, 628, 1.040371
261, 262, 1.122502
261, 272, 1.122304
262, 263, 1.040371
262, 264, 1.094531
262, 272, 1.122304
263, 264, 1.068722
263, 637, 1.068722
263, 638, 1.040371
264, 265, 1.018338
264, 268, 1.094705
265, 266, 0.912336
265, 267, 0.912336
265, 268, 1.018338
266, 267, 0.981269
266, 491, 0.981269
266, 636, 0.912336
267, 455, 0.981269
267, 523, 0.912336
268, 269, 1.068722
268, 270, 1.094531
269, 270, 1.040371
269, 521, 1.040371
269, 522, 1.068722
270, 273, 1.122304
271, 272, 1.152530
271, 273, 1.152530
272, 273, 1.152530
274, 275, 0.981269
274, 276, 0.912336
274, 304, 0.981269
274, 305, 0.912336
275, 276, 0.912336
275, 552, 0.912336
276, 277, 1.018338
276, 280, 1.018337
277, 278, 1.068722
277, 279, 1.094531
277, 280, 1.094705
278, 279, 1.040371
278, 555, 1.068722
278, 556, 1.040371
279, 283, 1.122502
279, 301, 1.122304
280, 281, 1.094531
280, 282, 1.068722
281, 282, 1.040371
281, 300, 1.122502
281, 303, 1.122304
282, 306, 1.068722
282, 307, 1.040371
283, 284, 1.040371
283, 285, 1.094531
283, 301, 1.122304
284, 285, 1.068722
284, 565, 1.068722
284, 566, 1.040371
285, 286, 1.018338
285, 289, 1.094705
286, 287, 0.912336
286, 288, 0.912336
286, 289, 1.018338
287, 288, 0.981269
287, 465, 0.981269
287, 564, 0.912336
288, 485, 0.981269
288, 595, 0.912336
289, 290, 1.068722
289, 291, 1.094531
290, 291, 1.040371
290, 593, 1.040371
290, 594, 1.068722
291, 292, 1.122502
291, 302, 1.122304
292, 293, 1.040371
292, 294, 1.094531
292, 302, 1.122304
293, 294, 1.068722
293, 589, 1.068722
293, 590, 1.040371
294, 295, 1.018338
294, 298, 1.094705
295, 296, 0.912336
295, 297, 0.912336
295, 298, 1.018337
296, 297, 0.981269
296, 361, 0.981269
296, 588, 0.912336
297, 313, 0.912336
297, 314, 0.981269
298, 299, 1.068722
298, 300, 1.094531
299, 300, 1.040371
299, 311, 1.040371
299, 312, 1.068722
300, 303, 1.122304
301, 302, 1.152530
301, 303, 1.152530
302, 303, 1.152530
304, 305, 0.912336
304, 534, 0.912336
305, 306, 1.018337
305, 308, 1.018338
306, 307, 1.094531
306, 308, 1.094705
307, 311, 1.122502
307, 327, 1.122304
308, 309, 1.094531
308, 310, 1.068722
309, 310, 1.040371
309, 326, 1.122502
309, 329, 1.122304
310, 535, 1.068722
310, 536, 1.040371
311, 312, 1.094531
311, 327, 1.122304
312, 313, 1.018337
312, 315, 1.094705
313, 314, 0.912336
313, 315, 1.018338
314, 360, 0.981269
314, 570, 0.912336
315, 316, 1.068722
315, 317, 1.094531
316, 317, 1.040371
316, 573, 1.068722
316, 574, 1.040371
317, 318, 1.122502
317, 328, 1.122304
318, 319, 1.040371
318, 320, 1.094531
318, 328, 1.122304
319, 320, 1.068722
319, 583, 1.068722
319, 584, 1.040371
320, 321, 1.018338
320, 324, 1.094705
321, 322, 0.912336
321, 323, 0.912336
321, 324, 1.018338
322, 323, 0.981269
322, 435, 0.981269
322, 582, 0.912336
323, 399, 0.981269
323, 541, 0.912336
324, 325, 1.068722
324, 326, 1.094531
325, 326, 1.040371
325, 539, 1.040371
325, 540, 1.068722
326, 329, 1.122304
327, 328, 1.152530
327, 329, 1.152530
328, 329, 1.152530
330, 331, 0.981269
330, 332, 0.912336
330, 624, 0.912336
331, 332, 0.912336
331, 606, 0.912336
332, 333, 1.018338
332, 336, 1.018338
333, 334, 1.068722
333, 335, 1.094531
333, 336, 1.094705
334, 335, 1.040371
334, 609, 1.068722
334, 610, 1.040371
335, 339, 1.122502
335, 357, 1.122304
336, 337, 1.094531
336, 338, 1.068722
337, 338, 1.040371
337, 356, 1.122502
337, 359, 1.122304
338, 625, 1.068722
338, 626, 1.040371
339, 340, 1.040371
339, 341, 1.094531
339, 357, 1.122304
340, 341, 1.068722
340, 619, 1.068722
340, 620, 1.040371
341, 342, 1.018338
341, 345, 1.094705
342, 343, 0.912336
342, 344, 0.912336
342, 345, 1.018337
343, 344, 0.981269
343, 417, 0.981269
343, 618, 0.912336
344, 378, 0.912336
344, 379, 0.981269
345, 346, 1.068722
345, 347, 1.094531
346, 347, 1.040371
346, 376, 1.040371
346, 377, 1.068722
347, 348, 1.122502
347, 358, 1.122304
348, 349, 1.040371
348, 350, 1.094531
348, 358, 1.122304
349, 350, 1.068722
349, 374, 1.068722
349, 375, 1.040371
350, 351, 1.018337
350, 354, 1.094705
351, 352, 0.912336
351, 353, 0.912336
351, 354, 1.018338
352, 353, 0.981269
352, 372, 0.912336
352, 373, 0.981269
353, 472, 0.981269
353, 631, 0.912336
354, 355, 1.068722
354, 356, 1.094531
355, 356, 1.040371
355, 629, 1.040371
355, 630, 1.068722
356, 359, 1.122304
357, 358, 1.152530
357, 359, 1.152530
358, 359, 1.152530
360, 361, 0.981269
360, 362, 0.912336
360, 570, 0.912336
361, 362, 0.912336
361, 588, 0.912336
362, 363, 1.018338
362, 366, 1.018338
363, 364, 1.068722
363, 365, 1.094531
363, 366, 1.094705
364, 365, 1.040371
364, 591, 1.068722
364, 592, 1.040371
365, 369, 1.122502
365, 383, 1.122304
366, 367, 1.094531
366, 368, 1.068722
367, 368, 1.040371
367, 382, 1.122502
367, 385, 1.122304
368, 571, 1.068722
368, 572, 1.040371
369, 370, 1.040371
369, 371, 1.094531
369, 383, 1.122304
370, 371, 1.068722
370, 601, 1.068722
370, 602, 1.040371
371, 372, 1.018338
371, 374, 1.094705
372, 373, 0.912336
372, 374, 1.018337
373, 473, 0.981269
373, 600, 0.912336
374, 375, 1.094531
375, 376, 1.122502
375, 384, 1.122304
376, 377, 1.094531
376, 384, 1.122304
377, 378, 1.018337
377, 380, 1.094705
378, 379, 0.912336
378, 380, 1.018338
379, 416, 0.981269
379, 577, 0.912336
380, 381, 1.068722
380, 382, 1.094531
381, 382, 1.040371
381, 575, 1.040371
381, 576, 1.068722
382, 385, 1.122304
383, 384, 1.152530
383, 385, 1.152530
384, 385, 1.152530
386, 387, 0.981269
386, 388, 0.912336
386, 505, 0.912336
387, 388, 0.912336
387, 546, 0.912336
388, 389, 1.018338
388, 392, 1.018338
389, 390, 1.068722
389, 391, 1.094531
389, 392, 1.094705
390, 391, 1.040371
390, 544, 1.040371
390, 545, 1.068722
391, 395, 1.122502
391, 413, 1.122304
392, 393, 1.094531
392, 394, 1.068722
393, 394, 1.040371
393, 412, 1.122502
393, 415, 1.122304
394, 506, 1.068722
394, 507, 1.040371
395, 396, 1.040371
395, 397, 1.094531
395, 413, 1.122304
396, 397, 1.068722
396, 542, 1.068722
396, 543, 1.040371
397, 398, 1.018338
397, 401, 1.094705
398, 399, 0.912336
398, 400, 0.912336
398, 401, 1.018337
399, 400, 0.981269
399, 541, 0.912336
400, 434, 0.912336
400, 435, 0.981269
401, 402, 1.068722
401, 403, 1.094531
402, 403, 1.040371
402, 432, 1.040371
402, 433, 1.068722
403, 404, 1.122502
403, 414, 1.122304
404, 405, 1.040371
404, 406, 1.094531
404, 414, 1.122304
405, 406, 1.068722
405, 430, 1.068722
405, 431, 1.040371
406, 407, 1.018337
406, 410, 1.094705
407, 408, 0.912336
407, 409, 0.912336
407, 410, 1.018338
408, 409, 0.981269
408, 428, 0.912336
408, 429, 0.981269
409, 510, 0.912336
410, 411, 1.068722
410, 412, 1.094531
411, 412, 1.040371
411, 508, 1.040371
411, 509, 1.068722
412, 415, 1.122304
413, 414, 1.152530
413, 415, 1.152530
414, 415, 1.152530
416, 417, 0.981269
416, 418, 0.912336
416, 577, 0.912336
417, 418, 0.912336
417, 618, 0.912336
418, 419, 1.018338
418, 422, 1.018338
419, 420, 1.068722
419, 421, 1.094531
419, 422, 1.094705
420, 421, 1.040371
420, 616, 1.040371
420, 617, 1.068722
421, 425, 1.122502
421, 439, 1.122304
422, 423, 1.094531
422, 424, 1.068722
423, 424, 1.040371
423, 438, 1.122502
423, 441, 1.122304
424, 578, 1.068722
424, 579, 1.040371
425, 426, 1.040371
425, 427, 1.094531
425, 439, 1.122304
426, 427, 1.068722
426, 614, 1.068722
426, 615, 1.040371
427, 428, 1.018338
427, 430, 1.094705
428, 429, 0.912336
428, 430, 1.018337
429, 613, 0.912336
430, 431, 1.094531
431, 432, 1.122502
431, 440, 1.122304
432, 433, 1.094531
432, 440, 1.122304
433, 434, 1.018337
433, 436, 1.094705
434, 435, 0.912336
434, 436, 1.018338
435, 582, 0.912336
436, 437, 1.068722
436, 438, 1.094531
437, 438, 1.040371
437, 580, 1.040371
437, 581, 1.068722
438, 441, 1.122304
439, 440, 1.152530
439, 441, 1.152530
440, 441, 1.152530
442, 443, 0.981269
442, 444, 0.912336
442, 559, 0.912336
443, 444, 0.912336
443, 528, 0.912336
444, 445, 1.018338
444, 448, 1.018338
445, 446, 1.068722
445, 447, 1.094531
445, 448, 1.094705
446, 447, 1.040371
446, 526, 1.040371
446, 527, 1.068722
447, 451, 1.122502
447, 469, 1.122304
448, 449, 1.094531
448, 450, 1.068722
449, 450, 1.040371
449, 468, 1.122502
449, 471, 1.122304
450, 560, 1.068722
450, 561, 1.040371
451, 452, 1.040371
451, 453, 1.094531
451, 469, 1.122304
452, 453, 1.068722
452, 524, 1.068722
452, 525, 1.040371
453, 454, 1.018338
453, 457, 1.094705
454, 455, 0.912336
454, 456, 0.912336
454, 457, 1.018337
455, 456, 0.981269
455, 523, 0.912336
456, 490, 0.912336
456, 491, 0.981269
457, 458, 1.068722
457, 459, 1.094531
458, 459, 1.040371
458, 488, 1.040371
458, 489, 1.068722
459, 460, 1.122502
459, 470, 1.122304
460, 461, 1.040371
460, 462, 1.094531
460, 470, 1.122304
461, 462, 1.068722
461, 486, 1.068722
461, 487, 1.040371
462, 463, 1.018337
462, 466, 1.094705
463, 464, 0.912336
463, 465, 0.912336
463, 466, 1.018338
464, 465, 0.981269
464, 484, 0.912336
464, 485, 0.981269
465, 564, 0.912336
466, 467, 1.068722
466, 468, 1.094531
467, 468, 1.040371
467, 562, 1.040371
467, 563, 1.068722
468, 471, 1.122304
469, 470, 1.152530
469, 471, 1.152530
470, 471, 1.152530
472, 473, 0.981269
472, 474, 0.912336
472, 631, 0.912336
473, 474, 0.912336
473, 600, 0.912336
474, 475, 1.018338
474, 478, 1.018338
475, 476, 1.068722
475, 477, 1.094531
475, 478, 1.094705
476, 477, 1.040371
476, 598, 1.040371
476, 599, 1.068722
477, 481, 1.122502
477, 495, 1.122304
478, 479, 1.094531
478, 480, 1.068722
479, 480, 1.040371
479, 494, 1.122502
479, 497, 1.122304
480, 632, 1.068722
480, 633, 1.040371
481, 482, 1.040371
481, 483, 1.094531
481, 495, 1.122304
482, 483, 1.068722
482, 596, 1.068722
482, 597, 1.040371
483, 484, 1.018338
483, 486, 1.094705
484, 485, 0.912336
484, 486, 1.018337
485, 595, 0.912336
486, 487, 1.094531
487, 488, 1.122502
487, 496, 1.122304
488, 489, 1.094531
488, 496, 1.122304
489, 490, 1.018337
489, 492, 1.094705
490, 491, 0.912336
490, 492, 1.018338
491, 636, 0.912336
492, 493, 1.068722
492, 494, 1.094531
493, 494, 1.040371
493, 634, 1.040371
493, 635, 1.068722
494, 497, 1.122304
495, 496, 1.152530
495, 497, 1.152530
496, 497, 1.152530
498, 499, 1.018338
498, 501, 1.018338
499, 500, 1.094531
499, 501, 1.094705
500, 503, 1.122502
500, 513, 1.122304
501, 502, 1.094531
502, 512, 1.122502
502, 515, 1.122304
503, 504, 1.094531
503, 513, 1.122304
504, 505, 1.018338
504, 506, 1.094705
505, 506, 1.018338
506, 507, 1.094531
507, 508, 1.122502
507, 514, 1.122304
508, 509, 1.094531
508, 514, 1.122304
509, 510, 1.018338
509, 511, 1.094705
510, 511, 1.018338
511, 512, 1.094531
512, 515, 1.122304
513, 514, 1.152530
513, 515, 1.152530
514, 515, 1.152530
516, 517, 1.018338
516, 519, 1.018338
517, 518, 1.094531
517, 519, 1.094705
518, 521, 1.122502
518, 531, 1.122304
519, 520, 1.094531
520, 530, 1.122502
520, 533, 1.122304
521, 522, 1.094531
521, 531, 1.122304
522, 523, 1.018338
522, 524, 1.094705
523, 524, 1.018338
524, 525, 1.094531
525, 526, 1.122502
525, 532, 1.122304
526, 527, 1.094531
526, 532, 1.122304
527, 528, 1.018338
527, 529, 1.094705
528, 529, 1.018338
529, 530, 1.094531
530, 533, 1.122304
531, 532, 1.152530
531, 533, 1.152530
532, 533, 1.152530
534, 535, 1.018338
534, 537, 1.018338
535, 536, 1.094531
535, 537, 1.094705
536, 539, 1.122502
536, 549, 1.122304
537, 538, 1.094531
538, 548, 1.122502
538, 551, 1.122304
539, 540, 1.094531
539, 549, 1.122304
540, 541, 1.018338
540, 542, 1.094705
541, 542, 1.018338
542, 543, 1.094531
543, 544, 1.122502
543, 550, 1.122304
544, 545, 1.094531
544, 550, 1.122304
545, 546, 1.018338
545, 547, 1.094705
546, 547, 1.018338
547, 548, 1.094531
548, 551, 1.122304
549, 550, 1.152530
549, 551, 1.152530
550, 551, 1.152530
552, 553, 1.018338
552, 555, 1.018338
553, 554, 1.094531
553, 555, 1.094705
554, 557, 1.122502
554, 567, 1.122304
555, 556, 1.094531
556, 566, 1.122502
556, 569, 1.122304
557, 558, 1.094531
557, 567, 1.122304
558, 559, 1.018338
558, 560, 1.094705
559, 560, 1.018338
560, 561, 1.094531
561, 562, 1.122502
561, 568, 1.122304
562, 563, 1.094531
562, 568, 1.122304
563, 564, 1.018338
563, 565, 1.094705
564, 565, 1.018338
565, 566, 1.094531
566, 569, 1.122304
567, 568, 1.152530
567, 569, 1.152530
568, 569, 1.152530
570, 571, 1.018338
570, 573, 1.018338
571, 572, 1.094531
571, 573, 1.094705
572, 575, 1.122502
572, 585, 1.122304
573, 574, 1.094531
574, 584, 1.122502
574, 587, 1.122304
575, 576, 1.094531
575, 585, 1.122304
576, 577, 1.018338
576, 578, 1.094705
577, 578, 1.018338
578, 579, 1.094531
579, 580, 1.122502
579, 586, 1.122304
580, 581, 1.094531
580, 586, 1.122304
581, 582, 1.018338
581, 583, 1.094705
582, 583, 1.018338
583, 584, 1.094531
584, 587, 1.122304
585, 586, 1.152530
585, 587, 1.152530
586, 587, 1.152530
588, 589, 1.018338
588, 591, 1.018338
589, 590, 1.094531
589, 591, 1.094705
590, 593, 1.122502
590, 603, 1.122304
591, 592, 1.094531
592, 602, 1.122502
592, 605, 1.122304
593, 594, 1.094531
593, 603, 1.122304
594, 595, 1.018338
594, 596, 1.094705
595, 596, 1.018338
596, 597, 1.094531
597, 598, 1.122502
597, 604, 1.122304
598, 599, 1.094531
598, 604, 1.122304
599, 600, 1.018338
599, 601, 1.094705
600, 601, 1.018338
601, 602, 1.094531
602, 605, 1.122304
603, 604, 1.152530
603, 605, 1.152530
604, 605, 1.152530
606, 607, 1.018338
606, 609, 1.018338
607, 608, 1.094531
607, 609, 1.094705
608, 611, 1.122502
608, 621, 1.122304
609, 610, 1.094531
610, 620, 1.122502
610, 623, 1.122304
611, 612, 1.094531
611, 621, 1.122304
612, 613, 1.018338
612, 614, 1.094705
613, 614, 1.018338
614, 615, 1.094531
615, 616, 1.122502
615, 622, 1.122304
616, 617, 1.094531
616, 622, 1.122304
617, 618, 1.018338
617, 619, 1.094705
618, 619, 1.018338
619, 620, 1.094531
620, 623, 1.122304
621, 622, 1.152530
621, 623, 1.152530
622, 623, 1.152530
624, 625, 1.018338
624, 627, 1.018338
625, 626, 1.094531
625, 627, 1.094705
626, 629, 1.122502
626, 639, 1.122304
627, 628, 1.094531
628, 638, 1.122502
628, 641, 1.122304
629, 630, 1.094531
629, 639, 1.122304
630, 631, 1.018338
630, 632, 1.094705
631, 632, 1.018338
632, 633, 1.094531
633, 634, 1.122502
633, 640, 1.122304
634, 635, 1.094531
634, 640, 1.122304
635, 636, 1.018338
635, 637, 1.094705
636, 637, 1.018338
637, 638, 1.094531
638, 641, 1.122304
639, 640, 1.152530
639, 641, 1.152530
640, 641, 1.152530
