source_idx: 32
h_value: 0.450253

points:
0.000000, 1.577193, -2.551953, 4.712389
0.000000, 1.577193, 2.551953, 3.051666
0.000000, -1.577193, 2.551953, 4.712389
-1.577193, 2.551953, 0.000000, 1.660723
-1.577193, -2.551953, 0.000000, 4.712389
1.577193, 2.551953, 0.000000, 4.712389
1.577193, -2.551953, 0.000000, 7.764055
0.000000, -1.577193, -2.551953, 6.373112
2.551953, 0.000000, 1.577193, 6.373112
-2.551953, 0.000000, 1.577193, 1.660723
-2.551953, 0.000000, -1.577193, 3.051666
2.551953, 0.000000, -1.577193, 7.764055
0.927051, 2.427051, -1.500000, 4.712389
-0.927051, 2.427051, -1.500000, 3.141593
0.000000, 3.000000, 0.000000, 3.141593
-0.927051, 2.427051, 1.500000, 1.884956
0.927051, 2.427051, 1.500000, 3.769911
0.000000, 0.000000, 3.000000, 3.769911
-1.500000, 0.927051, 2.427051, 1.884956
-1.500000, -0.927051, 2.427051, 3.141593
1.500000, 0.927051, 2.427051, 4.712389
1.500000, -0.927051, 2.427051, 5.654867
0.000000, 0.000000, -3.000000, 5.654867
1.500000, 0.927051, -2.427051, 6.283185
1.500000, -0.927051, -2.427051, 7.539822
-1.500000, 0.927051, -2.427051, 3.769911
-1.500000, -0.927051, -2.427051, 4.712389
0.927051, -2.427051, 1.500000, 6.283185
-0.927051, -2.427051, 1.500000, 4.712389
0.000000, -3.000000, 0.000000, 6.283185
-0.927051, -2.427051, -1.500000, 5.654867
0.927051, -2.427051, -1.500000, 7.539822
-2.427051, 1.500000, 0.927051, 0.000000
-2.427051, 1.500000, -0.927051, 1.884956
-3.000000, 0.000000, 0.000000, 1.884956
-2.427051, -1.500000, -0.927051, 3.769911
-2.427051, -1.500000, 0.927051, 3.141593
2.427051, 1.500000, -0.927051, 6.283185
2.427051, 1.500000, 0.927051, 5.654867
3.000000, 0.000000, 0.000000, 7.539822
2.427051, -1.500000, 0.927051, 7.539822
2.427051, -1.500000, -0.927051, 9.424778
0.442863, 2.045155, -2.149701, 4.712389
-0.442863, 2.045155, -2.149701, 3.988827
0.000000, 2.551952, -1.577193, 3.914416
-0.487379, 2.853169, -0.788597, 3.051666
-1.328588, 2.592564, -0.716567, 2.315785
-0.885725, 2.866268, 0.000000, 2.315785
0.487379, 2.853169, -0.788597, 3.914416
0.885725, 2.866268, 0.000000, 3.988827
1.328588, 2.592564, -0.716567, 4.712389
-0.442863, 2.045155, 2.149701, 2.462063
0.442863, 2.045155, 2.149701, 3.336022
0.000000, 2.551952, 1.577193, 2.827433
0.487379, 2.853169, 0.788597, 3.394425
1.328588, 2.592564, 0.716567, 4.267902
-0.487379, 2.853169, 0.788597, 2.435411
-1.328588, 2.592564, 0.716567, 1.581787
0.000000, 0.885725, 2.866268, 3.336022
-0.716567, 1.328588, 2.592564, 2.462063
-0.788597, 0.487379, 2.853169, 2.827433
-1.577193, 0.000000, 2.551952, 2.435411
-2.149701, 0.442863, 2.045155, 1.581787
-2.149701, -0.442863, 2.045155, 2.315785
-0.788597, -0.487379, 2.853169, 3.394425
-0.716567, -1.328588, 2.592564, 3.988827
0.000000, -0.885725, 2.866268, 4.267902
0.716567, 1.328588, 2.592564, 3.813263
0.788597, 0.487379, 2.853169, 4.222840
0.788597, -0.487379, 2.853169, 4.712389
0.716567, -1.328588, 2.592564, 5.156876
1.577193, 0.000000, 2.551952, 5.201938
2.149701, -0.442863, 2.045155, 6.088756
2.149701, 0.442863, 2.045155, 5.611515
0.000000, 0.885725, -2.866268, 5.156876
0.716567, 1.328588, -2.592564, 5.435951
0.788597, 0.487379, -2.853169, 6.030353
1.577193, 0.000000, -2.551952, 6.989367
2.149701, 0.442863, -2.045155, 7.108993
2.149701, -0.442863, -2.045155, 7.842991
0.788597, -0.487379, -2.853169, 6.597345
0.716567, -1.328588, -2.592564, 6.962715
0.000000, -0.885725, -2.866268, 6.088756
-0.716567, 1.328588, -2.592564, 4.267902
-0.788597, 0.487379, -2.853169, 4.712389
-0.788597, -0.487379, -2.853169, 5.201938
-0.716567, -1.328588, -2.592564, 5.611515
-1.577193, 0.000000, -2.551952, 4.222840
-2.149701, -0.442863, -2.045155, 3.813263
-2.149701, 0.442863, -2.045155, 3.336022
0.442863, -2.045155, 2.149701, 5.435951
-0.442863, -2.045155, 2.149701, 4.712389
0.000000, -2.551952, 1.577193, 5.510362
-0.487379, -2.853169, 0.788597, 5.510362
-1.328588, -2.592564, 0.716567, 4.712389
-0.885725, -2.866268, 0.000000, 5.435951
0.487379, -2.853169, 0.788597, 6.373112
0.885725, -2.866268, 0.000000, 7.108993
1.328588, -2.592564, 0.716567, 7.108993
-0.442863, -2.045155, -2.149701, 6.088756
0.442863, -2.045155, -2.149701, 6.962715
0.000000, -2.551952, -1.577193, 6.597345
0.487379, -2.853169, -0.788597, 6.989367
1.328588, -2.592564, -0.716567, 7.842991
-0.487379, -2.853169, -0.788597, 6.030353
-1.328588, -2.592564, -0.716567, 5.156876
-2.045155, 2.149701, 0.442863, 0.899126
-2.045155, 2.149701, -0.442863, 1.581787
-2.551952, 1.577193, 0.000000, 0.942478
-2.853169, 0.788597, -0.487379, 1.660723
-2.592564, 0.716567, -1.328588, 2.462063
-2.866268, 0.000000, -0.885725, 2.462063
-2.853169, 0.788597, 0.487379, 0.942478
-2.866268, 0.000000, 0.885725, 1.581787
-2.592564, 0.716567, 1.328588, 0.899126
-2.045155, -2.149701, -0.442863, 4.267902
-2.045155, -2.149701, 0.442863, 3.988827
-2.551952, -1.577193, 0.000000, 3.394425
-2.853169, -0.788597, 0.487379, 2.435411
-2.592564, -0.716567, 1.328588, 2.315785
-2.853169, -0.788597, -0.487379, 2.827433
-2.592564, -0.716567, -1.328588, 3.336022
2.045155, 2.149701, -0.442863, 5.435951
2.045155, 2.149701, 0.442863, 5.156876
2.551952, 1.577193, 0.000000, 6.030353
2.853169, 0.788597, 0.487379, 6.597345
2.592564, 0.716567, 1.328588, 6.088756
2.866268, 0.000000, 0.885725, 6.962715
2.853169, 0.788597, -0.487379, 6.989367
2.866268, 0.000000, -0.885725, 7.842991
2.592564, 0.716567, -1.328588, 7.108993
2.045155, -2.149701, 0.442863, 7.842991
2.045155, -2.149701, -0.442863, 8.525652
2.551952, -1.577193, 0.000000, 8.482300
2.853169, -0.788597, -0.487379, 8.482300
2.592564, -0.716567, -1.328588, 8.525652
2.853169, -0.788597, 0.487379, 7.764055
2.592564, -0.716567, 1.328588, 6.962715
-1.275976, 1.763356, 2.064573, 1.660723
-1.763356, 2.064573, 1.275976, 0.942478
-2.064573, 1.275976, 1.763356, 0.942478
1.275976, 1.763356, 2.064573, 4.222840
2.064573, 1.275976, 1.763356, 5.201938
1.763356, 2.064573, 1.275976, 4.712389
-1.275976, 1.763356, -2.064573, 3.394425
-2.064573, 1.275976, -1.763356, 2.827433
-1.763356, 2.064573, -1.275976, 2.435411
1.275976, 1.763356, -2.064573, 5.510362
1.763356, 2.064573, -1.275976, 5.510362
2.064573, 1.275976, -1.763356, 6.373112
-1.275976, -1.763356, -2.064573, 5.201938
-1.763356, -2.064573, -1.275976, 4.712389
-2.064573, -1.275976, -1.763356, 4.222840
1.275976, -1.763356, -2.064573, 7.764055
2.064573, -1.275976, -1.763356, 8.482300
1.763356, -2.064573, -1.275976, 8.482300
-1.275976, -1.763356, 2.064573, 3.914416
-2.064573, -1.275976, 1.763356, 3.051666
-1.763356, -2.064573, 1.275976, 3.914416
1.275976, -1.763356, 2.064573, 6.030353
1.763356, -2.064573, 1.275976, 6.989367
2.064573, -1.275976, 1.763356, 6.597345
0.210272, 1.812130, -2.381590, 4.712389
-0.210272, 1.812130, -2.381590, 4.371428
0.000000, 2.067810, -2.173514, 4.349251
-0.234580, 2.311572, -1.897790, 3.944930
-0.687135, 2.257032, -1.853012, 3.573416
-0.481072, 2.518928, -1.556783, 3.513114
0.234580, 2.311572, -1.897790, 4.331811
0.481072, 2.518928, -1.556783, 4.322093
0.687135, 2.257032, -1.853012, 4.712389
-0.721609, 2.667588, -1.167587, 3.075601
-1.145224, 2.540147, -1.111807, 2.715057
-0.938319, 2.746507, -0.759116, 2.657685
-1.119421, 2.759650, -0.362252, 2.281443
-1.471903, 2.591861, -0.340227, 1.960981
-1.261631, 2.721817, 0.000000, 1.960982
-0.703739, 2.891485, -0.379558, 2.657685
-0.458090, 2.964819, 0.000000, 2.715057
-0.240536, 2.964906, -0.389196, 3.075601
0.240536, 2.964906, -0.389196, 3.513114
0.458090, 2.964819, 0.000000, 3.573416
0.703739, 2.891485, -0.379558, 3.944930
1.119421, 2.759650, -0.362252, 4.349251
1.261631, 2.721817, 0.000000, 4.371428
1.471903, 2.591861, -0.340227, 4.712389
0.938319, 2.746507, -0.759116, 4.331811
1.145224, 2.540147, -1.111807, 4.712389
0.721609, 2.667588, -1.167587, 4.322093
-0.246971, 2.738948, -1.198821, 3.479125
0.000000, 2.891584, -0.799214, 3.479125
0.246971, 2.738948, -1.198821, 3.903406
-0.210272, 1.812130, 2.381590, 2.766694
0.210272, 1.812130, 2.381590, 3.173936
0.000000, 2.067810, 2.173514, 2.898275
0.234580, 2.311572, 1.897790, 3.080660
0.687135, 2.257032, 1.853012, 3.537350
0.481072, 2.518928, 1.556783, 3.310592
-0.234580, 2.311572, 1.897790, 2.613224
-0.481072, 2.518928, 1.556783, 2.344275
-0.687135, 2.257032, 1.853012, 2.157550
0.721609, 2.667588, 1.167587, 3.574496
1.145224, 2.540147, 1.111807, 4.019100
0.938319, 2.746507, 0.759116, 3.851922
1.119421, 2.759650, 0.362252, 4.122458
1.471903, 2.591861, 0.340227, 4.501945
0.703739, 2.891485, 0.379558, 3.699563
0.240536, 2.964906, 0.389196, 3.246642
-0.240536, 2.964906, 0.389196, 2.785235
-0.703739, 2.891485, 0.379558, 2.340528
-1.119421, 2.759650, 0.362252, 1.934836
-1.471903, 2.591861, 0.340227, 1.583181
-0.938319, 2.746507, 0.759116, 1.984933
-1.145224, 2.540147, 1.111807, 1.683045
-0.721609, 2.667588, 1.167587, 2.124923
0.246971, 2.738948, 1.198821, 3.095048
0.000000, 2.891584, 0.799214, 2.913800
-0.246971, 2.738948, 1.198821, 2.603120
0.000000, 1.261631, 2.721817, 3.173936
-0.340227, 1.471903, 2.591861, 2.766694
-0.362252, 1.119421, 2.759650, 2.898275
-0.759116, 0.938319, 2.746507, 2.613224
-1.111807, 1.145224, 2.540147, 2.157550
-1.167587, 0.721609, 2.667587, 2.344275
-0.379558, 0.703739, 2.891485, 3.080660
-0.389196, 0.240536, 2.964906, 3.310592
0.000000, 0.458090, 2.964819, 3.537350
-1.556783, 0.481072, 2.518928, 2.124923
-1.853012, 0.687135, 2.257032, 1.683045
-1.897790, 0.234580, 2.311572, 1.984933
-2.173514, 0.000000, 2.067810, 1.934836
-2.381590, 0.210272, 1.812130, 1.583181
-2.381590, -0.210272, 1.812130, 1.960981
-1.897790, -0.234580, 2.311572, 2.340528
-1.853012, -0.687135, 2.257032, 2.715057
-1.556783, -0.481072, 2.518928, 2.785235
-1.167587, -0.721609, 2.667587, 3.246642
-1.111807, -1.145224, 2.540147, 3.573416
-0.759116, -0.938319, 2.746507, 3.699562
-0.362252, -1.119421, 2.759650, 4.122458
-0.340227, -1.471903, 2.591861, 4.371428
0.000000, -1.261631, 2.721817, 4.501944
-0.379558, -0.703739, 2.891485, 3.851922
0.000000, -0.458090, 2.964819, 4.019100
-0.389196, -0.240536, 2.964906, 3.574496
-1.198821, 0.246971, 2.738948, 2.603120
-1.198821, -0.246971, 2.738948, 2.913800
-0.799214, 0.000000, 2.891584, 3.095048
0.340227, 1.471903, 2.591861, 3.410255
0.362252, 1.119421, 2.759650, 3.565214
0.379558, 0.703739, 2.891485, 3.758056
0.389196, 0.240536, 2.964906, 3.983634
0.759116, 0.938319, 2.746507, 4.002030
1.167587, 0.721609, 2.667587, 4.471594
1.111807, 1.145224, 2.540147, 4.252500
0.389196, -0.240536, 2.964906, 4.229231
0.379558, -0.703739, 2.891485, 4.477570
0.362252, -1.119421, 2.759650, 4.712389
0.340227, -1.471903, 2.591861, 4.922833
0.759116, -0.938319, 2.746507, 4.947208
1.111807, -1.145224, 2.540147, 5.405678
1.167587, -0.721609, 2.667587, 5.195547
1.556783, -0.481072, 2.518928, 5.441144
1.853012, -0.687135, 2.257032, 5.887428
1.897790, -0.234580, 2.311572, 5.666722
2.173514, 0.000000, 2.067810, 5.859564
2.381590, -0.210272, 1.812130, 6.250842
2.381590, 0.210272, 1.812130, 6.014523
1.897790, 0.234580, 2.311572, 5.422748
1.853012, 0.687135, 2.257032, 5.172278
1.556783, 0.481072, 2.518928, 4.953184
0.799214, 0.000000, 2.891584, 4.465138
1.198821, -0.246971, 2.738948, 4.959640
1.198821, 0.246971, 2.738948, 4.712389
0.000000, 1.261631, -2.721817, 4.922833
0.340227, 1.471903, -2.591861, 5.053350
0.362252, 1.119421, -2.759650, 5.302320
0.759116, 0.938319, -2.746507, 5.725216
1.111807, 1.145224, -2.540147, 5.851362
1.167587, 0.721609, -2.667587, 6.178136
0.379558, 0.703739, -2.891485, 5.572856
0.389196, 0.240536, -2.964906, 5.850282
0.000000, 0.458090, -2.964819, 5.405678
1.556783, 0.481072, -2.518928, 6.639543
1.853012, 0.687135, -2.257032, 6.709721
1.897790, 0.234580, -2.311572, 7.084250
2.173514, 0.000000, -2.067810, 7.489942
2.381590, 0.210272, -1.812130, 7.463797
2.381590, -0.210272, -1.812130, 7.841597
1.897790, -0.234580, -2.311572, 7.439845
1.853012, -0.687135, -2.257032, 7.741733
1.556783, -0.481072, -2.518928, 7.299854
1.167587, -0.721609, -2.667587, 7.080503
1.111807, -1.145224, -2.540147, 7.267228
0.759116, -0.938319, -2.746507, 6.811554
0.362252, -1.119421, -2.759650, 6.526503
0.340227, -1.471903, -2.591861, 6.658084
0.000000, -1.261631, -2.721817, 6.250842
0.379558, -0.703739, -2.891485, 6.344118
0.000000, -0.458090, -2.964819, 5.887428
0.389196, -0.240536, -2.964906, 6.114186
1.198821, 0.246971, -2.738948, 6.510978
1.198821, -0.246971, -2.738948, 6.821658
0.799214, 0.000000, -2.891584, 6.329730
-0.340227, 1.471903, -2.591861, 4.501945
-0.362252, 1.119421, -2.759650, 4.712389
-0.379558, 0.703739, -2.891485, 4.947208
-0.389196, 0.240536, -2.964906, 5.195547
-0.759116, 0.938319, -2.746507, 4.477570
-1.167587, 0.721609, -2.667587, 4.229231
-1.111807, 1.145224, -2.540147, 4.019100
-0.389196, -0.240536, -2.964906, 5.441144
-0.379558, -0.703739, -2.891485, 5.666722
-0.362252, -1.119421, -2.759650, 5.859564
-0.340227, -1.471903, -2.591861, 6.014523
-0.759116, -0.938319, -2.746507, 5.422747
-1.111807, -1.145224, -2.540147, 5.172278
-1.167587, -0.721609, -2.667587, 4.953184
-1.556783, -0.481072, -2.518928, 4.471594
-1.853012, -0.687135, -2.257032, 4.252500
-1.897790, -0.234580, -2.311572, 4.002030
-2.173514, 0.000000, -2.067810, 3.565214
-2.381590, -0.210272, -1.812130, 3.410255
-2.381590, 0.210272, -1.812130, 3.173936
-1.897790, 0.234580, -2.311572, 3.758056
-1.853012, 0.687135, -2.257032, 3.537350
-1.556783, 0.481072, -2.518928, 3.983634
-0.799214, 0.000000, -2.891584, 4.959640
-1.198821, -0.246971, -2.738948, 4.712389
-1.198821, 0.246971, -2.738948, 4.465138
0.210272, -1.812130, 2.381590, 5.053350
-0.210272, -1.812130, 2.381590, 4.712389
0.000000, -2.067810, 2.173514, 5.075527
-0.234580, -2.311572, 1.897790, 5.092967
-0.687135, -2.257032, 1.853012, 4.712389
-0.481072, -2.518928, 1.556783, 5.102685
0.234580, -2.311572, 1.897790, 5.479848
0.481072, -2.518928, 1.556783, 5.911664
0.687135, -2.257032, 1.853012, 5.851362
-0.721609, -2.667588, 1.167587, 5.102685
-1.145224, -2.540147, 1.111807, 4.712389
-0.938319, -2.746507, 0.759116, 5.092967
-1.119421, -2.759650, 0.362252, 5.075527
-1.471903, -2.591861, 0.340227, 4.712389
-1.261631, -2.721817, 0.000000, 5.053350
-0.703739, -2.891485, 0.379558, 5.479848
-0.458090, -2.964819, 0.000000, 5.851362
-0.240536, -2.964906, 0.389196, 5.911664
0.240536, -2.964906, 0.389196, 6.349177
0.458090, -2.964819, 0.000000, 6.709721
0.703739, -2.891485, 0.379558, 6.767093
1.119421, -2.759650, 0.362252, 7.143335
1.261631, -2.721817, 0.000000, 7.463796
1.471903, -2.591861, 0.340227, 7.463797
0.938319, -2.746507, 0.759116, 6.767093
1.145224, -2.540147, 1.111807, 6.709721
0.721609, -2.667588, 1.167587, 6.349177
-0.246971, -2.738948, 1.198821, 5.521372
0.000000, -2.891584, 0.799214, 5.945653
0.246971, -2.738948, 1.198821, 5.945653
-0.210272, -1.812130, -2.381590, 6.250842
0.210272, -1.812130, -2.381590, 6.658084
0.000000, -2.067810, -2.173514, 6.526503
0.234580, -2.311572, -1.897790, 6.811554
0.687135, -2.257032, -1.853012, 7.267228
0.481072, -2.518928, -1.556783, 7.080503
-0.234580, -2.311572, -1.897790, 6.344118
-0.481072, -2.518928, -1.556783, 6.114186
-0.687135, -2.257032, -1.853012, 5.887428
0.721609, -2.667588, -1.167587, 7.299854
1.145224, -2.540147, -1.111807, 7.741733
0.938319, -2.746507, -0.759116, 7.439845
1.119421, -2.759650, -0.362252, 7.489942
1.471903, -2.591861, -0.340227, 7.841596
0.703739, -2.891485, -0.379558, 7.084250
0.240536, -2.964906, -0.389196, 6.639542
-0.240536, -2.964906, -0.389196, 6.178136
-0.703739, -2.891485, -0.379558, 5.725215
-1.119421, -2.759650, -0.362252, 5.302320
-1.471903, -2.591861, -0.340227, 4.922833
-0.938319, -2.746507, -0.759116, 5.572856
-1.145224, -2.540147, -1.111807, 5.405678
-0.721609, -2.667588, -1.167587, 5.850282
0.246971, -2.738948, -1.198821, 6.821658
0.000000, -2.891584, -0.799214, 6.510978
-0.246971, -2.738948, -1.198821, 6.329729
-1.812130, 2.381590, 0.210272, 1.302134
-1.812130, 2.381590, -0.210272, 1.583182
-2.067810, 2.173514, 0.000000, 1.209040
-2.311572, 1.897790, -0.234580, 1.242125
-2.257032, 1.853012, -0.687135, 1.683045
-2.518928, 1.556783, -0.481072, 1.425636
-2.311572, 1.897790, 0.234580, 0.809353
-2.518928, 1.556783, 0.481072, 0.459319
-2.257032, 1.853012, 0.687135, 0.459889
-2.667587, 1.167587, -0.721609, 1.722515
-2.540147, 1.111807, -1.145224, 2.157550
-2.746507, 0.759116, -0.938319, 2.073400
-2.759650, 0.362252, -1.119421, 2.430946
-2.591861, 0.340227, -1.471903, 2.766694
-2.721817, 0.000000, -1.261631, 2.766694
-2.891485, 0.379558, -0.703739, 2.073400
-2.964819, 0.000000, -0.458090, 2.157550
-2.964906, 0.389196, -0.240536, 1.722515
-2.964906, 0.389196, 0.240536, 1.425636
-2.964819, 0.000000, 0.458090, 1.683045
-2.891485, 0.379558, 0.703739, 1.242125
-2.759650, 0.362252, 1.119421, 1.209040
-2.721817, 0.000000, 1.261631, 1.583181
-2.591861, 0.340227, 1.471903, 1.302134
-2.746507, 0.759116, 0.938319, 0.809353
-2.540147, 1.111807, 1.145224, 0.459889
-2.667587, 1.167587, 0.721609, 0.459319
-2.738947, 1.198821, -0.246971, 1.260783
-2.891584, 0.799214, 0.000000, 1.260783
-2.738947, 1.198821, 0.246971, 0.808983
-1.812130, -2.381590, -0.210272, 4.501945
-1.812130, -2.381590, 0.210272, 4.371428
-2.067810, -2.173514, 0.000000, 4.122458
-2.311572, -1.897790, 0.234580, 3.699562
-2.257032, -1.853012, 0.687135, 3.573416
-2.518928, -1.556783, 0.481072, 3.246642
-2.311572, -1.897790, -0.234580, 3.851922
-2.518928, -1.556783, -0.481072, 3.574496
-2.257032, -1.853012, -0.687135, 4.019100
-2.667587, -1.167587, 0.721609, 2.785235
-2.540147, -1.111807, 1.145224, 2.715057
-2.746507, -0.759116, 0.938319, 2.340528
-2.759650, -0.362252, 1.119421, 1.934836
-2.591861, -0.340227, 1.471903, 1.960981
-2.891485, -0.379558, 0.703739, 1.984933
-2.964906, -0.389196, 0.240536, 2.124923
-2.964906, -0.389196, -0.240536, 2.344275
-2.891485, -0.379558, -0.703739, 2.613224
-2.759650, -0.362252, -1.119421, 2.898275
-2.591861, -0.340227, -1.471903, 3.173936
-2.746507, -0.759116, -0.938319, 3.080660
-2.540147, -1.111807, -1.145224, 3.537350
-2.667587, -1.167587, -0.721609, 3.310592
-2.738947, -1.198821, 0.246971, 2.913800
-2.891584, -0.799214, 0.000000, 2.603120
-2.738947, -1.198821, -0.246971, 3.095048
1.812130, 2.381590, -0.210272, 5.053350
1.812130, 2.381590, 0.210272, 4.922833
2.067810, 2.173514, 0.000000, 5.302320
2.311572, 1.897790, 0.234580, 5.572856
2.257032, 1.853012, 0.687135, 5.405678
2.518928, 1.556783, 0.481072, 5.850282
2.311572, 1.897790, -0.234580, 5.725215
2.518928, 1.556783, -0.481072, 6.178136
2.257032, 1.853012, -0.687135, 5.851362
2.667587, 1.167587, 0.721609, 6.114186
2.540147, 1.111807, 1.145224, 5.887428
2.746507, 0.759116, 0.938319, 6.344118
2.759650, 0.362252, 1.119421, 6.526503
2.591861, 0.340227, 1.471903, 6.250842
2.721817, 0.000000, 1.261631, 6.658084
2.891485, 0.379558, 0.703739, 6.811554
2.964819, 0.000000, 0.458090, 7.267228
2.964906, 0.389196, 0.240536, 7.080503
2.964906, 0.389196, -0.240536, 7.299855
2.964819, 0.000000, -0.458090, 7.741733
2.891485, 0.379558, -0.703739, 7.439845
2.759650, 0.362252, -1.119421, 7.489942
2.721817, 0.000000, -1.261631, 7.841597
2.591861, 0.340227, -1.471903, 7.463797
2.746507, 0.759116, -0.938319, 7.084250
2.540147, 1.111807, -1.145224, 6.709721
2.667587, 1.167587, -0.721609, 6.639543
2.738947, 1.198821, 0.246971, 6.329730
2.891584, 0.799214, 0.000000, 6.821658
2.738947, 1.198821, -0.246971, 6.510978
1.812130, -2.381590, 0.210272, 7.841596
1.812130, -2.381590, -0.210272, 8.122644
2.067810, -2.173514, 0.000000, 8.215738
2.311572, -1.897790, -0.234580, 8.615425
2.257032, -1.853012, -0.687135, 8.964889
2.518928, -1.556783, -0.481072, 8.965458
2.311572, -1.897790, 0.234580, 8.182653
2.518928, -1.556783, 0.481072, 7.999142
2.257032, -1.853012, 0.687135, 7.741733
2.667587, -1.167587, -0.721609, 8.965459
2.540147, -1.111807, -1.145224, 8.964889
2.746507, -0.759116, -0.938319, 8.615425
2.759650, -0.362252, -1.119421, 8.215738
2.591861, -0.340227, -1.471903, 8.122644
2.891485, -0.379558, -0.703739, 8.182653
2.964906, -0.389196, -0.240536, 7.999142
2.964906, -0.389196, 0.240536, 7.702263
2.891485, -0.379558, 0.703739, 7.351378
2.759650, -0.362252, 1.119421, 6.993832
2.591861, -0.340227, 1.471903, 6.658084
2.746507, -0.759116, 0.938319, 7.351378
2.540147, -1.111807, 1.145224, 7.267228
2.667587, -1.167587, 0.721609, 7.702263
2.738947, -1.198821, -0.246971, 8.615795
2.891584, -0.799214, 0.000000, 8.163995
2.738947, -1.198821, 0.246971, 8.163995
-0.586137, 1.705558, 2.397398, 2.430946
-0.848717, 1.932014, 2.132369, 2.073400
-1.110804, 2.129732, 1.797319, 1.722515
-0.993696, 1.552456, 2.366949, 2.073400
-1.408123, 1.351341, 2.278392, 1.722515
-1.351340, 2.278391, 1.408123, 1.425636
-1.552456, 2.366949, 0.993696, 1.242125
-1.705558, 2.397398, 0.586137, 1.209040
-1.932014, 2.132369, 0.848717, 0.809353
-2.129732, 1.797319, 1.110804, 0.459320
-2.278392, 1.408123, 1.351341, 0.459319
-2.366949, 0.993696, 1.552456, 0.809353
-2.397398, 0.586137, 1.705558, 1.209040
-2.132369, 0.848717, 1.932014, 1.242125
-1.797319, 1.110804, 2.129732, 1.425636
-1.540126, 1.939733, 1.692763, 1.260783
-1.939733, 1.692763, 1.540126, 0.808983
-1.692763, 1.540126, 1.939733, 1.260783
0.586137, 1.705558, 2.397398, 3.565214
0.993696, 1.552456, 2.366949, 4.002030
1.408123, 1.351341, 2.278392, 4.471594
0.848717, 1.932014, 2.132369, 3.758056
1.110804, 2.129732, 1.797319, 3.983634
1.797319, 1.110804, 2.129732, 4.953184
2.132369, 0.848717, 1.932014, 5.422748
2.397398, 0.586137, 1.705558, 5.859564
2.366949, 0.993696, 1.552456, 5.666722
2.278392, 1.408123, 1.351341, 5.441144
2.129732, 1.797319, 1.110804, 5.195547
1.932014, 2.132369, 0.848717, 4.947208
1.705558, 2.397398, 0.586137, 4.712389
1.552456, 2.366949, 0.993696, 4.477570
1.351340, 2.278391, 1.408123, 4.229231
1.692763, 1.540126, 1.939733, 4.712389
1.939733, 1.692763, 1.540126, 4.959640
1.540126, 1.939733, 1.692763, 4.465138
-0.586137, 1.705558, -2.397398, 4.122458
-0.993696, 1.552456, -2.366949, 3.851922
-1.408123, 1.351341, -2.278392, 3.574496
-0.848717, 1.932014, -2.132369, 3.699562
-1.110804, 2.129732, -1.797319, 3.246642
-1.797319, 1.110804, -2.129732, 3.310592
-2.132369, 0.848717, -1.932014, 3.080660
-2.397398, 0.586137, -1.705558, 2.898275
-2.366949, 0.993696, -1.552456, 2.613224
-2.278392, 1.408123, -1.351341, 2.344275
-2.129732, 1.797319, -1.110804, 2.124923
-1.932014, 2.132369, -0.848717, 1.984933
-1.705558, 2.397398, -0.586137, 1.934836
-1.552456, 2.366949, -0.993696, 2.340528
-1.351340, 2.278391, -1.408123, 2.785235
-1.692763, 1.540126, -1.939733, 3.095048
-1.939733, 1.692763, -1.540126, 2.603120
-1.540126, 1.939733, -1.692763, 2.913800
0.586137, 1.705558, -2.397398, 5.075527
0.848717, 1.932014, -2.132369, 5.092967
1.110804, 2.129732, -1.797319, 5.102685
0.993696, 1.552456, -2.366949, 5.479848
1.408123, 1.351341, -2.278392, 5.911664
1.351340, 2.278391, -1.408123, 5.102685
1.552456, 2.366949, -0.993696, 5.092967
1.705558, 2.397398, -0.586137, 5.075527
1.932014, 2.132369, -0.848717, 5.479848
2.129732, 1.797319, -1.110804, 5.911664
2.278392, 1.408123, -1.351341, 6.349177
2.366949, 0.993696, -1.552456, 6.767093
2.397398, 0.586137, -1.705558, 7.143335
2.132369, 0.848717, -1.932014, 6.767093
1.797319, 1.110804, -2.129732, 6.349177
1.540126, 1.939733, -1.692763, 5.521372
1.939733, 1.692763, -1.540126, 5.945653
1.692763, 1.540126, -1.939733, 5.945654
-0.586137, -1.705558, -2.397398, 5.859564
-0.848717, -1.932014, -2.132369, 5.666722
-1.110804, -2.129732, -1.797319, 5.441144
-0.993696, -1.552456, -2.366949, 5.422747
-1.408123, -1.351341, -2.278392, 4.953184
-1.351340, -2.278391, -1.408123, 5.195547
-1.552456, -2.366949, -0.993696, 4.947208
-1.705558, -2.397398, -0.586137, 4.712389
-1.932014, -2.132369, -0.848717, 4.477570
-2.129732, -1.797319, -1.110804, 4.229231
-2.278392, -1.408123, -1.351341, 3.983634
-2.366949, -0.993696, -1.552456, 3.758056
-2.397398, -0.586137, -1.705558, 3.565214
-2.132369, -0.848717, -1.932014, 4.002030
-1.797319, -1.110804, -2.129732, 4.471594
-1.540126, -1.939733, -1.692763, 4.959640
-1.939733, -1.692763, -1.540126, 4.465138
-1.692763, -1.540126, -1.939733, 4.712389
0.586137, -1.705558, -2.397398, 6.993832
0.993696, -1.552456, -2.366949, 7.351378
1.408123, -1.351341, -2.278392, 7.702263
0.848717, -1.932014, -2.132369, 7.351378
1.110804, -2.129732, -1.797319, 7.702263
1.797319, -1.110804, -2.129732, 7.999142
2.132369, -0.848717, -1.932014, 8.182653
2.397398, -0.586137, -1.705558, 8.215738
2.366949, -0.993696, -1.552456, 8.615425
2.278392, -1.408123, -1.351341, 8.965459
2.129732, -1.797319, -1.110804, 8.965458
1.932014, -2.132369, -0.848717, 8.615425
1.705558, -2.397398, -0.586137, 8.215738
1.552456, -2.366949, -0.993696, 8.182653
1.351340, -2.278391, -1.408123, 7.999142
1.692763, -1.540126, -1.939733, 8.163995
1.939733, -1.692763, -1.540126, 8.615795
1.540126, -1.939733, -1.692763, 8.163995
-0.586137, -1.705558, 2.397398, 4.349250
-0.993696, -1.552456, 2.366949, 3.944929
-1.408123, -1.351341, 2.278392, 3.513114
-0.848717, -1.932014, 2.132369, 4.331811
-1.110804, -2.129732, 1.797319, 4.322093
-1.797319, -1.110804, 2.129732, 3.075601
-2.132369, -0.848717, 1.932014, 2.657685
-2.397398, -0.586137, 1.705558, 2.281443
-2.366949, -0.993696, 1.552456, 2.657685
-2.278392, -1.408123, 1.351341, 3.075601
-2.129732, -1.797319, 1.110804, 3.513114
-1.932014, -2.132369, 0.848717, 3.944929
-1.705558, -2.397398, 0.586137, 4.349251
-1.552456, -2.366949, 0.993696, 4.331811
-1.351340, -2.278391, 1.408123, 4.322093
-1.692763, -1.540126, 1.939733, 3.479124
-1.939733, -1.692763, 1.540126, 3.479125
-1.540126, -1.939733, 1.692763, 3.903406
0.586137, -1.705558, 2.397398, 5.302320
0.848717, -1.932014, 2.132369, 5.725216
1.110804, -2.129732, 1.797319, 6.178136
0.993696, -1.552456, 2.366949, 5.572856
1.408123, -1.351341, 2.278392, 5.850282
1.351340, -2.278391, 1.408123, 6.639542
1.552456, -2.366949, 0.993696, 7.084250
1.705558, -2.397398, 0.586137, 7.489942
1.932014, -2.132369, 0.848717, 7.439845
2.129732, -1.797319, 1.110804, 7.299854
2.278392, -1.408123, 1.351341, 7.080503
2.366949, -0.993696, 1.552456, 6.811554
2.397398, -0.586137, 1.705558, 6.526503
2.132369, -0.848717, 1.932014, 6.344118
1.797319, -1.110804, 2.129732, 6.114186
1.540126, -1.939733, 1.692763, 6.510978
1.939733, -1.692763, 1.540126, 6.821658
1.692763, -1.540126, 1.939733, 6.329730

graph:
0, 162, 0.358376
0, 163, 0.358376
0, 274, 0.358376
0, 275, 0.358376
0, 304, 0.358376
1, 192, 0.358376
1, 193, 0.358376
1, 218, 0.358376
1, 219, 0.358376
1, 248, 0.358376
2, 240, 0.358376
2, 241, 0.358376
2, 258, 0.358376
2, 330, 0.358376
2, 331, 0.358376
3, 175, 0.358376
3, 176, 0.358376
3, 211, 0.358376
3, 386, 0.358376
3, 387, 0.358376
4, 343, 0.358376
4, 344, 0.358376
4, 379, 0.358376
4, 416, 0.358376
4, 417, 0.358376
5, 184, 0.358376
5, 185, 0.358376
5, 205, 0.358376
5, 442, 0.358376
5, 443, 0.358376
6, 352, 0.358376
6, 353, 0.358376
6, 373, 0.358376
6, 472, 0.358376
6, 473, 0.358376
7, 296, 0.358376
7, 297, 0.358376
7, 314, 0.358376
7, 360, 0.358376
7, 361, 0.358376
8, 266, 0.358376
8, 267, 0.358376
8, 455, 0.358376
8, 456, 0.358376
8, 491, 0.358376
9, 231, 0.358376
9, 232, 0.358376
9, 408, 0.358376
9, 409, 0.358376
9, 429, 0.358376
10, 322, 0.358376
10, 323, 0.358376
10, 399, 0.358376
10, 400, 0.358376
10, 435, 0.358376
11, 287, 0.358376
11, 288, 0.358376
11, 464, 0.358376
11, 465, 0.358376
11, 485, 0.358376
12, 169, 0.458871
12, 170, 0.459439
12, 187, 0.459439
12, 188, 0.458871
12, 554, 0.458871
12, 557, 0.458871
13, 166, 0.459439
13, 167, 0.458871
13, 171, 0.458871
13, 172, 0.459439
13, 538, 0.458871
13, 548, 0.458871
14, 178, 0.459439
14, 179, 0.458871
14, 180, 0.458871
14, 181, 0.459439
14, 207, 0.458871
14, 208, 0.458871
15, 199, 0.458871
15, 200, 0.459439
15, 213, 0.459439
15, 214, 0.458871
15, 500, 0.458871
15, 503, 0.458871
16, 196, 0.459439
16, 197, 0.458871
16, 201, 0.458871
16, 202, 0.459439
16, 520, 0.458871
16, 530, 0.458871
17, 225, 0.458871
17, 226, 0.459439
17, 243, 0.459439
17, 244, 0.458871
17, 251, 0.458871
17, 255, 0.458871
18, 222, 0.459439
18, 223, 0.458871
18, 227, 0.458871
18, 228, 0.459439
18, 502, 0.458871
18, 512, 0.458871
19, 234, 0.459439
19, 235, 0.458871
19, 236, 0.458871
19, 237, 0.459439
19, 608, 0.458871
19, 611, 0.458871
20, 253, 0.458871
20, 254, 0.459439
20, 269, 0.459439
20, 270, 0.458871
20, 518, 0.458871
20, 521, 0.458871
21, 260, 0.459439
21, 261, 0.458871
21, 262, 0.458871
21, 263, 0.459439
21, 628, 0.458871
21, 638, 0.458871
22, 281, 0.458871
22, 282, 0.459439
22, 299, 0.459439
22, 300, 0.458871
22, 307, 0.458871
22, 311, 0.458871
23, 278, 0.459439
23, 279, 0.458871
23, 283, 0.458871
23, 284, 0.459439
23, 556, 0.458871
23, 566, 0.458871
24, 290, 0.459439
24, 291, 0.458871
24, 292, 0.458871
24, 293, 0.459439
24, 590, 0.458871
24, 593, 0.458871
25, 309, 0.458871
25, 310, 0.459439
25, 325, 0.459439
25, 326, 0.458871
25, 536, 0.458871
25, 539, 0.458871
26, 316, 0.459439
26, 317, 0.458871
26, 318, 0.458871
26, 319, 0.459439
26, 574, 0.458871
26, 584, 0.458871
27, 337, 0.458871
27, 338, 0.459439
27, 355, 0.459439
27, 356, 0.458871
27, 626, 0.458871
27, 629, 0.458871
28, 334, 0.459439
28, 335, 0.458871
28, 339, 0.458871
28, 340, 0.459439
28, 610, 0.458871
28, 620, 0.458871
29, 346, 0.459439
29, 347, 0.458871
29, 348, 0.458871
29, 349, 0.459439
29, 375, 0.458871
29, 376, 0.458871
30, 367, 0.458871
30, 368, 0.459439
30, 381, 0.459439
30, 382, 0.458871
30, 572, 0.458871
30, 575, 0.458871
31, 364, 0.459439
31, 365, 0.458871
31, 369, 0.458871
31, 370, 0.459439
31, 592, 0.458871
31, 602, 0.458871
32, 393, 0.458871
32, 394, 0.459439
32, 411, 0.459439
32, 412, 0.458871
32, 507, 0.458871
32, 508, 0.458871
33, 390, 0.459439
33, 391, 0.458871
33, 395, 0.458871
33, 396, 0.459439
33, 543, 0.458871
33, 544, 0.458871
34, 402, 0.459439
34, 403, 0.458871
34, 404, 0.458871
34, 405, 0.459439
34, 431, 0.458871
34, 432, 0.458871
35, 423, 0.458871
35, 424, 0.459439
35, 437, 0.459439
35, 438, 0.458871
35, 579, 0.458871
35, 580, 0.458871
36, 420, 0.459439
36, 421, 0.458871
36, 425, 0.458871
36, 426, 0.459439
36, 615, 0.458871
36, 616, 0.458871
37, 449, 0.458871
37, 450, 0.459439
37, 467, 0.459439
37, 468, 0.458871
37, 561, 0.458871
37, 562, 0.458871
38, 446, 0.459439
38, 447, 0.458871
38, 451, 0.458871
38, 452, 0.459439
38, 525, 0.458871
38, 526, 0.458871
39, 458, 0.459439
39, 459, 0.458871
39, 460, 0.458871
39, 461, 0.459439
39, 487, 0.458871
39, 488, 0.458871
40, 479, 0.458871
40, 480, 0.459439
40, 493, 0.459439
40, 494, 0.458871
40, 633, 0.458871
40, 634, 0.458871
41, 476, 0.459439
41, 477, 0.458871
41, 481, 0.458871
41, 482, 0.459439
41, 597, 0.458871
41, 598, 0.458871
42, 162, 0.402705
42, 164, 0.444081
42, 168, 0.421686
42, 170, 0.438845
42, 552, 0.444081
42, 553, 0.421686
43, 163, 0.402705
43, 164, 0.444081
43, 165, 0.421686
43, 166, 0.438845
43, 534, 0.444081
43, 537, 0.421686
44, 165, 0.464319
44, 167, 0.482636
44, 168, 0.464319
44, 169, 0.482636
44, 189, 0.489006
44, 191, 0.489006
45, 171, 0.482636
45, 173, 0.464319
45, 177, 0.464319
45, 179, 0.482636
45, 189, 0.489006
45, 190, 0.489006
46, 172, 0.438845
46, 173, 0.421686
46, 174, 0.444081
46, 175, 0.402705
46, 546, 0.444081
46, 547, 0.421686
47, 174, 0.444081
47, 176, 0.402705
47, 177, 0.421686
47, 178, 0.438845
47, 209, 0.421686
47, 210, 0.444081
48, 180, 0.482636
48, 182, 0.464319
48, 186, 0.464319
48, 188, 0.482636
48, 190, 0.489006
48, 191, 0.489006
49, 181, 0.438845
49, 182, 0.421686
49, 183, 0.444081
49, 184, 0.402705
49, 204, 0.444081
49, 206, 0.421686
50, 183, 0.444081
50, 185, 0.402705
50, 186, 0.421686
50, 187, 0.438845
50, 558, 0.421686
50, 559, 0.444081
51, 192, 0.402705
51, 194, 0.444081
51, 198, 0.421686
51, 200, 0.438845
51, 498, 0.444081
51, 499, 0.421686
52, 193, 0.402705
52, 194, 0.444081
52, 195, 0.421686
52, 196, 0.438845
52, 516, 0.444081
52, 519, 0.421686
53, 195, 0.464319
53, 197, 0.482636
53, 198, 0.464319
53, 199, 0.482636
53, 215, 0.489006
53, 217, 0.489006
54, 201, 0.482636
54, 203, 0.464319
54, 206, 0.464319
54, 207, 0.482636
54, 215, 0.489006
54, 216, 0.489006
55, 202, 0.438845
55, 203, 0.421686
55, 204, 0.444081
55, 205, 0.402705
55, 528, 0.444081
55, 529, 0.421686
56, 208, 0.482636
56, 209, 0.464319
56, 212, 0.464319
56, 214, 0.482636
56, 216, 0.489006
56, 217, 0.489006
57, 210, 0.444081
57, 211, 0.402705
57, 212, 0.421686
57, 213, 0.438845
57, 504, 0.421686
57, 505, 0.444081
58, 218, 0.402705
58, 220, 0.444081
58, 224, 0.421686
58, 226, 0.438845
58, 249, 0.444081
58, 250, 0.421686
59, 219, 0.402705
59, 220, 0.444081
59, 221, 0.421686
59, 222, 0.438845
59, 498, 0.444081
59, 501, 0.421686
60, 221, 0.464319
60, 223, 0.482636
60, 224, 0.464319
60, 225, 0.482636
60, 245, 0.489006
60, 247, 0.489006
61, 227, 0.482636
61, 229, 0.464319
61, 233, 0.464319
61, 235, 0.482636
61, 245, 0.489006
61, 246, 0.489006
62, 228, 0.438845
62, 229, 0.421686
62, 230, 0.444081
62, 231, 0.402705
62, 510, 0.444081
62, 511, 0.421686
63, 230, 0.444081
63, 232, 0.402705
63, 233, 0.421686
63, 234, 0.438845
63, 612, 0.421686
63, 613, 0.444081
64, 236, 0.482636
64, 238, 0.464319
64, 242, 0.464319
64, 244, 0.482636
64, 246, 0.489006
64, 247, 0.489006
65, 237, 0.438845
65, 238, 0.421686
65, 239, 0.444081
65, 240, 0.402705
65, 606, 0.444081
65, 607, 0.421686
66, 239, 0.444081
66, 241, 0.402705
66, 242, 0.421686
66, 243, 0.438845
66, 256, 0.421686
66, 257, 0.444081
67, 248, 0.402705
67, 249, 0.444081
67, 252, 0.421686
67, 254, 0.438845
67, 516, 0.444081
67, 517, 0.421686
68, 250, 0.464319
68, 251, 0.482636
68, 252, 0.464319
68, 253, 0.482636
68, 271, 0.489006
68, 273, 0.489006
69, 255, 0.482636
69, 256, 0.464319
69, 259, 0.464319
69, 261, 0.482636
69, 271, 0.489006
69, 272, 0.489006
70, 257, 0.444081
70, 258, 0.402705
70, 259, 0.421686
70, 260, 0.438845
70, 624, 0.444081
70, 627, 0.421686
71, 262, 0.482636
71, 264, 0.464319
71, 268, 0.464319
71, 270, 0.482636
71, 272, 0.489006
71, 273, 0.489006
72, 263, 0.438845
72, 264, 0.421686
72, 265, 0.444081
72, 266, 0.402705
72, 636, 0.444081
72, 637, 0.421686
73, 265, 0.444081
73, 267, 0.402705
73, 268, 0.421686
73, 269, 0.438845
73, 522, 0.421686
73, 523, 0.444081
74, 274, 0.402705
74, 276, 0.444081
74, 280, 0.421686
74, 282, 0.438845
74, 305, 0.444081
74, 306, 0.421686
75, 275, 0.402705
75, 276, 0.444081
75, 277, 0.421686
75, 278, 0.438845
75, 552, 0.444081
75, 555, 0.421686
76, 277, 0.464319
76, 279, 0.482636
76, 280, 0.464319
76, 281, 0.482636
76, 301, 0.489006
76, 303, 0.489006
77, 283, 0.482636
77, 285, 0.464319
77, 289, 0.464319
77, 291, 0.482636
77, 301, 0.489006
77, 302, 0.489006
78, 284, 0.438845
78, 285, 0.421686
78, 286, 0.444081
78, 287, 0.402705
78, 564, 0.444081
78, 565, 0.421686
79, 286, 0.444081
79, 288, 0.402705
79, 289, 0.421686
79, 290, 0.438845
79, 594, 0.421686
79, 595, 0.444081
80, 292, 0.482636
80, 294, 0.464319
80, 298, 0.464319
80, 300, 0.482636
80, 302, 0.489006
80, 303, 0.489006
81, 293, 0.438845
81, 294, 0.421686
81, 295, 0.444081
81, 296, 0.402705
81, 588, 0.444081
81, 589, 0.421686
82, 295, 0.444081
82, 297, 0.402705
82, 298, 0.421686
82, 299, 0.438845
82, 312, 0.421686
82, 313, 0.444081
83, 304, 0.402705
83, 305, 0.444081
83, 308, 0.421686
83, 310, 0.438845
83, 534, 0.444081
83, 535, 0.421686
84, 306, 0.464319
84, 307, 0.482636
84, 308, 0.464319
84, 309, 0.482636
84, 327, 0.489006
84, 329, 0.489006
85, 311, 0.482636
85, 312, 0.464319
85, 315, 0.464319
85, 317, 0.482636
85, 327, 0.489006
85, 328, 0.489006
86, 313, 0.444081
86, 314, 0.402705
86, 315, 0.421686
86, 316, 0.438845
86, 570, 0.444081
86, 573, 0.421686
87, 318, 0.482636
87, 320, 0.464319
87, 324, 0.464319
87, 326, 0.482636
87, 328, 0.489006
87, 329, 0.489006
88, 319, 0.438845
88, 320, 0.421686
88, 321, 0.444081
88, 322, 0.402705
88, 582, 0.444081
88, 583, 0.421686
89, 321, 0.444081
89, 323, 0.402705
89, 324, 0.421686
89, 325, 0.438845
89, 540, 0.421686
89, 541, 0.444081
90, 330, 0.402705
90, 332, 0.444081
90, 336, 0.421686
90, 338, 0.438845
90, 624, 0.444081
90, 625, 0.421686
91, 331, 0.402705
91, 332, 0.444081
91, 333, 0.421686
91, 334, 0.438845
91, 606, 0.444081
91, 609, 0.421686
92, 333, 0.464319
92, 335, 0.482636
92, 336, 0.464319
92, 337, 0.482636
92, 357, 0.489006
92, 359, 0.489006
93, 339, 0.482636
93, 341, 0.464319
93, 345, 0.464319
93, 347, 0.482636
93, 357, 0.489006
93, 358, 0.489006
94, 340, 0.438845
94, 341, 0.421686
94, 342, 0.444081
94, 343, 0.402705
94, 618, 0.444081
94, 619, 0.421686
95, 342, 0.444081
95, 344, 0.402705
95, 345, 0.421686
95, 346, 0.438845
95, 377, 0.421686
95, 378, 0.444081
96, 348, 0.482636
96, 350, 0.464319
96, 354, 0.464319
96, 356, 0.482636
96, 358, 0.489006
96, 359, 0.489006
97, 349, 0.438845
97, 350, 0.421686
97, 351, 0.444081
97, 352, 0.402705
97, 372, 0.444081
97, 374, 0.421686
98, 351, 0.444081
98, 353, 0.402705
98, 354, 0.421686
98, 355, 0.438845
98, 630, 0.421686
98, 631, 0.444081
99, 360, 0.402705
99, 362, 0.444081
99, 366, 0.421686
99, 368, 0.438845
99, 570, 0.444081
99, 571, 0.421686
100, 361, 0.402705
100, 362, 0.444081
100, 363, 0.421686
100, 364, 0.438845
100, 588, 0.444081
100, 591, 0.421686
101, 363, 0.464319
101, 365, 0.482636
101, 366, 0.464319
101, 367, 0.482636
101, 383, 0.489006
101, 385, 0.489006
102, 369, 0.482636
102, 371, 0.464319
102, 374, 0.464319
102, 375, 0.482636
102, 383, 0.489006
102, 384, 0.489006
103, 370, 0.438845
103, 371, 0.421686
103, 372, 0.444081
103, 373, 0.402705
103, 600, 0.444081
103, 601, 0.421686
104, 376, 0.482636
104, 377, 0.464319
104, 380, 0.464319
104, 382, 0.482636
104, 384, 0.489006
104, 385, 0.489006
105, 378, 0.444081
105, 379, 0.402705
105, 380, 0.421686
105, 381, 0.438845
105, 576, 0.421686
105, 577, 0.444081
106, 386, 0.402705
106, 388, 0.444081
106, 392, 0.421686
106, 394, 0.438845
106, 505, 0.444081
106, 506, 0.421686
107, 387, 0.402705
107, 388, 0.444081
107, 389, 0.421686
107, 390, 0.438845
107, 545, 0.421686
107, 546, 0.444081
108, 389, 0.464319
108, 391, 0.482636
108, 392, 0.464319
108, 393, 0.482636
108, 413, 0.489006
108, 415, 0.489006
109, 395, 0.482636
109, 397, 0.464319
109, 401, 0.464319
109, 403, 0.482636
109, 413, 0.489006
109, 414, 0.489006
110, 396, 0.438845
110, 397, 0.421686
110, 398, 0.444081
110, 399, 0.402705
110, 541, 0.444081
110, 542, 0.421686
111, 398, 0.444081
111, 400, 0.402705
111, 401, 0.421686
111, 402, 0.438845
111, 433, 0.421686
111, 434, 0.444081
112, 404, 0.482636
112, 406, 0.464319
112, 410, 0.464319
112, 412, 0.482636
112, 414, 0.489006
112, 415, 0.489006
113, 405, 0.438845
113, 406, 0.421686
113, 407, 0.444081
113, 408, 0.402705
113, 428, 0.444081
113, 430, 0.421686
114, 407, 0.444081
114, 409, 0.402705
114, 410, 0.421686
114, 411, 0.438845
114, 509, 0.421686
114, 510, 0.444081
115, 416, 0.402705
115, 418, 0.444081
115, 422, 0.421686
115, 424, 0.438845
115, 577, 0.444081
115, 578, 0.421686
116, 417, 0.402705
116, 418, 0.444081
116, 419, 0.421686
116, 420, 0.438845
116, 617, 0.421686
116, 618, 0.444081
117, 419, 0.464319
117, 421, 0.482636
117, 422, 0.464319
117, 423, 0.482636
117, 439, 0.489006
117, 441, 0.489006
118, 425, 0.482636
118, 427, 0.464319
118, 430, 0.464319
118, 431, 0.482636
118, 439, 0.489006
118, 440, 0.489006
119, 426, 0.438845
119, 427, 0.421686
119, 428, 0.444081
119, 429, 0.402705
119, 613, 0.444081
119, 614, 0.421686
120, 432, 0.482636
120, 433, 0.464319
120, 436, 0.464319
120, 438, 0.482636
120, 440, 0.489006
120, 441, 0.489006
121, 434, 0.444081
121, 435, 0.402705
121, 436, 0.421686
121, 437, 0.438845
121, 581, 0.421686
121, 582, 0.444081
122, 442, 0.402705
122, 444, 0.444081
122, 448, 0.421686
122, 450, 0.438845
122, 559, 0.444081
122, 560, 0.421686
123, 443, 0.402705
123, 444, 0.444081
123, 445, 0.421686
123, 446, 0.438845
123, 527, 0.421686
123, 528, 0.444081
124, 445, 0.464319
124, 447, 0.482636
124, 448, 0.464319
124, 449, 0.482636
124, 469, 0.489006
124, 471, 0.489006
125, 451, 0.482636
125, 453, 0.464319
125, 457, 0.464319
125, 459, 0.482636
125, 469, 0.489006
125, 470, 0.489006
126, 452, 0.438845
126, 453, 0.421686
126, 454, 0.444081
126, 455, 0.402705
126, 523, 0.444081
126, 524, 0.421686
127, 454, 0.444081
127, 456, 0.402705
127, 457, 0.421686
127, 458, 0.438845
127, 489, 0.421686
127, 490, 0.444081
128, 460, 0.482636
128, 462, 0.464319
128, 466, 0.464319
128, 468, 0.482636
128, 470, 0.489006
128, 471, 0.489006
129, 461, 0.438845
129, 462, 0.421686
129, 463, 0.444081
129, 464, 0.402705
129, 484, 0.444081
129, 486, 0.421686
130, 463, 0.444081
130, 465, 0.402705
130, 466, 0.421686
130, 467, 0.438845
130, 563, 0.421686
130, 564, 0.444081
131, 472, 0.402705
131, 474, 0.444081
131, 478, 0.421686
131, 480, 0.438845
131, 631, 0.444081
131, 632, 0.421686
132, 473, 0.402705
132, 474, 0.444081
132, 475, 0.421686
132, 476, 0.438845
132, 599, 0.421686
132, 600, 0.444081
133, 475, 0.464319
133, 477, 0.482636
133, 478, 0.464319
133, 479, 0.482636
133, 495, 0.489006
133, 497, 0.489006
134, 481, 0.482636
134, 483, 0.464319
134, 486, 0.464319
134, 487, 0.482636
134, 495, 0.489006
134, 496, 0.489006
135, 482, 0.438845
135, 483, 0.421686
135, 484, 0.444081
135, 485, 0.402705
135, 595, 0.444081
135, 596, 0.421686
136, 488, 0.482636
136, 489, 0.464319
136, 492, 0.464319
136, 494, 0.482636
136, 496, 0.489006
136, 497, 0.489006
137, 490, 0.444081
137, 491, 0.402705
137, 492, 0.421686
137, 493, 0.438845
137, 635, 0.421686
137, 636, 0.444081
138, 499, 0.464319
138, 500, 0.482636
138, 501, 0.464319
138, 502, 0.482636
138, 513, 0.489006
138, 515, 0.489006
139, 503, 0.482636
139, 504, 0.464319
139, 506, 0.464319
139, 507, 0.482636
139, 513, 0.489006
139, 514, 0.489006
140, 508, 0.482636
140, 509, 0.464319
140, 511, 0.464319
140, 512, 0.482636
140, 514, 0.489006
140, 515, 0.489006
141, 517, 0.464319
141, 518, 0.482636
141, 519, 0.464319
141, 520, 0.482636
141, 531, 0.489006
141, 533, 0.489006
142, 521, 0.482636
142, 522, 0.464319
142, 524, 0.464319
142, 525, 0.482636
142, 531, 0.489006
142, 532, 0.489006
143, 526, 0.482636
143, 527, 0.464319
143, 529, 0.464319
143, 530, 0.482636
143, 532, 0.489006
143, 533, 0.489006
144, 535, 0.464319
144, 536, 0.482636
144, 537, 0.464319
144, 538, 0.482636
144, 549, 0.489006
144, 551, 0.489006
145, 539, 0.482636
145, 540, 0.464319
145, 542, 0.464319
145, 543, 0.482636
145, 549, 0.489006
145, 550, 0.489006
146, 544, 0.482636
146, 545, 0.464319
146, 547, 0.464319
146, 548, 0.482636
146, 550, 0.489006
146, 551, 0.489006
147, 553, 0.464319
147, 554, 0.482636
147, 555, 0.464319
147, 556, 0.482636
147, 567, 0.489006
147, 569, 0.489006
148, 557, 0.482636
148, 558, 0.464319
148, 560, 0.464319
148, 561, 0.482636
148, 567, 0.489006
148, 568, 0.489006
149, 562, 0.482636
149, 563, 0.464319
149, 565, 0.464319
149, 566, 0.482636
149, 568, 0.489006
149, 569, 0.489006
150, 571, 0.464319
150, 572, 0.482636
150, 573, 0.464319
150, 574, 0.482636
150, 585, 0.489006
150, 587, 0.489006
151, 575, 0.482636
151, 576, 0.464319
151, 578, 0.464319
151, 579, 0.482636
151, 585, 0.489006
151, 586, 0.489006
152, 580, 0.482636
152, 581, 0.464319
152, 583, 0.464319
152, 584, 0.482636
152, 586, 0.489006
152, 587, 0.489006
153, 589, 0.464319
153, 590, 0.482636
153, 591, 0.464319
153, 592, 0.482636
153, 603, 0.489006
153, 605, 0.489006
154, 593, 0.482636
154, 594, 0.464319
154, 596, 0.464319
154, 597, 0.482636
154, 603, 0.489006
154, 604, 0.489006
155, 598, 0.482636
155, 599, 0.464319
155, 601, 0.464319
155, 602, 0.482636
155, 604, 0.489006
155, 605, 0.489006
156, 607, 0.464319
156, 608, 0.482636
156, 609, 0.464319
156, 610, 0.482636
156, 621, 0.489006
156, 623, 0.489006
157, 611, 0.482636
157, 612, 0.464319
157, 614, 0.464319
157, 615, 0.482636
157, 621, 0.489006
157, 622, 0.489006
158, 616, 0.482636
158, 617, 0.464319
158, 619, 0.464319
158, 620, 0.482636
158, 622, 0.489006
158, 623, 0.489006
159, 625, 0.464319
159, 626, 0.482636
159, 627, 0.464319
159, 628, 0.482636
159, 639, 0.489006
159, 641, 0.489006
160, 629, 0.482636
160, 630, 0.464319
160, 632, 0.464319
160, 633, 0.482636
160, 639, 0.489006
160, 640, 0.489006
161, 634, 0.482636
161, 635, 0.464319
161, 637, 0.464319
161, 638, 0.482636
161, 640, 0.489006
161, 641, 0.489006
162, 163, 0.420544
162, 164, 0.391001
162, 275, 0.420544
162, 552, 0.391001
163, 164, 0.391001
163, 304, 0.420544
163, 534, 0.391001
164, 165, 0.436430
164, 168, 0.436430
165, 166, 0.458024
165, 167, 0.469085
165, 168, 0.469159
166, 167, 0.445873
166, 537, 0.458024
166, 538, 0.445873
167, 171, 0.481072
167, 189, 0.480987
168, 169, 0.469085
168, 170, 0.458024
169, 170, 0.445873
169, 188, 0.481072
169, 191, 0.480987
170, 553, 0.458024
170, 554, 0.445873
171, 172, 0.445873
171, 173, 0.469085
171, 189, 0.480987
172, 173, 0.458024
172, 547, 0.458024
172, 548, 0.445873
173, 174, 0.436430
173, 177, 0.469159
174, 175, 0.391001
174, 176, 0.391001
174, 177, 0.436430
175, 176, 0.420544
175, 387, 0.420544
175, 546, 0.391001
176, 210, 0.391001
176, 211, 0.420544
177, 178, 0.458024
177, 179, 0.469085
178, 179, 0.445873
178, 208, 0.445873
178, 209, 0.458024
179, 180, 0.481072
179, 190, 0.480987
180, 181, 0.445873
180, 182, 0.469085
180, 190, 0.480987
181, 182, 0.458024
181, 206, 0.458024
181, 207, 0.445873
182, 183, 0.436430
182, 186, 0.469159
183, 184, 0.391001
183, 185, 0.391001
183, 186, 0.436430
184, 185, 0.420544
184, 204, 0.391001
184, 205, 0.420544
185, 442, 0.420544
185, 559, 0.391001
186, 187, 0.458024
186, 188, 0.469085
187, 188, 0.445873
187, 557, 0.445873
187, 558, 0.458024
188, 191, 0.480987
189, 190, 0.493941
189, 191, 0.493941
190, 191, 0.493941
192, 193, 0.420544
192, 194, 0.391001
192, 219, 0.420544
192, 498, 0.391001
193, 194, 0.391001
193, 248, 0.420544
193, 516, 0.391001
194, 195, 0.436430
194, 198, 0.436430
195, 196, 0.458024
195, 197, 0.469085
195, 198, 0.469159
196, 197, 0.445873
196, 519, 0.458024
196, 520, 0.445873
197, 201, 0.481072
197, 215, 0.480987
198, 199, 0.469085
198, 200, 0.458024
199, 200, 0.445873
199, 214, 0.481072
199, 217, 0.480987
200, 499, 0.458024
200, 500, 0.445873
201, 202, 0.445873
201, 203, 0.469085
201, 215, 0.480987
202, 203, 0.458024
202, 529, 0.458024
202, 530, 0.445873
203, 204, 0.436430
203, 206, 0.469159
204, 205, 0.391001
204, 206, 0.436430
205, 443, 0.420544
205, 528, 0.391001
206, 207, 0.469085
207, 208, 0.481072
207, 216, 0.480987
208, 209, 0.469085
208, 216, 0.480987
209, 210, 0.436430
209, 212, 0.469159
210, 211, 0.391001
210, 212, 0.436430
211, 386, 0.420544
211, 505, 0.391001
212, 213, 0.458024
212, 214, 0.469085
213, 214, 0.445873
213, 503, 0.445873
213, 504, 0.458024
214, 217, 0.480987
215, 216, 0.493941
215, 217, 0.493941
216, 217, 0.493941
218, 219, 0.420544
218, 220, 0.391001
218, 248, 0.420544
218, 249, 0.391001
219, 220, 0.391001
219, 498, 0.391001
220, 221, 0.436430
220, 224, 0.436430
221, 222, 0.458024
221, 223, 0.469085
221, 224, 0.469159
222, 223, 0.445873
222, 501, 0.458024
222, 502, 0.445873
223, 227, 0.481072
223, 245, 0.480987
224, 225, 0.469085
224, 226, 0.458024
225, 226, 0.445873
225, 244, 0.481072
225, 247, 0.480987
226, 250, 0.458024
226, 251, 0.445873
227, 228, 0.445873
227, 229, 0.469085
227, 245, 0.480987
228, 229, 0.458024
228, 511, 0.458024
228, 512, 0.445873
229, 230, 0.436430
229, 233, 0.469159
230, 231, 0.391001
230, 232, 0.391001
230, 233, 0.436430
231, 232, 0.420544
231, 409, 0.420544
231, 510, 0.391001
232, 429, 0.420544
232, 613, 0.391001
233, 234, 0.458024
233, 235, 0.469085
234, 235, 0.445873
234, 611, 0.445873
234, 612, 0.458024
235, 236, 0.481072
235, 246, 0.480987
236, 237, 0.445873
236, 238, 0.469085
236, 246, 0.480987
237, 238, 0.458024
237, 607, 0.458024
237, 608, 0.445873
238, 239, 0.436430
238, 242, 0.469159
239, 240, 0.391001
239, 241, 0.391001
239, 242, 0.436430
240, 241, 0.420544
240, 331, 0.420544
240, 606, 0.391001
241, 257, 0.391001
241, 258, 0.420544
242, 243, 0.458024
242, 244, 0.469085
243, 244, 0.445873
243, 255, 0.445873
243, 256, 0.458024
244, 247, 0.480987
245, 246, 0.493941
245, 247, 0.493941
246, 247, 0.493941
248, 249, 0.391001
248, 516, 0.391001
249, 250, 0.436430
249, 252, 0.436430
250, 251, 0.469085
250, 252, 0.469159
251, 255, 0.481072
251, 271, 0.480987
252, 253, 0.469085
252, 254, 0.458024
253, 254, 0.445873
253, 270, 0.481072
253, 273, 0.480987
254, 517, 0.458024
254, 518, 0.445873
255, 256, 0.469085
255, 271, 0.480987
256, 257, 0.436430
256, 259, 0.469159
257, 258, 0.391001
257, 259, 0.436430
258, 330, 0.420544
258, 624, 0.391001
259, 260, 0.458024
259, 261, 0.469085
260, 261, 0.445873
260, 627, 0.458024
260, 628, 0.445873
261, 262, 0.481072
261, 272, 0.480987
262, 263, 0.445873
262, 264, 0.469085
262, 272, 0.480987
263, 264, 0.458024
263, 637, 0.458024
263, 638, 0.445873
264, 265, 0.436430
264, 268, 0.469159
265, 266, 0.391001
265, 267, 0.391001
265, 268, 0.436430
266, 267, 0.420544
266, 491, 0.420544
266, 636, 0.391001
267, 455, 0.420544
267, 523, 0.391001
268, 269, 0.458024
268, 270, 0.469085
269, 270, 0.445873
269, 521, 0.445873
269, 522, 0.458024
270, 273, 0.480987
271, 272, 0.493941
271, 273, 0.493941
272, 273, 0.493941
274, 275, 0.420544
274, 276, 0.391001
274, 304, 0.420544
274, 305, 0.391001
275, 276, 0.391001
275, 552, 0.391001
276, 277, 0.436430
276, 280, 0.436430
277, 278, 0.458024
277, 279, 0.469085
277, 280, 0.469159
278, 279, 0.445873
278, 555, 0.458024
278, 556, 0.445873
279, 283, 0.481072
279, 301, 0.480987
280, 281, 0.469085
280, 282, 0.458024
281, 282, 0.445873
281, 300, 0.481072
281, 303, 0.480987
282, 306, 0.458024
282, 307, 0.445873
283, 284, 0.445873
283, 285, 0.469085
283, 301, 0.480987
284, 285, 0.458024
284, 565, 0.458024
284, 566, 0.445873
285, 286, 0.436430
285, 289, 0.469159
286, 287, 0.391001
286, 288, 0.391001
286, 289, 0.436430
287, 288, 0.420544
287, 465, 0.420544
287, 564, 0.391001
288, 485, 0.420544
288, 595, 0.391001
289, 290, 0.458024
289, 291, 0.469085
290, 291, 0.445873
290, 593, 0.445873
290, 594, 0.458024
291, 292, 0.481072
291, 302, 0.480987
292, 293, 0.445873
292, 294, 0.469085
292, 302, 0.480987
293, 294, 0.458024
293, 589, 0.458024
293, 590, 0.445873
294, 295, 0.436430
294, 298, 0.469159
295, 296, 0.391001
295, 297, 0.391001
295, 298, 0.436430
296, 297, 0.420544
296, 361, 0.420544
296, 588, 0.391001
297, 313, 0.391001
297, 314, 0.420544
298, 299, 0.458024
298, 300, 0.469085
299, 300, 0.445873
299, 311, 0.445873
299, 312, 0.458024
300, 303, 0.480987
301, 302, 0.493941
301, 303, 0.493941
302, 303, 0.493941
304, 305, 0.391001
304, 534, 0.391001
305, 306, 0.436430
305, 308, 0.436430
306, 307, 0.469085
306, 308, 0.469159
307, 311, 0.481072
307, 327, 0.480987
308, 309, 0.469085
308, 310, 0.458024
309, 310, 0.445873
309, 326, 0.481072
309, 329, 0.480987
310, 535, 0.458024
310, 536, 0.445873
311, 312, 0.469085
311, 327, 0.480987
312, 313, 0.436430
312, 315, 0.469159
313, 314, 0.391001
313, 315, 0.436430
314, 360, 0.420544
314, 570, 0.391001
315, 316, 0.458024
315, 317, 0.469085
316, 317, 0.445873
316, 573, 0.458024
316, 574, 0.445873
317, 318, 0.481072
317, 328, 0.480987
318, 319, 0.445873
318, 320, 0.469085
318, 328, 0.480987
319, 320, 0.458024
319, 583, 0.458024
319, 584, 0.445873
320, 321, 0.436430
320, 324, 0.469159
321, 322, 0.391001
321, 323, 0.391001
321, 324, 0.436430
322, 323, 0.420544
322, 435, 0.420544
322, 582, 0.391001
323, 399, 0.420544
323, 541, 0.391001
324, 325, 0.458024
324, 326, 0.469085
325, 326, 0.445873
325, 539, 0.445873
325, 540, 0.458024
326, 329, 0.480987
327, 328, 0.493941
327, 329, 0.493941
328, 329, 0.493941
330, 331, 0.420544
330, 332, 0.391001
330, 624, 0.391001
331, 332, 0.391001
331, 606, 0.391001
332, 333, 0.436430
332, 336, 0.436430
333, 334, 0.458024
333, 335, 0.469085
333, 336, 0.469159
334, 335, 0.445873
334, 609, 0.458024
334, 610, 0.445873
335, 339, 0.481072
335, 357, 0.480987
336, 337, 0.469085
336, 338, 0.458024
337, 338, 0.445873
337, 356, 0.481072
337, 359, 0.480987
338, 625, 0.458024
338, 626, 0.445873
339, 340, 0.445873
339, 341, 0.469085
339, 357, 0.480987
340, 341, 0.458024
340, 619, 0.458024
340, 620, 0.445873
341, 342, 0.436430
341, 345, 0.469159
342, 343, 0.391001
342, 344, 0.391001
342, 345, 0.436430
343, 344, 0.420544
343, 417, 0.420544
343, 618, 0.391001
344, 378, 0.391001
344, 379, 0.420544
345, 346, 0.458024
345, 347, 0.469085
346, 347, 0.445873
346, 376, 0.445873
346, 377, 0.458024
347, 348, 0.481072
347, 358, 0.480987
348, 349, 0.445873
348, 350, 0.469085
348, 358, 0.480987
349, 350, 0.458024
349, 374, 0.458024
349, 375, 0.445873
350, 351, 0.436430
350, 354, 0.469159
351, 352, 0.391001
351, 353, 0.391001
351, 354, 0.436430
352, 353, 0.420544
352, 372, 0.391001
352, 373, 0.420544
353, 472, 0.420544
353, 631, 0.391001
354, 355, 0.458024
354, 356, 0.469085
355, 356, 0.445873
355, 629, 0.445873
355, 630, 0.458024
356, 359, 0.480987
357, 358, 0.493941
357, 359, 0.493941
358, 359, 0.493941
360, 361, 0.420544
360, 362, 0.391001
360, 570, 0.391001
361, 362, 0.391001
361, 588, 0.391001
362, 363, 0.436430
362, 366, 0.436430
363, 364, 0.458024
363, 365, 0.469085
363, 366, 0.469159
364, 365, 0.445873
364, 591, 0.458024
364, 592, 0.445873
365, 369, 0.481072
365, 383, 0.480987
366, 367, 0.469085
366, 368, 0.458024
367, 368, 0.445873
367, 382, 0.481072
367, 385, 0.480987
368, 571, 0.458024
368, 572, 0.445873
369, 370, 0.445873
369, 371, 0.469085
369, 383, 0.480987
370, 371, 0.458024
370, 601, 0.458024
370, 602, 0.445873
371, 372, 0.436430
371, 374, 0.469159
372, 373, 0.391001
372, 374, 0.436430
373, 473, 0.420544
373, 600, 0.391001
374, 375, 0.469085
375, 376, 0.481072
375, 384, 0.480987
376, 377, 0.469085
376, 384, 0.480987
377, 378, 0.436430
377, 380, 0.469159
378, 379, 0.391001
378, 380, 0.436430
379, 416, 0.420544
379, 577, 0.391001
380, 381, 0.458024
380, 382, 0.469085
381, 382, 0.445873
381, 575, 0.445873
381, 576, 0.458024
382, 385, 0.480987
383, 384, 0.493941
383, 385, 0.493941
384, 385, 0.493941
386, 387, 0.420544
386, 388, 0.391001
386, 505, 0.391001
387, 388, 0.391001
387, 546, 0.391001
388, 389, 0.436430
388, 392, 0.436430
389, 390, 0.458024
389, 391, 0.469085
389, 392, 0.469159
390, 391, 0.445873
390, 544, 0.445873
390, 545, 0.458024
391, 395, 0.481072
391, 413, 0.480987
392, 393, 0.469085
392, 394, 0.458024
393, 394, 0.445873
393, 412, 0.481072
393, 415, 0.480987
394, 506, 0.458024
394, 507, 0.445873
395, 396, 0.445873
395, 397, 0.469085
395, 413, 0.480987
396, 397, 0.458024
396, 542, 0.458024
396, 543, 0.445873
397, 398, 0.436430
397, 401, 0.469159
398, 399, 0.391001
398, 400, 0.391001
398, 401, 0.436430
399, 400, 0.420544
399, 541, 0.391001
400, 434, 0.391001
400, 435, 0.420544
401, 402, 0.458024
401, 403, 0.469085
402, 403, 0.445873
402, 432, 0.445873
402, 433, 0.458024
403, 404, 0.481072
403, 414, 0.480987
404, 405, 0.445873
404, 406, 0.469085
404, 414, 0.480987
405, 406, 0.458024
405, 430, 0.458024
405, 431, 0.445873
406, 407, 0.436430
406, 410, 0.469159
407, 408, 0.391001
407, 409, 0.391001
407, 410, 0.436430
408, 409, 0.420544
408, 428, 0.391001
408, 429, 0.420544
409, 510, 0.391001
410, 411, 0.458024
410, 412, 0.469085
411, 412, 0.445873
411, 508, 0.445873
411, 509, 0.458024
412, 415, 0.480987
413, 414, 0.493941
413, 415, 0.493941
414, 415, 0.493941
416, 417, 0.420544
416, 418, 0.391001
416, 577, 0.391001
417, 418, 0.391001
417, 618, 0.391001
418, 419, 0.436430
418, 422, 0.436430
419, 420, 0.458024
419, 421, 0.469085
419, 422, 0.469159
420, 421, 0.445873
420, 616, 0.445873
420, 617, 0.458024
421, 425, 0.481072
421, 439, 0.480987
422, 423, 0.469085
422, 424, 0.458024
423, 424, 0.445873
423, 438, 0.481072
423, 441, 0.480987
424, 578, 0.458024
424, 579, 0.445873
425, 426, 0.445873
425, 427, 0.469085
425, 439, 0.480987
426, 427, 0.458024
426, 614, 0.458024
426, 615, 0.445873
427, 428, 0.436430
427, 430, 0.469159
428, 429, 0.391001
428, 430, 0.436430
429, 613, 0.391001
430, 431, 0.469085
431, 432, 0.481072
431, 440, 0.480987
432, 433, 0.469085
432, 440, 0.480987
433, 434, 0.436430
433, 436, 0.469159
434, 435, 0.391001
434, 436, 0.436430
435, 582, 0.391001
436, 437, 0.458024
436, 438, 0.469085
437, 438, 0.445873
437, 580, 0.445873
437, 581, 0.458024
438, 441, 0.480987
439, 440, 0.493941
439, 441, 0.493941
440, 441, 0.493941
442, 443, 0.420544
442, 444, 0.391001
442, 559, 0.391001
443, 444, 0.391001
443, 528, 0.391001
444, 445, 0.436430
444, 448, 0.436430
445, 446, 0.458024
445, 447, 0.469085
445, 448, 0.469159
446, 447, 0.445873
446, 526, 0.445873
446, 527, 0.458024
447, 451, 0.481072
447, 469, 0.480987
448, 449, 0.469085
448, 450, 0.458024
449, 450, 0.445873
449, 468, 0.481072
449, 471, 0.480987
450, 560, 0.458024
450, 561, 0.445873
451, 452, 0.445873
451, 453, 0.469085
451, 469, 0.480987
452, 453, 0.458024
452, 524, 0.458024
452, 525, 0.445873
453, 454, 0.436430
453, 457, 0.469159
454, 455, 0.391001
454, 456, 0.391001
454, 457, 0.436430
455, 456, 0.420544
455, 523, 0.391001
456, 490, 0.391001
456, 491, 0.420544
457, 458, 0.458024
457, 459, 0.469085
458, 459, 0.445873
458, 488, 0.445873
458, 489, 0.458024
459, 460, 0.481072
459, 470, 0.480987
460, 461, 0.445873
460, 462, 0.469085
460, 470, 0.480987
461, 462, 0.458024
461, 486, 0.458024
461, 487, 0.445873
462, 463, 0.436430
462, 466, 0.469159
463, 464, 0.391001
463, 465, 0.391001
463, 466, 0.436430
464, 465, 0.420544
464, 484, 0.391001
464, 485, 0.420544
465, 564, 0.391001
466, 467, 0.458024
466, 468, 0.469085
467, 468, 0.445873
467, 562, 0.445873
467, 563, 0.458024
468, 471, 0.480987
469, 470, 0.493941
469, 471, 0.493941
470, 471, 0.493941
472, 473, 0.420544
472, 474, 0.391001
472, 631, 0.391001
473, 474, 0.391001
473, 600, 0.391001
474, 475, 0.436430
474, 478, 0.436430
475, 476, 0.458024
475, 477, 0.469085
475, 478, 0.469159
476, 477, 0.445873
476, 598, 0.445873
476, 599, 0.458024
477, 481, 0.481072
477, 495, 0.480987
478, 479, 0.469085
478, 480, 0.458024
479, 480, 0.445873
479, 494, 0.481072
479, 497, 0.480987
480, 632, 0.458024
480, 633, 0.445873
481, 482, 0.445873
481, 483, 0.469085
481, 495, 0.480987
482, 483, 0.458024
482, 596, 0.458024
482, 597, 0.445873
483, 484, 0.436430
483, 486, 0.469159
484, 485, 0.391001
484, 486, 0.436430
485, 595, 0.391001
486, 487, 0.469085
487, 488, 0.481072
487, 496, 0.480987
488, 489, 0.469085
488, 496, 0.480987
489, 490, 0.436430
489, 492, 0.469159
490, 491, 0.391001
490, 492, 0.436430
491, 636, 0.391001
492, 493, 0.458024
492, 494, 0.469085
493, 494, 0.445873
493, 634, 0.445873
493, 635, 0.458024
494, 497, 0.480987
495, 496, 0.493941
495, 497, 0.493941
496, 497, 0.493941
498, 499, 0.436430
498, 501, 0.436430
499, 500, 0.469085
499, 501, 0.469159
500, 503, 0.481072
500, 513, 0.480987
501, 502, 0.469085
502, 512, 0.481072
502, 515, 0.480988
503, 504, 0.469085
503, 513, 0.480987
504, 505, 0.436430
504, 506, 0.469160
505, 506, 0.436430
506, 507, 0.469085
507, 508, 0.481072
507, 514, 0.480987
508, 509, 0.469085
508, 514, 0.480988
509, 510, 0.436430
509, 511, 0.469160
510, 511, 0.436431
511, 512, 0.469085
512, 515, 0.480987
513, 514, 0.493941
513, 515, 0.493941
514, 515, 0.493941
516, 517, 0.436430
516, 519, 0.436430
517, 518, 0.469085
517, 519, 0.469159
518, 521, 0.481072
518, 531, 0.480988
519, 520, 0.469085
520, 530, 0.481072
520, 533, 0.480987
521, 522, 0.469085
521, 531, 0.480987
522, 523, 0.436431
522, 524, 0.469160
523, 524, 0.436430
524, 525, 0.469085
525, 526, 0.481072
525, 532, 0.480988
526, 527, 0.469085
526, 532, 0.480987
527, 528, 0.436430
527, 529, 0.469160
528, 529, 0.436430
529, 530, 0.469085
530, 533, 0.480987
531, 532, 0.493941
531, 533, 0.493941
532, 533, 0.493941
534, 535, 0.436430
534, 537, 0.436430
535, 536, 0.469085
535, 537, 0.469159
536, 539, 0.481072
536, 549, 0.480988
537, 538, 0.469085
538, 548, 0.481072
538, 551, 0.480987
539, 540, 0.469085
539, 549, 0.480987
540, 541, 0.436431
540, 542, 0.469160
541, 542, 0.436430
542, 543, 0.469085
543, 544, 0.481072
543, 550, 0.480988
544, 545, 0.469085
544, 550, 0.480987
545, 546, 0.436430
545, 547, 0.469160
546, 547, 0.436430
547, 548, 0.469085
548, 551, 0.480987
549, 550, 0.493941
549, 551, 0.493941
550, 551, 0.493941
552, 553, 0.436430
552, 555, 0.436430
553, 554, 0.469085
553, 555, 0.469159
554, 557, 0.481072
554, 567, 0.480987
555, 556, 0.469085
556, 566, 0.481072
556, 569, 0.480988
557, 558, 0.469085
557, 567, 0.480987
558, 559, 0.436430
558, 560, 0.469160
559, 560, 0.436430
560, 561, 0.469085
561, 562, 0.481072
561, 568, 0.480987
562, 563, 0.469085
562, 568, 0.480988
563, 564, 0.436430
563, 565, 0.469160
564, 565, 0.436431
565, 566, 0.469085
566, 569, 0.480987
567, 568, 0.493941
567, 569, 0.493941
568, 569, 0.493941
570, 571, 0.436430
570, 573, 0.436430
571, 572, 0.469085
571, 573, 0.469159
572, 575, 0.481072
572, 585, 0.480987
573, 574, 0.469085
574, 584, 0.481072
574, 587, 0.480988
575, 576, 0.469085
575, 585, 0.480987
576, 577, 0.436430
576, 578, 0.469160
577, 578, 0.436430
578, 579, 0.469085
579, 580, 0.481072
579, 586, 0.480987
580, 581, 0.469085
580, 586, 0.480988
581, 582, 0.436430
581, 583, 0.469160
582, 583, 0.436431
583, 584, 0.469085
584, 587, 0.480987
585, 586, 0.493941
585, 587, 0.493941
586, 587, 0.493941
588, 589, 0.436430
588, 591, 0.436430
589, 590, 0.469085
589, 591, 0.469159
590, 593, 0.481072
590, 603, 0.480988
591, 592, 0.469085
592, 602, 0.481072
592, 605, 0.480987
593, 594, 0.469085
593, 603, 0.480987
594, 595, 0.436431
594, 596, 0.469160
595, 596, 0.436430
596, 597, 0.469085
597, 598, 0.481072
597, 604, 0.480988
598, 599, 0.469085
598, 604, 0.480987
599, 600, 0.436430
599, 601, 0.469160
600, 601, 0.436430
601, 602, 0.469085
602, 605, 0.480987
603, 604, 0.493941
603, 605, 0.493941
604, 605, 0.493941
606, 607, 0.436430
606, 609, 0.436430
607, 608, 0.469085
607, 609, 0.469159
608, 611, 0.481072
608, 621, 0.480988
609, 610, 0.469085
610, 620, 0.481072
610, 623, 0.480987
611, 612, 0.469085
611, 621, 0.480987
612, 613, 0.436431
612, 614, 0.469160
613, 614, 0.436430
614, 615, 0.469085
615, 616, 0.481072
615, 622, 0.480988
616, 617, 0.469085
616, 622, 0.480987
617, 618, 0.436430
617, 619, 0.469160
618, 619, 0.436430
619, 620, 0.469085
620, 623, 0.480987
621, 622, 0.493941
621, 623, 0.493941
622, 623, 0.493941
624, 625, 0.436430
624, 627, 0.436430
625, 626, 0.469085
625, 627, 0.469159
626, 629, 0.481072
626, 639, 0.480987
627, 628, 0.469085
628, 638, 0.481072
628, 641, 0.480988
629, 630, 0.469085
629, 639, 0.480987
630, 631, 0.436430
630, 632, 0.469160
631, 632, 0.436430
632, 633, 0.469085
633, 634, 0.481072
633, 640, 0.480987
634, 635, 0.469085
634, 640, 0.480988
635, 636, 0.436430
635, 637, 0.469160
636, 637, 0.436431
637, 638, 0.469085
638, 641, 0.480987
639, 640, 0.493941
639, 641, 0.493941
640, 641, 0.493941
