source_idx: 94
h_value: 1.200673

points:
0.000000, 4.205849, -6.805207, 18.306477
0.000000, 4.205849, 6.805207, 14.597297
0.000000, -4.205849, 6.805207, 6.826264
-4.205849, 6.805207, 0.000000, 16.776381
-4.205849, -6.805207, 0.000000, 2.030926
4.205849, 6.805207, 0.000000, 23.101815
4.205849, -6.805207, 0.000000, 8.356360
0.000000, -4.205849, -6.805207, 10.535445
6.805207, 0.000000, 4.205849, 14.597297
-6.805207, 0.000000, 4.205849, 8.356360
-6.805207, 0.000000, -4.205849, 10.535444
6.805207, 0.000000, -4.205849, 16.776381
2.472136, 6.472136, -4.000000, 22.735072
-2.472136, 6.472136, -4.000000, 18.567241
0.000000, 8.000000, 0.000000, 20.914643
-2.472136, 6.472136, 4.000000, 16.236683
2.472136, 6.472136, 4.000000, 18.957314
0.000000, 0.000000, 8.000000, 10.636873
-4.000000, 2.472136, 6.472136, 11.381071
-4.000000, -2.472136, 6.472136, 6.565500
4.000000, 2.472136, 6.472136, 14.964039
4.000000, -2.472136, 6.472136, 10.636873
0.000000, 0.000000, -8.000000, 14.495868
4.000000, 2.472136, -6.472136, 18.567241
4.000000, -2.472136, -6.472136, 13.751670
-4.000000, 2.472136, -6.472136, 14.495868
-4.000000, -2.472136, -6.472136, 10.168702
2.472136, -6.472136, 4.000000, 6.565500
-2.472136, -6.472136, 4.000000, 2.397669
0.000000, -8.000000, 0.000000, 4.218099
-2.472136, -6.472136, -4.000000, 6.175427
2.472136, -6.472136, -4.000000, 8.896058
-6.472136, 4.000000, 2.472136, 12.566371
-6.472136, 4.000000, -2.472136, 13.751670
-8.000000, 0.000000, 0.000000, 8.896058
-6.472136, -4.000000, -2.472136, 6.175427
-6.472136, -4.000000, 2.472136, 4.218098
6.472136, 4.000000, -2.472136, 20.914643
6.472136, 4.000000, 2.472136, 18.957314
8.000000, 0.000000, 0.000000, 16.236683
6.472136, -4.000000, 2.472136, 11.381071
6.472136, -4.000000, -2.472136, 12.566371
1.180967, 5.453746, -5.732535, 20.337404
-1.180967, 5.453746, -5.732535, 18.712761
0.000000, 6.805206, -4.205849, 20.859451
-1.299679, 7.608452, -2.102924, 20.156964
-3.542902, 6.913502, -1.910845, 17.792116
-2.361934, 7.643380, 0.000000, 18.712761
1.299679, 7.608452, -2.102924, 22.767894
2.361934, 7.643380, 0.000000, 22.762143
3.542902, 6.913502, -1.910845, 25.132741
-1.180967, 5.453746, 5.732535, 15.449163
1.180967, 5.453746, 5.732535, 16.602212
0.000000, 6.805206, 4.205849, 17.810295
1.299679, 7.608452, 2.102924, 20.414342
3.542902, 6.913502, 1.910845, 21.273746
-1.299679, 7.608452, 2.102924, 18.626920
-3.542902, 6.913502, 1.910845, 16.696544
0.000000, 2.361934, 7.643380, 12.781887
-1.910845, 3.542902, 6.913502, 13.131001
-2.102924, 1.299679, 7.608452, 10.929512
-4.205849, 0.000000, 6.805206, 8.957093
-5.732535, 1.180967, 5.453746, 9.683579
-5.732535, -1.180967, 5.453746, 7.340625
-2.102924, -1.299679, 7.608452, 8.524844
-1.910845, -3.542902, 6.913502, 6.419980
0.000000, -2.361934, 7.643380, 8.530529
1.910845, 3.542902, 6.913502, 14.854068
2.102924, 1.299679, 7.608452, 12.803557
2.102924, -1.299679, 7.608452, 10.535444
1.910845, -3.542902, 6.913502, 8.530529
4.205849, 0.000000, 6.805206, 12.803557
5.732535, -1.180967, 5.453746, 12.781887
5.732535, 1.180967, 5.453746, 14.854068
0.000000, 2.361934, -7.643380, 16.602212
1.910845, 3.542902, -6.913502, 18.712761
2.102924, 1.299679, -7.608452, 16.607897
4.205849, 0.000000, -6.805206, 16.175648
5.732535, 1.180967, -5.453746, 17.792116
5.732535, -1.180967, -5.453746, 15.449163
2.102924, -1.299679, -7.608452, 14.203230
1.910845, -3.542902, -6.913502, 12.001741
0.000000, -2.361934, -7.643380, 12.350854
-1.910845, 3.542902, -6.913502, 16.602212
-2.102924, 1.299679, -7.608452, 14.597297
-2.102924, -1.299679, -7.608452, 12.329184
-1.910845, -3.542902, -6.913502, 10.278673
-4.205849, 0.000000, -6.805206, 12.329184
-5.732535, -1.180967, -5.453746, 10.278673
-5.732535, 1.180967, -5.453746, 12.350854
1.180967, -5.453746, 5.732535, 6.419980
-1.180967, -5.453746, 5.732535, 4.795338
0.000000, -6.805206, 4.205849, 4.273291
-1.299679, -7.608452, 2.102924, 2.364848
-3.542902, -6.913502, 1.910845, 0.000000
-2.361934, -7.643380, 0.000000, 2.370598
1.299679, -7.608452, 2.102924, 4.975777
2.361934, -7.643380, 0.000000, 6.419980
3.542902, -6.913502, 1.910845, 7.340625
-1.180967, -5.453746, -5.732535, 8.530529
1.180967, -5.453746, -5.732535, 9.683579
0.000000, -6.805206, -4.205849, 7.322446
1.299679, -7.608452, -2.102924, 6.505821
3.542902, -6.913502, -1.910845, 8.436197
-1.299679, -7.608452, -2.102924, 4.718400
-3.542902, -6.913502, -1.910845, 3.858995
-5.453746, 5.732535, 1.180967, 14.854068
-5.453746, 5.732535, -1.180967, 15.449163
-6.805206, 4.205849, 0.000000, 13.187867
-7.608452, 2.102924, -1.299679, 11.319587
-6.913502, 1.910845, -3.542902, 12.001741
-7.643380, 0.000000, -2.361934, 9.683578
-7.608452, 2.102924, 1.299679, 10.686504
-7.643380, 0.000000, 2.361934, 8.436197
-6.913502, 1.910845, 3.542902, 10.278673
-5.453746, -5.732535, -1.180967, 3.858995
-5.453746, -5.732535, 1.180967, 2.370598
-6.805206, -4.205849, 0.000000, 4.718400
-7.608452, -2.102924, 1.299679, 6.505821
-6.913502, -1.910845, 3.542902, 6.419980
-7.608452, -2.102924, -1.299679, 7.322446
-6.913502, -1.910845, -3.542902, 8.530529
5.453746, 5.732535, -1.180967, 22.762143
5.453746, 5.732535, 1.180967, 21.273746
6.805206, 4.205849, 0.000000, 20.414341
7.608452, 2.102924, 1.299679, 17.810295
6.913502, 1.910845, 3.542902, 16.602212
7.643380, 0.000000, 2.361934, 15.449163
7.608452, 2.102924, -1.299679, 18.626920
7.643380, 0.000000, -2.361934, 16.696544
6.913502, 1.910845, -3.542902, 18.712761
5.453746, -5.732535, 1.180967, 9.683578
5.453746, -5.732535, -1.180967, 10.278673
6.805206, -4.205849, 0.000000, 11.944875
7.608452, -2.102924, -1.299679, 14.446237
6.913502, -1.910845, -3.542902, 14.854068
7.608452, -2.102924, 1.299679, 13.813154
6.913502, -1.910845, 3.542902, 13.131001
-3.402603, 4.702282, 5.505527, 13.813154
-4.702282, 5.505527, 3.402603, 14.446237
-5.505527, 3.402603, 4.702282, 11.944874
3.402603, 4.702282, 5.505527, 17.053484
5.505527, 3.402603, 4.702282, 17.053484
4.702282, 5.505527, 3.402603, 19.392634
-3.402603, 4.702282, -5.505527, 16.607897
-5.505527, 3.402603, -4.702282, 14.203230
-4.702282, 5.505527, -3.402603, 16.175648
3.402603, 4.702282, -5.505527, 20.859451
4.702282, 5.505527, -3.402603, 22.767894
5.505527, 3.402603, -4.702282, 20.156964
-3.402603, -4.702282, -5.505527, 8.079257
-4.702282, -5.505527, -3.402603, 5.740107
-5.505527, -3.402603, -4.702282, 8.079257
3.402603, -4.702282, -5.505527, 11.319587
5.505527, -3.402603, -4.702282, 13.187867
4.702282, -5.505527, -3.402603, 10.686505
-3.402603, -4.702282, 5.505527, 4.273291
-5.505527, -3.402603, 4.702282, 4.975777
-4.702282, -5.505527, 3.402603, 2.364848
3.402603, -4.702282, 5.505527, 8.524844
4.702282, -5.505527, 3.402603, 8.957093
5.505527, -3.402603, 4.702282, 10.929512
0.560725, 4.832348, -6.350906, 19.262715
-0.560725, 4.832348, -6.350906, 18.554859
0.000000, 5.514160, -5.796037, 19.580954
-0.625546, 6.164192, -5.060772, 19.753784
-1.832359, 6.018751, -4.941366, 18.727818
-1.282860, 6.717140, -4.151421, 19.705076
0.625546, 6.164192, -5.060772, 20.718698
1.282860, 6.717140, -4.151421, 21.922751
1.832359, 6.018751, -4.941366, 21.508702
-1.924290, 7.113566, -3.113566, 19.410008
-3.053932, 6.773725, -2.964819, 18.239505
-2.502183, 7.324018, -2.024309, 18.917540
-2.985123, 7.359067, -0.966006, 18.317430
-3.925076, 6.911631, -0.907272, 17.286968
-3.364351, 7.258178, 0.000000, 17.692506
-1.876638, 7.710628, -1.012155, 19.463798
-1.221573, 7.906185, 0.000000, 19.806433
-0.641430, 7.906416, -1.037855, 20.687540
0.641430, 7.906416, -1.037855, 21.922751
1.221573, 7.906185, 0.000000, 21.945424
1.876638, 7.710628, -1.012155, 23.072917
2.985123, 7.359067, -0.966006, 23.947442
3.364351, 7.258178, 0.000000, 23.178008
3.925076, 6.911631, -0.907272, 24.058053
2.502183, 7.324018, -2.024309, 24.007317
3.053932, 6.773725, -2.964819, 23.961443
1.924290, 7.113566, -3.113566, 23.100842
-0.658589, 7.303860, -3.196856, 20.663651
0.000000, 7.710889, -2.131238, 21.462429
0.658589, 7.303860, -3.196856, 21.929329
-0.560725, 4.832348, 6.350906, 15.015217
0.560725, 4.832348, 6.350906, 15.541937
0.000000, 5.514160, 5.796037, 16.056927
0.625546, 6.164192, 5.060772, 17.219607
1.832359, 6.018751, 4.941366, 17.755135
1.282860, 6.717140, 4.151421, 18.468930
-0.625546, 6.164192, 5.060772, 16.572971
-1.282860, 6.717140, 4.151421, 17.041250
-1.832359, 6.018751, 4.941366, 15.868955
1.924290, 7.113566, 3.113566, 19.749253
3.053932, 6.773725, 2.964819, 20.150499
2.502183, 7.324018, 2.024309, 20.995703
2.985123, 7.359067, 0.966006, 22.151414
3.925076, 6.911631, 0.907272, 22.273636
1.876638, 7.710628, 1.012155, 21.647534
0.641430, 7.906416, 1.037855, 20.826624
-0.641430, 7.906416, 1.037855, 19.821388
-1.876638, 7.710628, 1.012155, 18.756369
-2.985123, 7.359067, 0.966006, 17.722984
-3.925076, 6.911631, 0.907272, 16.775927
-2.502183, 7.324018, 2.024309, 17.636769
-3.053932, 6.773725, 2.964819, 16.518282
-1.924290, 7.113566, 3.113566, 17.408160
0.658589, 7.303860, 3.196856, 19.112923
0.000000, 7.710889, 2.131238, 19.588641
-0.658589, 7.303860, 3.196856, 18.301900
0.000000, 3.364351, 7.258178, 13.744397
-0.907272, 3.925076, 6.911631, 13.912031
-0.966006, 2.985123, 7.359067, 12.960674
-2.024309, 2.502183, 7.324018, 12.082558
-2.964819, 3.053932, 6.773725, 12.274526
-3.113566, 1.924289, 7.113565, 11.143836
-1.012154, 1.876637, 7.710627, 11.897386
-1.037855, 0.641430, 7.906416, 10.757185
0.000000, 1.221573, 7.906185, 11.732091
-4.151421, 1.282860, 6.717140, 10.197604
-4.941366, 1.832359, 6.018751, 10.501048
-5.060772, 0.625546, 6.164192, 9.303682
-5.796037, 0.000000, 5.514160, 8.510963
-6.350906, 0.560725, 4.832348, 8.963575
-6.350906, -0.560725, 4.832348, 7.845773
-5.060772, -0.625546, 6.164192, 8.080847
-4.941366, -1.832359, 6.018751, 6.893236
-4.151421, -1.282860, 6.717140, 7.724581
-3.113566, -1.924289, 7.113565, 7.491928
-2.964819, -3.053932, 6.773725, 6.404923
-2.024309, -2.502183, 7.324018, 7.408068
-0.966006, -2.985123, 7.359067, 7.461687
-0.907272, -3.925076, 6.911631, 6.577882
0.000000, -3.364351, 7.258178, 7.615206
-1.012154, -1.876637, 7.710627, 8.479125
0.000000, -1.221573, 7.906185, 9.551400
-1.037855, -0.641430, 7.906416, 9.596166
-3.196856, 0.658589, 7.303860, 9.927588
-3.196856, -0.658589, 7.303860, 8.686581
-2.131238, 0.000000, 7.710889, 9.721131
0.907272, 3.925076, 6.911631, 14.735779
0.966006, 2.985123, 7.359067, 13.821271
1.012154, 1.876637, 7.710627, 12.794688
1.037855, 0.641430, 7.906416, 11.690070
2.024309, 2.502183, 7.324018, 13.881754
3.113566, 1.924289, 7.113565, 13.915470
2.964819, 3.053932, 6.773725, 14.935065
1.037855, -0.641430, 7.906416, 10.562295
1.012154, -1.876637, 7.710627, 9.474740
0.966006, -2.985123, 7.359067, 8.481517
0.907272, -3.925076, 6.911631, 7.615206
2.024309, -2.502183, 7.324018, 9.474741
2.964819, -3.053932, 6.773725, 9.551400
3.113566, -1.924289, 7.113565, 10.562295
4.151421, -1.282860, 6.717140, 11.690070
4.941366, -1.832359, 6.018751, 11.732091
5.060772, -0.625546, 6.164192, 12.794688
5.796037, 0.000000, 5.514160, 13.821271
6.350906, -0.560725, 4.832348, 13.744397
6.350906, 0.560725, 4.832348, 14.735779
5.060772, 0.625546, 6.164192, 13.881754
4.941366, 1.832359, 6.018751, 14.935065
4.151421, 1.282860, 6.717140, 13.915470
2.131238, 0.000000, 7.710889, 11.666530
3.196856, -0.658589, 7.303860, 11.666530
3.196856, 0.658589, 7.303860, 12.806751
0.000000, 3.364351, -7.258178, 17.517535
0.907272, 3.925076, -6.911631, 18.554859
0.966006, 2.985123, -7.359067, 17.671054
2.024309, 2.502183, -7.324018, 17.724673
2.964819, 3.053932, -6.773725, 18.727818
3.113566, 1.924289, -7.113565, 17.640813
1.012154, 1.876637, -7.710627, 16.653616
1.037855, 0.641430, -7.906416, 15.536576
0.000000, 1.221573, -7.906185, 15.581341
4.151421, 1.282860, -6.717140, 17.408160
4.941366, 1.832359, -6.018751, 18.239505
5.060772, 0.625546, -6.164192, 17.051895
5.796037, 0.000000, -5.514160, 16.621778
6.350906, 0.560725, -4.832348, 17.286968
6.350906, -0.560725, -4.832348, 16.169166
5.060772, -0.625546, -6.164192, 15.829059
4.941366, -1.832359, -6.018751, 14.631693
4.151421, -1.282860, -6.717140, 14.935137
3.113566, -1.924289, -7.113565, 13.988905
2.964819, -3.053932, -6.773725, 12.858215
2.024309, -2.502183, -7.324018, 13.050183
0.966006, -2.985123, -7.359067, 12.172067
0.907272, -3.925076, -6.911631, 11.220711
0.000000, -3.364351, -7.258178, 11.388344
1.012154, -1.876637, -7.710627, 13.235355
0.000000, -1.221573, -7.906185, 13.400651
1.037855, -0.641430, -7.906416, 14.375556
3.196856, 0.658589, -7.303860, 16.446160
3.196856, -0.658589, -7.303860, 15.205153
2.131238, 0.000000, -7.710889, 15.411610
-0.907272, 3.925076, -6.911631, 17.517535
-0.966006, 2.985123, -7.359067, 16.651225
-1.012154, 1.876637, -7.710627, 15.658001
-1.037855, 0.641430, -7.906416, 14.570447
-2.024309, 2.502183, -7.324018, 15.658001
-3.113566, 1.924289, -7.113565, 14.570447
-2.964819, 3.053932, -6.773725, 15.581341
-1.037855, -0.641430, -7.906416, 13.442671
-1.012154, -1.876637, -7.710627, 12.338054
-0.966006, -2.985123, -7.359067, 11.311470
-0.907272, -3.925076, -6.911631, 10.396962
-2.024309, -2.502183, -7.324018, 11.250987
-2.964819, -3.053932, -6.773725, 10.197676
-3.113566, -1.924289, -7.113565, 11.217271
-4.151421, -1.282860, -6.717140, 11.217271
-4.941366, -1.832359, -6.018751, 10.197676
-5.060772, -0.625546, -6.164192, 11.250987
-5.796037, 0.000000, -5.514160, 11.311470
-6.350906, -0.560725, -4.832348, 10.396962
-6.350906, 0.560725, -4.832348, 11.388344
-5.060772, 0.625546, -6.164192, 12.338054
-4.941366, 1.832359, -6.018751, 13.400650
-4.151421, 1.282860, -6.717140, 13.442671
-2.131238, 0.000000, -7.710889, 13.466211
-3.196856, -0.658589, -7.303860, 12.325990
-3.196856, 0.658589, -7.303860, 13.466211
0.560725, -4.832348, 6.350906, 6.577882
-0.560725, -4.832348, 6.350906, 5.870026
0.000000, -5.514160, 5.796037, 5.551787
-0.625546, -6.164192, 5.060772, 4.414043
-1.832359, -6.018751, 4.941366, 3.624039
-1.282860, -6.717140, 4.151421, 3.209990
0.625546, -6.164192, 5.060772, 5.378957
1.282860, -6.717140, 4.151421, 5.427665
1.832359, -6.018751, 4.941366, 6.404923
-1.924290, -7.113566, 3.113566, 2.031899
-3.053932, -6.773725, 2.964819, 1.171299
-2.502183, -7.324018, 2.024309, 1.125424
-2.985123, -7.359067, 0.966006, 1.185299
-3.925076, -6.911631, 0.907272, 1.074688
-3.364351, -7.258178, 0.000000, 1.954734
-1.876638, -7.710628, 1.012155, 2.059824
-1.221573, -7.906185, 0.000000, 3.187317
-0.641430, -7.906416, 1.037855, 3.209990
0.641430, -7.906416, 1.037855, 4.445201
1.221573, -7.906185, 0.000000, 5.326308
1.876638, -7.710628, 1.012155, 5.668943
2.985123, -7.359067, 0.966006, 6.815311
3.364351, -7.258178, 0.000000, 7.440235
3.925076, -6.911631, 0.907272, 7.845773
2.502183, -7.324018, 2.024309, 6.215201
3.053932, -6.773725, 2.964819, 6.893236
1.924290, -7.113566, 3.113566, 5.722733
-0.658589, -7.303860, 3.196856, 3.203413
0.000000, -7.710889, 2.131238, 3.670312
0.658589, -7.303860, 3.196856, 4.469090
-0.560725, -4.832348, -6.350906, 9.590805
0.560725, -4.832348, -6.350906, 10.117524
0.000000, -5.514160, -5.796037, 9.075814
0.625546, -6.164192, -5.060772, 8.559770
1.832359, -6.018751, -4.941366, 9.263786
1.282860, -6.717140, -4.151421, 8.091492
-0.625546, -6.164192, -5.060772, 7.913134
-1.282860, -6.717140, -4.151421, 6.663811
-1.832359, -6.018751, -4.941366, 7.377606
1.924290, -7.113566, -3.113566, 7.724581
3.053932, -6.773725, -2.964819, 8.614459
2.502183, -7.324018, -2.024309, 7.495973
2.985123, -7.359067, -0.966006, 7.409757
3.925076, -6.911631, -0.907272, 8.356814
1.876638, -7.710628, -1.012155, 6.376373
0.641430, -7.906416, -1.037855, 5.311353
-0.641430, -7.906416, -1.037855, 4.306117
-1.876638, -7.710628, -1.012155, 3.485207
-2.985123, -7.359067, -0.966006, 2.981327
-3.925076, -6.911631, -0.907272, 2.859106
-2.502183, -7.324018, -2.024309, 4.137039
-3.053932, -6.773725, -2.964819, 4.982242
-1.924290, -7.113566, -3.113566, 5.383488
0.658589, -7.303860, -3.196856, 6.830842
0.000000, -7.710889, -2.131238, 5.544101
-0.658589, -7.303860, -3.196856, 6.019818
-4.832348, 6.350906, 0.560725, 15.874198
-4.832348, 6.350906, -0.560725, 16.169166
-5.514160, 5.796037, 0.000000, 15.179436
-6.164192, 5.060772, -0.625546, 14.374713
-6.018751, 4.941366, -1.832359, 14.631693
-6.717140, 4.151421, -1.282860, 13.487661
-6.164192, 5.060772, 0.625546, 14.069348
-6.717140, 4.151421, 1.282860, 12.872864
-6.018751, 4.941366, 1.832359, 13.737669
-7.113565, 3.113566, -1.924289, 12.566371
-6.773725, 2.964819, -3.053932, 12.858215
-7.324018, 2.024309, -2.502183, 11.667993
-7.359067, 0.966006, -2.985123, 10.841812
-6.911631, 0.907272, -3.925076, 11.220710
-7.258178, 0.000000, -3.364351, 10.117524
-7.710628, 1.012155, -1.876638, 10.449958
-7.906185, 0.000000, -1.221573, 9.263786
-7.906416, 1.037855, -0.641430, 10.074947
-7.906416, 1.037855, 0.641430, 9.750842
-7.906185, 0.000000, 1.221573, 8.614459
-7.710628, 1.012155, 1.876638, 9.503810
-7.359067, 0.966006, 2.985123, 9.342565
-7.258178, 0.000000, 3.364351, 8.356814
-6.911631, 0.907272, 3.925076, 9.258543
-7.324018, 2.024309, 2.502183, 10.449958
-6.773725, 2.964819, 3.053932, 11.395072
-7.113565, 3.113566, 1.924289, 11.645081
-7.303859, 3.196856, -0.658589, 12.251674
-7.710889, 2.131238, 0.000000, 10.982977
-7.303859, 3.196856, 0.658589, 11.936490
-4.832348, -6.350906, -0.560725, 2.859105
-4.832348, -6.350906, 0.560725, 1.954733
-5.514160, -5.796037, 0.000000, 2.981327
-6.164192, -5.060772, 0.625546, 3.485207
-6.018751, -4.941366, 1.832359, 3.187317
-6.717140, -4.151421, 1.282860, 4.306117
-6.164192, -5.060772, -0.625546, 4.137038
-6.717140, -4.151421, -1.282860, 5.383488
-6.018751, -4.941366, -1.832359, 4.982242
-7.113565, -3.113566, 1.924289, 5.311353
-6.773725, -2.964819, 3.053932, 5.326308
-7.324018, -2.024309, 2.502183, 6.376372
-7.359067, -0.966006, 2.985123, 7.409757
-6.911631, -0.907272, 3.925076, 7.440235
-7.710628, -1.012155, 1.876638, 7.495972
-7.906416, -1.037855, 0.641430, 7.724581
-7.906416, -1.037855, -0.641430, 8.091492
-7.710628, -1.012155, -1.876638, 8.559770
-7.359067, -0.966006, -2.985123, 9.075814
-6.911631, -0.907272, -3.925076, 9.590804
-7.324018, -2.024309, -2.502183, 7.913134
-6.773725, -2.964819, -3.053932, 7.377606
-7.113565, -3.113566, -1.924289, 6.663811
-7.303859, -3.196856, 0.658589, 5.544100
-7.710889, -2.131238, 0.000000, 6.830841
-7.303859, -3.196856, -0.658589, 6.019818
4.832348, 6.350906, -0.560725, 23.178008
4.832348, 6.350906, 0.560725, 22.273636
5.514160, 5.796037, 0.000000, 22.151414
6.164192, 5.060772, 0.625546, 20.995703
6.018751, 4.941366, 1.832359, 20.150499
6.717140, 4.151421, 1.282860, 19.749253
6.164192, 5.060772, -0.625546, 21.647534
6.717140, 4.151421, -1.282860, 20.826624
6.018751, 4.941366, -1.832359, 21.945425
7.113565, 3.113566, 1.924289, 18.468930
6.773725, 2.964819, 3.053932, 17.755135
7.324018, 2.024309, 2.502183, 17.219607
7.359067, 0.966006, 2.985123, 16.056927
6.911631, 0.907272, 3.925076, 15.541937
7.258178, 0.000000, 3.364351, 15.015217
7.710628, 1.012155, 1.876638, 16.572971
7.906185, 0.000000, 1.221573, 15.868956
7.906416, 1.037855, 0.641430, 17.041250
7.906416, 1.037855, -0.641430, 17.408160
7.906185, 0.000000, -1.221573, 16.518283
7.710628, 1.012155, -1.876638, 17.636769
7.359067, 0.966006, -2.985123, 17.722984
7.258178, 0.000000, -3.364351, 16.775927
6.911631, 0.907272, -3.925076, 17.692506
7.324018, 2.024309, -2.502183, 18.756369
6.773725, 2.964819, -3.053932, 19.806433
7.113565, 3.113566, -1.924289, 19.821388
7.303859, 3.196856, 0.658589, 19.112923
7.710889, 2.131238, 0.000000, 18.301900
7.303859, 3.196856, -0.658589, 19.588641
4.832348, -6.350906, 0.560725, 8.963575
4.832348, -6.350906, -0.560725, 9.258543
5.514160, -5.796037, 0.000000, 9.953305
6.164192, -5.060772, -0.625546, 11.063393
6.018751, -4.941366, -1.832359, 11.395072
6.717140, -4.151421, -1.282860, 12.259877
6.164192, -5.060772, 0.625546, 10.758028
6.717140, -4.151421, 1.282860, 11.645081
6.018751, -4.941366, 1.832359, 10.501048
7.113565, -3.113566, -1.924289, 13.487660
6.773725, -2.964819, -3.053932, 13.737669
7.324018, -2.024309, -2.502183, 14.682784
7.359067, -0.966006, -2.985123, 15.790176
6.911631, -0.907272, -3.925076, 15.874198
7.710628, -1.012155, -1.876638, 15.628931
7.906416, -1.037855, -0.641430, 15.381899
7.906416, -1.037855, 0.641430, 15.057795
7.710628, -1.012155, 1.876638, 14.682784
7.359067, -0.966006, 2.985123, 14.290929
6.911631, -0.907272, 3.925076, 13.912031
7.324018, -2.024309, 2.502183, 13.464748
6.773725, -2.964819, 3.053932, 12.274526
7.113565, -3.113566, 1.924289, 12.566371
7.303859, -3.196856, -0.658589, 13.196252
7.710889, -2.131238, 0.000000, 14.149764
7.303859, -3.196856, 0.658589, 12.881067
-1.563031, 4.548154, 6.393061, 14.290929
-2.263246, 5.152038, 5.686318, 14.682784
-2.962145, 5.679285, 4.792850, 15.057795
-2.649855, 4.139884, 6.311864, 13.464748
-3.754996, 3.603575, 6.075710, 12.566371
-3.603575, 6.075710, 3.754996, 15.381899
-4.139884, 6.311864, 2.649855, 15.628931
-4.548154, 6.393061, 1.563031, 15.790176
-5.152038, 5.686318, 2.263246, 14.682784
-5.679285, 4.792850, 2.962145, 13.487660
-6.075710, 3.754996, 3.603575, 12.259877
-6.311864, 2.649855, 4.139884, 11.063393
-6.393061, 1.563031, 4.548154, 9.953305
-5.686318, 2.263246, 5.152038, 10.758028
-4.792850, 2.962145, 5.679285, 11.645081
-4.107004, 5.172622, 4.514034, 14.149764
-5.172622, 4.514034, 4.107004, 13.196252
-4.514034, 4.107004, 5.172622, 12.881067
1.563031, 4.548154, 6.393061, 15.744996
2.649855, 4.139884, 6.311864, 15.906068
3.754996, 3.603575, 6.075710, 15.996394
2.263246, 5.152038, 5.686318, 16.866960
2.962145, 5.679285, 4.792850, 18.063960
4.792850, 2.962145, 5.679285, 15.996393
5.686318, 2.263246, 5.152038, 15.906068
6.393061, 1.563031, 4.548154, 15.744996
6.311864, 2.649855, 4.139884, 16.866960
6.075710, 3.754996, 3.603575, 18.063960
5.679285, 4.792850, 2.962145, 19.274989
5.152038, 5.686318, 2.263246, 20.426380
4.548154, 6.393061, 1.563031, 21.446562
4.139884, 6.311864, 2.649855, 20.426380
3.603575, 6.075710, 3.754996, 19.274989
4.514034, 4.107004, 5.172622, 17.121328
5.172622, 4.514034, 4.107004, 18.241207
4.107004, 5.172622, 4.514034, 18.241207
-1.563031, 4.548154, -6.393061, 17.671055
-2.649855, 4.139884, -6.311864, 16.653616
-3.754996, 3.603575, -6.075710, 15.536576
-2.263246, 5.152038, -5.686318, 17.724673
-2.962145, 5.679285, -4.792850, 17.640814
-4.792850, 2.962145, -5.679285, 14.375556
-5.686318, 2.263246, -5.152038, 13.235355
-6.393061, 1.563031, -4.548154, 12.172067
-6.311864, 2.649855, -4.139884, 13.050183
-6.075710, 3.754996, -3.603575, 13.988905
-5.679285, 4.792850, -2.962145, 14.935136
-5.152038, 5.686318, -2.263246, 15.829059
-4.548154, 6.393061, -1.563031, 16.621778
-4.139884, 6.311864, -2.649855, 17.051895
-3.603575, 6.075710, -3.754996, 17.408160
-4.514034, 4.107004, -5.172622, 15.411610
-5.172622, 4.514034, -4.107004, 15.205153
-4.107004, 5.172622, -4.514034, 16.446160
1.563031, 4.548154, -6.393061, 19.580954
2.263246, 5.152038, -5.686318, 20.718698
2.962145, 5.679285, -4.792850, 21.922752
2.649855, 4.139884, -6.311864, 19.753784
3.754996, 3.603575, -6.075710, 19.705076
3.603575, 6.075710, -3.754996, 23.100842
4.139884, 6.311864, -2.649855, 24.007317
4.548154, 6.393061, -1.563031, 23.947442
5.152038, 5.686318, -2.263246, 23.072917
5.679285, 4.792850, -2.962145, 21.922751
6.075710, 3.754996, -3.603575, 20.687540
6.311864, 2.649855, -4.139884, 19.463798
6.393061, 1.563031, -4.548154, 18.317430
5.686318, 2.263246, -5.152038, 18.917540
4.792850, 2.962145, -5.679285, 19.410008
4.107004, 5.172622, -4.514034, 21.929329
5.172622, 4.514034, -4.107004, 21.462429
4.514034, 4.107004, -5.172622, 20.663651
-1.563031, -4.548154, -6.393061, 9.387745
-2.263246, -5.152038, -5.686318, 8.265781
-2.962145, -5.679285, -4.792850, 7.068781
-2.649855, -4.139884, -6.311864, 9.226674
-3.754996, -3.603575, -6.075710, 9.136348
-3.603575, -6.075710, -3.754996, 5.857753
-4.139884, -6.311864, -2.649855, 4.706362
-4.548154, -6.393061, -1.563031, 3.686179
-5.152038, -5.686318, -2.263246, 4.706362
-5.679285, -4.792850, -2.962145, 5.857753
-6.075710, -3.754996, -3.603575, 7.068782
-6.311864, -2.649855, -4.139884, 8.265781
-6.393061, -1.563031, -4.548154, 9.387745
-5.686318, -2.263246, -5.152038, 9.226674
-4.792850, -2.962145, -5.679285, 9.136348
-4.107004, -5.172622, -4.514034, 6.891534
-5.172622, -4.514034, -4.107004, 6.891534
-4.514034, -4.107004, -5.172622, 8.011414
1.563031, -4.548154, -6.393061, 10.841812
2.649855, -4.139884, -6.311864, 11.667993
3.754996, -3.603575, -6.075710, 12.566371
2.263246, -5.152038, -5.686318, 10.449957
2.962145, -5.679285, -4.792850, 10.074946
4.792850, -2.962145, -5.679285, 13.487660
5.686318, -2.263246, -5.152038, 14.374713
6.393061, -1.563031, -4.548154, 15.179436
6.311864, -2.649855, -4.139884, 14.069348
6.075710, -3.754996, -3.603575, 12.872864
5.679285, -4.792850, -2.962145, 11.645081
5.152038, -5.686318, -2.263246, 10.449958
4.548154, -6.393061, -1.563031, 9.342565
4.139884, -6.311864, -2.649855, 9.503810
3.603575, -6.075710, -3.754996, 9.750842
4.514034, -4.107004, -5.172622, 12.251674
5.172622, -4.514034, -4.107004, 11.936489
4.107004, -5.172622, -4.514034, 10.982977
-1.563031, -4.548154, 6.393061, 5.551787
-2.649855, -4.139884, 6.311864, 5.378957
-3.754996, -3.603575, 6.075710, 5.427665
-2.263246, -5.152038, 5.686318, 4.414043
-2.962145, -5.679285, 4.792850, 3.209990
-4.792850, -2.962145, 5.679285, 5.722733
-5.686318, -2.263246, 5.152038, 6.215201
-6.393061, -1.563031, 4.548154, 6.815311
-6.311864, -2.649855, 4.139884, 5.668943
-6.075710, -3.754996, 3.603575, 4.445201
-5.679285, -4.792850, 2.962145, 3.209990
-5.152038, -5.686318, 2.263246, 2.059825
-4.548154, -6.393061, 1.563031, 1.185299
-4.139884, -6.311864, 2.649855, 1.125424
-3.603575, -6.075710, 3.754996, 2.031899
-4.514034, -4.107004, 5.172622, 4.469090
-5.172622, -4.514034, 4.107004, 3.670312
-4.107004, -5.172622, 4.514034, 3.203413
1.563031, -4.548154, 6.393061, 7.461687
2.263246, -5.152038, 5.686318, 7.408068
2.962145, -5.679285, 4.792850, 7.491928
2.649855, -4.139884, 6.311864, 8.479125
3.754996, -3.603575, 6.075710, 9.596166
3.603575, -6.075710, 3.754996, 7.724581
4.139884, -6.311864, 2.649855, 8.080847
4.548154, -6.393061, 1.563031, 8.510963
5.152038, -5.686318, 2.263246, 9.303682
5.679285, -4.792850, 2.962145, 10.197605
6.075710, -3.754996, 3.603575, 11.143836
6.311864, -2.649855, 4.139884, 12.082558
6.393061, -1.563031, 4.548154, 12.960674
5.686318, -2.263246, 5.152038, 11.897386
4.792850, -2.962145, 5.679285, 10.757185
4.107004, -5.172622, 4.514034, 8.686581
5.172622, -4.514034, 4.107004, 9.927588
4.514034, -4.107004, 5.172622, 9.721131

graph:
0, 162, 0.955669
0, 163, 0.955669
0, 274, 0.955669
0, 275, 0.955669
0, 304, 0.955669
1, 192, 0.955669
1, 193, 0.955669
1, 218, 0.955669
1, 219, 0.955669
1, 248, 0.955669
2, 240, 0.955669
2, 241, 0.955669
2, 258, 0.955669
2, 330, 0.955669
2, 331, 0.955669
3, 175, 0.955669
3, 176, 0.955669
3, 211, 0.955669
3, 386, 0.955669
3, 387, 0.955669
4, 343, 0.955669
4, 344, 0.955669
4, 379, 0.955669
4, 416, 0.955669
4, 417, 0.955669
5, 184, 0.955669
5, 185, 0.955669
5, 205, 0.955669
5, 442, 0.955669
5, 443, 0.955669
6, 352, 0.955669
6, 353, 0.955669
6, 373, 0.955669
6, 472, 0.955669
6, 473, 0.955669
7, 296, 0.955669
7, 297, 0.955669
7, 314, 0.955669
7, 360, 0.955669
7, 361, 0.955669
8, 266, 0.955669
8, 267, 0.955669
8, 455, 0.955669
8, 456, 0.955669
8, 491, 0.955669
9, 231, 0.955669
9, 232, 0.955669
9, 408, 0.955669
9, 409, 0.955669
9, 429, 0.955669
10, 322, 0.955669
10, 323, 0.955669
10, 399, 0.955669
10, 400, 0.955669
10, 435, 0.955669
11, 287, 0.955669
11, 288, 0.955669
11, 464, 0.955669
11, 465, 0.955669
11, 485, 0.955669
12, 169, 1.223656
12, 170, 1.225170
12, 187, 1.225170
12, 188, 1.223656
12, 554, 1.223655
12, 557, 1.223656
13, 166, 1.225170
13, 167, 1.223656
13, 171, 1.223656
13, 172, 1.225170
13, 538, 1.223655
13, 548, 1.223656
14, 178, 1.225170
14, 179, 1.223656
14, 180, 1.223656
14, 181, 1.225170
14, 207, 1.223656
14, 208, 1.223656
15, 199, 1.223656
15, 200, 1.225170
15, 213, 1.225170
15, 214, 1.223656
15, 500, 1.223655
15, 503, 1.223656
16, 196, 1.225170
16, 197, 1.223656
16, 201, 1.223656
16, 202, 1.225170
16, 520, 1.223655
16, 530, 1.223656
17, 225, 1.223656
17, 226, 1.225170
17, 243, 1.225170
17, 244, 1.223656
17, 251, 1.223656
17, 255, 1.223656
18, 222, 1.225170
18, 223, 1.223656
18, 227, 1.223656
18, 228, 1.225170
18, 502, 1.223656
18, 512, 1.223655
19, 234, 1.225170
19, 235, 1.223656
19, 236, 1.223656
19, 237, 1.225170
19, 608, 1.223656
19, 611, 1.223655
20, 253, 1.223656
20, 254, 1.225170
20, 269, 1.225170
20, 270, 1.223656
20, 518, 1.223656
20, 521, 1.223655
21, 260, 1.225170
21, 261, 1.223656
21, 262, 1.223656
21, 263, 1.225170
21, 628, 1.223656
21, 638, 1.223655
22, 281, 1.223656
22, 282, 1.225170
22, 299, 1.225170
22, 300, 1.223656
22, 307, 1.223656
22, 311, 1.223656
23, 278, 1.225170
23, 279, 1.223656
23, 283, 1.223656
23, 284, 1.225170
23, 556, 1.223656
23, 566, 1.223655
24, 290, 1.225170
24, 291, 1.223656
24, 292, 1.223656
24, 293, 1.225170
24, 590, 1.223656
24, 593, 1.223655
25, 309, 1.223656
25, 310, 1.225170
25, 325, 1.225170
25, 326, 1.223656
25, 536, 1.223656
25, 539, 1.223655
26, 316, 1.225170
26, 317, 1.223656
26, 318, 1.223656
26, 319, 1.225170
26, 574, 1.223656
26, 584, 1.223655
27, 337, 1.223656
27, 338, 1.225170
27, 355, 1.225170
27, 356, 1.223656
27, 626, 1.223655
27, 629, 1.223656
28, 334, 1.225170
28, 335, 1.223656
28, 339, 1.223656
28, 340, 1.225170
28, 610, 1.223655
28, 620, 1.223656
29, 346, 1.225170
29, 347, 1.223656
29, 348, 1.223656
29, 349, 1.225170
29, 375, 1.223656
29, 376, 1.223656
30, 367, 1.223656
30, 368, 1.225170
30, 381, 1.225170
30, 382, 1.223656
30, 572, 1.223655
30, 575, 1.223656
31, 364, 1.225170
31, 365, 1.223656
31, 369, 1.223656
31, 370, 1.225170
31, 592, 1.223655
31, 602, 1.223656
32, 393, 1.223656
32, 394, 1.225170
32, 411, 1.225170
32, 412, 1.223656
32, 507, 1.223655
32, 508, 1.223656
33, 390, 1.225170
33, 391, 1.223656
33, 395, 1.223656
33, 396, 1.225170
33, 543, 1.223656
33, 544, 1.223655
34, 402, 1.225170
34, 403, 1.223656
34, 404, 1.223656
34, 405, 1.225170
34, 431, 1.223656
34, 432, 1.223656
35, 423, 1.223656
35, 424, 1.225170
35, 437, 1.225170
35, 438, 1.223656
35, 579, 1.223655
35, 580, 1.223656
36, 420, 1.225170
36, 421, 1.223656
36, 425, 1.223656
36, 426, 1.225170
36, 615, 1.223656
36, 616, 1.223655
37, 449, 1.223656
37, 450, 1.225170
37, 467, 1.225170
37, 468, 1.223656
37, 561, 1.223655
37, 562, 1.223656
38, 446, 1.225170
38, 447, 1.223656
38, 451, 1.223656
38, 452, 1.225170
38, 525, 1.223656
38, 526, 1.223655
39, 458, 1.225170
39, 459, 1.223656
39, 460, 1.223656
39, 461, 1.225170
39, 487, 1.223656
39, 488, 1.223656
40, 479, 1.223656
40, 480, 1.225170
40, 493, 1.225170
40, 494, 1.223656
40, 633, 1.223655
40, 634, 1.223656
41, 476, 1.225170
41, 477, 1.223656
41, 481, 1.223656
41, 482, 1.225170
41, 597, 1.223656
41, 598, 1.223655
42, 162, 1.073880
42, 164, 1.184215
42, 168, 1.124496
42, 170, 1.170252
42, 552, 1.184215
42, 553, 1.124496
43, 163, 1.073880
43, 164, 1.184215
43, 165, 1.124496
43, 166, 1.170252
43, 534, 1.184215
43, 537, 1.124496
44, 165, 1.238184
44, 167, 1.287030
44, 168, 1.238184
44, 169, 1.287030
44, 189, 1.304017
44, 191, 1.304017
45, 171, 1.287030
45, 173, 1.238184
45, 177, 1.238184
45, 179, 1.287030
45, 189, 1.304017
45, 190, 1.304017
46, 172, 1.170253
46, 173, 1.124496
46, 174, 1.184215
46, 175, 1.073880
46, 546, 1.184215
46, 547, 1.124496
47, 174, 1.184215
47, 176, 1.073880
47, 177, 1.124496
47, 178, 1.170253
47, 209, 1.124496
47, 210, 1.184215
48, 180, 1.287030
48, 182, 1.238184
48, 186, 1.238184
48, 188, 1.287030
48, 190, 1.304017
48, 191, 1.304017
49, 181, 1.170253
49, 182, 1.124496
49, 183, 1.184215
49, 184, 1.073880
49, 204, 1.184215
49, 206, 1.124496
50, 183, 1.184215
50, 185, 1.073880
50, 186, 1.124496
50, 187, 1.170253
50, 558, 1.124496
50, 559, 1.184215
51, 192, 1.073880
51, 194, 1.184215
51, 198, 1.124496
51, 200, 1.170252
51, 498, 1.184215
51, 499, 1.124496
52, 193, 1.073880
52, 194, 1.184215
52, 195, 1.124496
52, 196, 1.170252
52, 516, 1.184215
52, 519, 1.124496
53, 195, 1.238184
53, 197, 1.287030
53, 198, 1.238184
53, 199, 1.287030
53, 215, 1.304017
53, 217, 1.304017
54, 201, 1.287030
54, 203, 1.238184
54, 206, 1.238184
54, 207, 1.287030
54, 215, 1.304017
54, 216, 1.304017
55, 202, 1.170253
55, 203, 1.124496
55, 204, 1.184215
55, 205, 1.073880
55, 528, 1.184215
55, 529, 1.124496
56, 208, 1.287030
56, 209, 1.238184
56, 212, 1.238184
56, 214, 1.287030
56, 216, 1.304017
56, 217, 1.304017
57, 210, 1.184215
57, 211, 1.073880
57, 212, 1.124496
57, 213, 1.170253
57, 504, 1.124496
57, 505, 1.184215
58, 218, 1.073880
58, 220, 1.184215
58, 224, 1.124496
58, 226, 1.170253
58, 249, 1.184215
58, 250, 1.124496
59, 219, 1.073880
59, 220, 1.184215
59, 221, 1.124496
59, 222, 1.170253
59, 498, 1.184215
59, 501, 1.124496
60, 221, 1.238184
60, 223, 1.287030
60, 224, 1.238184
60, 225, 1.287030
60, 245, 1.304017
60, 247, 1.304017
61, 227, 1.287030
61, 229, 1.238184
61, 233, 1.238184
61, 235, 1.287030
61, 245, 1.304017
61, 246, 1.304017
62, 228, 1.170252
62, 229, 1.124496
62, 230, 1.184215
62, 231, 1.073880
62, 510, 1.184215
62, 511, 1.124496
63, 230, 1.184215
63, 232, 1.073880
63, 233, 1.124496
63, 234, 1.170252
63, 612, 1.124496
63, 613, 1.184215
64, 236, 1.287030
64, 238, 1.238184
64, 242, 1.238184
64, 244, 1.287030
64, 246, 1.304017
64, 247, 1.304017
65, 237, 1.170253
65, 238, 1.124496
65, 239, 1.184215
65, 240, 1.073880
65, 606, 1.184215
65, 607, 1.124496
66, 239, 1.184215
66, 241, 1.073880
66, 242, 1.124496
66, 243, 1.170253
66, 256, 1.124496
66, 257, 1.184215
67, 248, 1.073880
67, 249, 1.184215
67, 252, 1.124496
67, 254, 1.170253
67, 516, 1.184215
67, 517, 1.124496
68, 250, 1.238184
68, 251, 1.287030
68, 252, 1.238184
68, 253, 1.287030
68, 271, 1.304017
68, 273, 1.304017
69, 255, 1.287030
69, 256, 1.238184
69, 259, 1.238184
69, 261, 1.287030
69, 271, 1.304017
69, 272, 1.304017
70, 257, 1.184215
70, 258, 1.073880
70, 259, 1.124496
70, 260, 1.170253
70, 624, 1.184215
70, 627, 1.124496
71, 262, 1.287030
71, 264, 1.238184
71, 268, 1.238184
71, 270, 1.287030
71, 272, 1.304017
71, 273, 1.304017
72, 263, 1.170252
72, 264, 1.124496
72, 265, 1.184215
72, 266, 1.073880
72, 636, 1.184215
72, 637, 1.124496
73, 265, 1.184215
73, 267, 1.073880
73, 268, 1.124496
73, 269, 1.170252
73, 522, 1.124496
73, 523, 1.184215
74, 274, 1.073880
74, 276, 1.184215
74, 280, 1.124496
74, 282, 1.170253
74, 305, 1.184215
74, 306, 1.124496
75, 275, 1.073880
75, 276, 1.184215
75, 277, 1.124496
75, 278, 1.170253
75, 552, 1.184215
75, 555, 1.124496
76, 277, 1.238184
76, 279, 1.287030
76, 280, 1.238184
76, 281, 1.287030
76, 301, 1.304017
76, 303, 1.304017
77, 283, 1.287030
77, 285, 1.238184
77, 289, 1.238184
77, 291, 1.287030
77, 301, 1.304017
77, 302, 1.304017
78, 284, 1.170252
78, 285, 1.124496
78, 286, 1.184215
78, 287, 1.073880
78, 564, 1.184215
78, 565, 1.124496
79, 286, 1.184215
79, 288, 1.073880
79, 289, 1.124496
79, 290, 1.170252
79, 594, 1.124496
79, 595, 1.184215
80, 292, 1.287030
80, 294, 1.238184
80, 298, 1.238184
80, 300, 1.287030
80, 302, 1.304017
80, 303, 1.304017
81, 293, 1.170253
81, 294, 1.124496
81, 295, 1.184215
81, 296, 1.073880
81, 588, 1.184215
81, 589, 1.124496
82, 295, 1.184215
82, 297, 1.073880
82, 298, 1.124496
82, 299, 1.170253
82, 312, 1.124496
82, 313, 1.184215
83, 304, 1.073880
83, 305, 1.184215
83, 308, 1.124496
83, 310, 1.170253
83, 534, 1.184215
83, 535, 1.124496
84, 306, 1.238184
84, 307, 1.287030
84, 308, 1.238184
84, 309, 1.287030
84, 327, 1.304017
84, 329, 1.304017
85, 311, 1.287030
85, 312, 1.238184
85, 315, 1.238184
85, 317, 1.287030
85, 327, 1.304017
85, 328, 1.304017
86, 313, 1.184215
86, 314, 1.073880
86, 315, 1.124496
86, 316, 1.170253
86, 570, 1.184215
86, 573, 1.124496
87, 318, 1.287030
87, 320, 1.238184
87, 324, 1.238184
87, 326, 1.287030
87, 328, 1.304017
87, 329, 1.304017
88, 319, 1.170252
88, 320, 1.124496
88, 321, 1.184215
88, 322, 1.073880
88, 582, 1.184215
88, 583, 1.124496
89, 321, 1.184215
89, 323, 1.073880
89, 324, 1.124496
89, 325, 1.170252
89, 540, 1.124496
89, 541, 1.184215
90, 330, 1.073880
90, 332, 1.184215
90, 336, 1.124496
90, 338, 1.170252
90, 624, 1.184215
90, 625, 1.124496
91, 331, 1.073880
91, 332, 1.184215
91, 333, 1.124496
91, 334, 1.170252
91, 606, 1.184215
91, 609, 1.124496
92, 333, 1.238184
92, 335, 1.287030
92, 336, 1.238184
92, 337, 1.287030
92, 357, 1.304017
92, 359, 1.304017
93, 339, 1.287030
93, 341, 1.238184
93, 345, 1.238184
93, 347, 1.287030
93, 357, 1.304017
93, 358, 1.304017
94, 340, 1.170253
94, 341, 1.124496
94, 342, 1.184215
94, 343, 1.073880
94, 618, 1.184215
94, 619, 1.124496
95, 342, 1.184215
95, 344, 1.073880
95, 345, 1.124496
95, 346, 1.170253
95, 377, 1.124496
95, 378, 1.184215
96, 348, 1.287030
96, 350, 1.238184
96, 354, 1.238184
96, 356, 1.287030
96, 358, 1.304017
96, 359, 1.304017
97, 349, 1.170253
97, 350, 1.124496
97, 351, 1.184215
97, 352, 1.073880
97, 372, 1.184215
97, 374, 1.124496
98, 351, 1.184215
98, 353, 1.073880
98, 354, 1.124496
98, 355, 1.170253
98, 630, 1.124496
98, 631, 1.184215
99, 360, 1.073880
99, 362, 1.184215
99, 366, 1.124496
99, 368, 1.170252
99, 570, 1.184215
99, 571, 1.124496
100, 361, 1.073880
100, 362, 1.184215
100, 363, 1.124496
100, 364, 1.170252
100, 588, 1.184215
100, 591, 1.124496
101, 363, 1.238184
101, 365, 1.287030
101, 366, 1.238184
101, 367, 1.287030
101, 383, 1.304017
101, 385, 1.304017
102, 369, 1.287030
102, 371, 1.238184
102, 374, 1.238184
102, 375, 1.287030
102, 383, 1.304017
102, 384, 1.304017
103, 370, 1.170253
103, 371, 1.124496
103, 372, 1.184215
103, 373, 1.073880
103, 600, 1.184215
103, 601, 1.124496
104, 376, 1.287030
104, 377, 1.238184
104, 380, 1.238184
104, 382, 1.287030
104, 384, 1.304017
104, 385, 1.304017
105, 378, 1.184215
105, 379, 1.073880
105, 380, 1.124496
105, 381, 1.170253
105, 576, 1.124496
105, 577, 1.184215
106, 386, 1.073880
106, 388, 1.184215
106, 392, 1.124496
106, 394, 1.170252
106, 505, 1.184215
106, 506, 1.124496
107, 387, 1.073880
107, 388, 1.184215
107, 389, 1.124496
107, 390, 1.170252
107, 545, 1.124496
107, 546, 1.184215
108, 389, 1.238184
108, 391, 1.287030
108, 392, 1.238184
108, 393, 1.287030
108, 413, 1.304017
108, 415, 1.304017
109, 395, 1.287030
109, 397, 1.238184
109, 401, 1.238184
109, 403, 1.287030
109, 413, 1.304017
109, 414, 1.304017
110, 396, 1.170253
110, 397, 1.124496
110, 398, 1.184215
110, 399, 1.073880
110, 541, 1.184215
110, 542, 1.124496
111, 398, 1.184215
111, 400, 1.073880
111, 401, 1.124496
111, 402, 1.170253
111, 433, 1.124496
111, 434, 1.184215
112, 404, 1.287030
112, 406, 1.238184
112, 410, 1.238184
112, 412, 1.287030
112, 414, 1.304017
112, 415, 1.304017
113, 405, 1.170253
113, 406, 1.124496
113, 407, 1.184215
113, 408, 1.073880
113, 428, 1.184215
113, 430, 1.124496
114, 407, 1.184215
114, 409, 1.073880
114, 410, 1.124496
114, 411, 1.170253
114, 509, 1.124496
114, 510, 1.184215
115, 416, 1.073880
115, 418, 1.184215
115, 422, 1.124496
115, 424, 1.170252
115, 577, 1.184215
115, 578, 1.124496
116, 417, 1.073880
116, 418, 1.184215
116, 419, 1.124496
116, 420, 1.170252
116, 617, 1.124496
116, 618, 1.184215
117, 419, 1.238184
117, 421, 1.287030
117, 422, 1.238184
117, 423, 1.287030
117, 439, 1.304017
117, 441, 1.304017
118, 425, 1.287030
118, 427, 1.238184
118, 430, 1.238184
118, 431, 1.287030
118, 439, 1.304017
118, 440, 1.304017
119, 426, 1.170253
119, 427, 1.124496
119, 428, 1.184215
119, 429, 1.073880
119, 613, 1.184215
119, 614, 1.124496
120, 432, 1.287030
120, 433, 1.238184
120, 436, 1.238184
120, 438, 1.287030
120, 440, 1.304017
120, 441, 1.304017
121, 434, 1.184215
121, 435, 1.073880
121, 436, 1.124496
121, 437, 1.170253
121, 581, 1.124496
121, 582, 1.184215
122, 442, 1.073880
122, 444, 1.184215
122, 448, 1.124496
122, 450, 1.170252
122, 559, 1.184215
122, 560, 1.124496
123, 443, 1.073880
123, 444, 1.184215
123, 445, 1.124496
123, 446, 1.170252
123, 527, 1.124496
123, 528, 1.184215
124, 445, 1.238184
124, 447, 1.287030
124, 448, 1.238184
124, 449, 1.287030
124, 469, 1.304017
124, 471, 1.304017
125, 451, 1.287030
125, 453, 1.238184
125, 457, 1.238184
125, 459, 1.287030
125, 469, 1.304017
125, 470, 1.304017
126, 452, 1.170253
126, 453, 1.124496
126, 454, 1.184215
126, 455, 1.073880
126, 523, 1.184215
126, 524, 1.124496
127, 454, 1.184215
127, 456, 1.073880
127, 457, 1.124496
127, 458, 1.170253
127, 489, 1.124496
127, 490, 1.184215
128, 460, 1.287030
128, 462, 1.238184
128, 466, 1.238184
128, 468, 1.287030
128, 470, 1.304017
128, 471, 1.304017
129, 461, 1.170253
129, 462, 1.124496
129, 463, 1.184215
129, 464, 1.073880
129, 484, 1.184215
129, 486, 1.124496
130, 463, 1.184215
130, 465, 1.073880
130, 466, 1.124496
130, 467, 1.170253
130, 563, 1.124496
130, 564, 1.184215
131, 472, 1.073880
131, 474, 1.184215
131, 478, 1.124496
131, 480, 1.170252
131, 631, 1.184215
131, 632, 1.124496
132, 473, 1.073880
132, 474, 1.184215
132, 475, 1.124496
132, 476, 1.170252
132, 599, 1.124496
132, 600, 1.184215
133, 475, 1.238184
133, 477, 1.287030
133, 478, 1.238184
133, 479, 1.287030
133, 495, 1.304017
133, 497, 1.304017
134, 481, 1.287030
134, 483, 1.238184
134, 486, 1.238184
134, 487, 1.287030
134, 495, 1.304017
134, 496, 1.304017
135, 482, 1.170253
135, 483, 1.124496
135, 484, 1.184215
135, 485, 1.073880
135, 595, 1.184215
135, 596, 1.124496
136, 488, 1.287030
136, 489, 1.238184
136, 492, 1.238184
136, 494, 1.287030
136, 496, 1.304017
136, 497, 1.304017
137, 490, 1.184215
137, 491, 1.073880
137, 492, 1.124496
137, 493, 1.170253
137, 635, 1.124496
137, 636, 1.184215
138, 499, 1.238184
138, 500, 1.287030
138, 501, 1.238184
138, 502, 1.287030
138, 513, 1.304017
138, 515, 1.304017
139, 503, 1.287030
139, 504, 1.238184
139, 506, 1.238184
139, 507, 1.287030
139, 513, 1.304017
139, 514, 1.304017
140, 508, 1.287030
140, 509, 1.238184
140, 511, 1.238184
140, 512, 1.287030
140, 514, 1.304017
140, 515, 1.304017
141, 517, 1.238184
141, 518, 1.287030
141, 519, 1.238184
141, 520, 1.287030
141, 531, 1.304017
141, 533, 1.304017
142, 521, 1.287030
142, 522, 1.238184
142, 524, 1.238184
142, 525, 1.287030
142, 531, 1.304017
142, 532, 1.304017
143, 526, 1.287030
143, 527, 1.238184
143, 529, 1.238184
143, 530, 1.287030
143, 532, 1.304017
143, 533, 1.304017
144, 535, 1.238184
144, 536, 1.287030
144, 537, 1.238184
144, 538, 1.287030
144, 549, 1.304017
144, 551, 1.304017
145, 539, 1.287030
145, 540, 1.238184
145, 542, 1.238184
145, 543, 1.287030
145, 549, 1.304017
145, 550, 1.304017
146, 544, 1.287030
146, 545, 1.238184
146, 547, 1.238184
146, 548, 1.287030
146, 550, 1.304017
146, 551, 1.304017
147, 553, 1.238184
147, 554, 1.287030
147, 555, 1.238184
147, 556, 1.287030
147, 567, 1.304017
147, 569, 1.304017
148, 557, 1.287030
148, 558, 1.238184
148, 560, 1.238184
148, 561, 1.287030
148, 567, 1.304017
148, 568, 1.304017
149, 562, 1.287030
149, 563, 1.238184
149, 565, 1.238184
149, 566, 1.287030
149, 568, 1.304017
149, 569, 1.304017
150, 571, 1.238184
150, 572, 1.287030
150, 573, 1.238184
150, 574, 1.287030
150, 585, 1.304017
150, 587, 1.304017
151, 575, 1.287030
151, 576, 1.238184
151, 578, 1.238184
151, 579, 1.287030
151, 585, 1.304017
151, 586, 1.304017
152, 580, 1.287030
152, 581, 1.238184
152, 583, 1.238184
152, 584, 1.287030
152, 586, 1.304017
152, 587, 1.304017
153, 589, 1.238184
153, 590, 1.287030
153, 591, 1.238184
153, 592, 1.287030
153, 603, 1.304017
153, 605, 1.304017
154, 593, 1.287030
154, 594, 1.238184
154, 596, 1.238184
154, 597, 1.287030
154, 603, 1.304017
154, 604, 1.304017
155, 598, 1.287030
155, 599, 1.238184
155, 601, 1.238184
155, 602, 1.287030
155, 604, 1.304017
155, 605, 1.304017
156, 607, 1.238184
156, 608, 1.287030
156, 609, 1.238184
156, 610, 1.287030
156, 621, 1.304017
156, 623, 1.304017
157, 611, 1.287030
157, 612, 1.238184
157, 614, 1.238184
157, 615, 1.287030
157, 621, 1.304017
157, 622, 1.304017
158, 616, 1.287030
158, 617, 1.238184
158, 619, 1.238184
158, 620, 1.287030
158, 622, 1.304017
158, 623, 1.304017
159, 625, 1.238184
159, 626, 1.287030
159, 627, 1.238184
159, 628, 1.287030
159, 639, 1.304017
159, 641, 1.304017
160, 629, 1.287030
160, 630, 1.238184
160, 632, 1.238184
160, 633, 1.287030
160, 639, 1.304017
160, 640, 1.304017
161, 634, 1.287030
161, 635, 1.238184
161, 637, 1.238184
161, 638, 1.287030
161, 640, 1.304017
161, 641, 1.304017
162, 163, 1.121450
162, 164, 1.042670
162, 275, 1.121450
162, 552, 1.042670
163, 164, 1.042670
163, 304, 1.121450
163, 534, 1.042670
164, 165, 1.163814
164, 168, 1.163814
165, 166, 1.221396
165, 167, 1.250892
165, 168, 1.251092
166, 167, 1.188995
166, 537, 1.221396
166, 538, 1.188995
167, 171, 1.282860
167, 189, 1.282633
168, 169, 1.250892
168, 170, 1.221396
169, 170, 1.188995
169, 188, 1.282860
169, 191, 1.282633
170, 553, 1.221396
170, 554, 1.188995
171, 172, 1.188995
171, 173, 1.250892
171, 189, 1.282633
172, 173, 1.221397
172, 547, 1.221396
172, 548, 1.188995
173, 174, 1.163815
173, 177, 1.251092
174, 175, 1.042670
174, 176, 1.042670
174, 177, 1.163814
175, 176, 1.121450
175, 387, 1.121450
175, 546, 1.042670
176, 210, 1.042670
176, 211, 1.121450
177, 178, 1.221397
177, 179, 1.250893
178, 179, 1.188995
178, 208, 1.188995
178, 209, 1.221397
179, 180, 1.282860
179, 190, 1.282633
180, 181, 1.188995
180, 182, 1.250893
180, 190, 1.282633
181, 182, 1.221397
181, 206, 1.221397
181, 207, 1.188995
182, 183, 1.163814
182, 186, 1.251092
183, 184, 1.042670
183, 185, 1.042670
183, 186, 1.163815
184, 185, 1.121450
184, 204, 1.042670
184, 205, 1.121450
185, 442, 1.121450
185, 559, 1.042670
186, 187, 1.221397
186, 188, 1.250892
187, 188, 1.188995
187, 557, 1.188995
187, 558, 1.221396
188, 191, 1.282633
189, 190, 1.317177
189, 191, 1.317177
190, 191, 1.317177
192, 193, 1.121450
192, 194, 1.042670
192, 219, 1.121450
192, 498, 1.042670
193, 194, 1.042670
193, 248, 1.121450
193, 516, 1.042670
194, 195, 1.163814
194, 198, 1.163814
195, 196, 1.221396
195, 197, 1.250892
195, 198, 1.251092
196, 197, 1.188995
196, 519, 1.221396
196, 520, 1.188995
197, 201, 1.282860
197, 215, 1.282633
198, 199, 1.250892
198, 200, 1.221396
199, 200, 1.188995
199, 214, 1.282860
199, 217, 1.282633
200, 499, 1.221396
200, 500, 1.188995
201, 202, 1.188995
201, 203, 1.250892
201, 215, 1.282633
202, 203, 1.221397
202, 529, 1.221396
202, 530, 1.188995
203, 204, 1.163815
203, 206, 1.251092
204, 205, 1.042670
204, 206, 1.163814
205, 443, 1.121450
205, 528, 1.042670
206, 207, 1.250893
207, 208, 1.282860
207, 216, 1.282633
208, 209, 1.250893
208, 216, 1.282633
209, 210, 1.163814
209, 212, 1.251092
210, 211, 1.042670
210, 212, 1.163815
211, 386, 1.121450
211, 505, 1.042670
212, 213, 1.221397
212, 214, 1.250892
213, 214, 1.188995
213, 503, 1.188995
213, 504, 1.221396
214, 217, 1.282633
215, 216, 1.317177
215, 217, 1.317177
216, 217, 1.317177
218, 219, 1.121450
218, 220, 1.042670
218, 248, 1.121450
218, 249, 1.042670
219, 220, 1.042670
219, 498, 1.042670
220, 221, 1.163815
220, 224, 1.163814
221, 222, 1.221397
221, 223, 1.250892
221, 224, 1.251092
222, 223, 1.188995
222, 501, 1.221396
222, 502, 1.188995
223, 227, 1.282860
223, 245, 1.282633
224, 225, 1.250893
224, 226, 1.221397
225, 226, 1.188995
225, 244, 1.282860
225, 247, 1.282633
226, 250, 1.221397
226, 251, 1.188995
227, 228, 1.188995
227, 229, 1.250892
227, 245, 1.282633
228, 229, 1.221396
228, 511, 1.221396
228, 512, 1.188995
229, 230, 1.163814
229, 233, 1.251092
230, 231, 1.042670
230, 232, 1.042670
230, 233, 1.163814
231, 232, 1.121450
231, 409, 1.121450
231, 510, 1.042670
232, 429, 1.121450
232, 613, 1.042670
233, 234, 1.221396
233, 235, 1.250892
234, 235, 1.188995
234, 611, 1.188995
234, 612, 1.221396
235, 236, 1.282860
235, 246, 1.282633
236, 237, 1.188995
236, 238, 1.250892
236, 246, 1.282633
237, 238, 1.221397
237, 607, 1.221396
237, 608, 1.188995
238, 239, 1.163815
238, 242, 1.251092
239, 240, 1.042670
239, 241, 1.042670
239, 242, 1.163814
240, 241, 1.121450
240, 331, 1.121450
240, 606, 1.042670
241, 257, 1.042670
241, 258, 1.121450
242, 243, 1.221397
242, 244, 1.250893
243, 244, 1.188995
243, 255, 1.188995
243, 256, 1.221397
244, 247, 1.282633
245, 246, 1.317177
245, 247, 1.317177
246, 247, 1.317177
248, 249, 1.042670
248, 516, 1.042670
249, 250, 1.163814
249, 252, 1.163815
250, 251, 1.250893
250, 252, 1.251092
251, 255, 1.282860
251, 271, 1.282633
252, 253, 1.250892
252, 254, 1.221397
253, 254, 1.188995
253, 270, 1.282860
253, 273, 1.282633
254, 517, 1.221396
254, 518, 1.188995
255, 256, 1.250893
255, 271, 1.282633
256, 257, 1.163814
256, 259, 1.251092
257, 258, 1.042670
257, 259, 1.163815
258, 330, 1.121450
258, 624, 1.042670
259, 260, 1.221397
259, 261, 1.250892
260, 261, 1.188995
260, 627, 1.221396
260, 628, 1.188995
261, 262, 1.282860
261, 272, 1.282633
262, 263, 1.188995
262, 264, 1.250892
262, 272, 1.282633
263, 264, 1.221396
263, 637, 1.221396
263, 638, 1.188995
264, 265, 1.163814
264, 268, 1.251092
265, 266, 1.042670
265, 267, 1.042670
265, 268, 1.163814
266, 267, 1.121450
266, 491, 1.121450
266, 636, 1.042670
267, 455, 1.121450
267, 523, 1.042670
268, 269, 1.221396
268, 270, 1.250892
269, 270, 1.188995
269, 521, 1.188995
269, 522, 1.221396
270, 273, 1.282633
271, 272, 1.317177
271, 273, 1.317177
272, 273, 1.317177
274, 275, 1.121450
274, 276, 1.042670
274, 304, 1.121450
274, 305, 1.042670
275, 276, 1.042670
275, 552, 1.042670
276, 277, 1.163815
276, 280, 1.163814
277, 278, 1.221397
277, 279, 1.250892
277, 280, 1.251092
278, 279, 1.188995
278, 555, 1.221396
278, 556, 1.188995
279, 283, 1.282860
279, 301, 1.282633
280, 281, 1.250893
280, 282, 1.221397
281, 282, 1.188995
281, 300, 1.282860
281, 303, 1.282633
282, 306, 1.221397
282, 307, 1.188995
283, 284, 1.188995
283, 285, 1.250892
283, 301, 1.282633
284, 285, 1.221396
284, 565, 1.221396
284, 566, 1.188995
285, 286, 1.163814
285, 289, 1.251092
286, 287, 1.042670
286, 288, 1.042670
286, 289, 1.163814
287, 288, 1.121450
287, 465, 1.121450
287, 564, 1.042670
288, 485, 1.121450
288, 595, 1.042670
289, 290, 1.221396
289, 291, 1.250892
290, 291, 1.188995
290, 593, 1.188995
290, 594, 1.221396
291, 292, 1.282860
291, 302, 1.282633
292, 293, 1.188995
292, 294, 1.250892
292, 302, 1.282633
293, 294, 1.221397
293, 589, 1.221396
293, 590, 1.188995
294, 295, 1.163815
294, 298, 1.251092
295, 296, 1.042670
295, 297, 1.042670
295, 298, 1.163814
296, 297, 1.121450
296, 361, 1.121450
296, 588, 1.042670
297, 313, 1.042670
297, 314, 1.121450
298, 299, 1.221397
298, 300, 1.250893
299, 300, 1.188995
299, 311, 1.188995
299, 312, 1.221397
300, 303, 1.282633
301, 302, 1.317177
301, 303, 1.317177
302, 303, 1.317177
304, 305, 1.042670
304, 534, 1.042670
305, 306, 1.163814
305, 308, 1.163815
306, 307, 1.250893
306, 308, 1.251092
307, 311, 1.282860
307, 327, 1.282633
308, 309, 1.250892
308, 310, 1.221397
309, 310, 1.188995
309, 326, 1.282860
309, 329, 1.282633
310, 535, 1.221396
310, 536, 1.188995
311, 312, 1.250893
311, 327, 1.282633
312, 313, 1.163814
312, 315, 1.251092
313, 314, 1.042670
313, 315, 1.163815
314, 360, 1.121450
314, 570, 1.042670
315, 316, 1.221397
315, 317, 1.250892
316, 317, 1.188995
316, 573, 1.221396
316, 574, 1.188995
317, 318, 1.282860
317, 328, 1.282633
318, 319, 1.188995
318, 320, 1.250892
318, 328, 1.282633
319, 320, 1.221396
319, 583, 1.221396
319, 584, 1.188995
320, 321, 1.163814
320, 324, 1.251092
321, 322, 1.042670
321, 323, 1.042670
321, 324, 1.163814
322, 323, 1.121450
322, 435, 1.121450
322, 582, 1.042670
323, 399, 1.121450
323, 541, 1.042670
324, 325, 1.221396
324, 326, 1.250892
325, 326, 1.188995
325, 539, 1.188995
325, 540, 1.221396
326, 329, 1.282633
327, 328, 1.317177
327, 329, 1.317177
328, 329, 1.317177
330, 331, 1.121450
330, 332, 1.042670
330, 624, 1.042670
331, 332, 1.042670
331, 606, 1.042670
332, 333, 1.163814
332, 336, 1.163814
333, 334, 1.221396
333, 335, 1.250892
333, 336, 1.251092
334, 335, 1.188995
334, 609, 1.221396
334, 610, 1.188995
335, 339, 1.282860
335, 357, 1.282633
336, 337, 1.250892
336, 338, 1.221396
337, 338, 1.188995
337, 356, 1.282860
337, 359, 1.282633
338, 625, 1.221396
338, 626, 1.188995
339, 340, 1.188995
339, 341, 1.250892
339, 357, 1.282633
340, 341, 1.221397
340, 619, 1.221396
340, 620, 1.188995
341, 342, 1.163815
341, 345, 1.251092
342, 343, 1.042670
342, 344, 1.042670
342, 345, 1.163814
343, 344, 1.121450
343, 417, 1.121450
343, 618, 1.042670
344, 378, 1.042670
344, 379, 1.121450
345, 346, 1.221397
345, 347, 1.250893
346, 347, 1.188995
346, 376, 1.188995
346, 377, 1.221397
347, 348, 1.282860
347, 358, 1.282633
348, 349, 1.188995
348, 350, 1.250893
348, 358, 1.282633
349, 350, 1.221397
349, 374, 1.221397
349, 375, 1.188995
350, 351, 1.163814
350, 354, 1.251092
351, 352, 1.042670
351, 353, 1.042670
351, 354, 1.163815
352, 353, 1.121450
352, 372, 1.042670
352, 373, 1.121450
353, 472, 1.121450
353, 631, 1.042670
354, 355, 1.221397
354, 356, 1.250892
355, 356, 1.188995
355, 629, 1.188995
355, 630, 1.221396
356, 359, 1.282633
357, 358, 1.317177
357, 359, 1.317177
358, 359, 1.317177
360, 361, 1.121450
360, 362, 1.042670
360, 570, 1.042670
361, 362, 1.042670
361, 588, 1.042670
362, 363, 1.163814
362, 366, 1.163814
363, 364, 1.221396
363, 365, 1.250892
363, 366, 1.251092
364, 365, 1.188995
364, 591, 1.221396
364, 592, 1.188995
365, 369, 1.282860
365, 383, 1.282633
366, 367, 1.250892
366, 368, 1.221396
367, 368, 1.188995
367, 382, 1.282860
367, 385, 1.282633
368, 571, 1.221396
368, 572, 1.188995
369, 370, 1.188995
369, 371, 1.250892
369, 383, 1.282633
370, 371, 1.221397
370, 601, 1.221396
370, 602, 1.188995
371, 372, 1.163815
371, 374, 1.251092
372, 373, 1.042670
372, 374, 1.163814
373, 473, 1.121450
373, 600, 1.042670
374, 375, 1.250893
375, 376, 1.282860
375, 384, 1.282633
376, 377, 1.250893
376, 384, 1.282633
377, 378, 1.163814
377, 380, 1.251092
378, 379, 1.042670
378, 380, 1.163815
379, 416, 1.121450
379, 577, 1.042670
380, 381, 1.221397
380, 382, 1.250892
381, 382, 1.188995
381, 575, 1.188995
381, 576, 1.221396
382, 385, 1.282633
383, 384, 1.317177
383, 385, 1.317177
384, 385, 1.317177
386, 387, 1.121450
386, 388, 1.042670
386, 505, 1.042670
387, 388, 1.042670
387, 546, 1.042670
388, 389, 1.163814
388, 392, 1.163814
389, 390, 1.221396
389, 391, 1.250892
389, 392, 1.251092
390, 391, 1.188995
390, 544, 1.188995
390, 545, 1.221396
391, 395, 1.282860
391, 413, 1.282633
392, 393, 1.250892
392, 394, 1.221396
393, 394, 1.188995
393, 412, 1.282860
393, 415, 1.282633
394, 506, 1.221396
394, 507, 1.188995
395, 396, 1.188995
395, 397, 1.250892
395, 413, 1.282633
396, 397, 1.221397
396, 542, 1.221396
396, 543, 1.188995
397, 398, 1.163815
397, 401, 1.251092
398, 399, 1.042670
398, 400, 1.042670
398, 401, 1.163814
399, 400, 1.121450
399, 541, 1.042670
400, 434, 1.042670
400, 435, 1.121450
401, 402, 1.221397
401, 403, 1.250893
402, 403, 1.188995
402, 432, 1.188995
402, 433, 1.221397
403, 404, 1.282860
403, 414, 1.282633
404, 405, 1.188995
404, 406, 1.250893
404, 414, 1.282633
405, 406, 1.221397
405, 430, 1.221397
405, 431, 1.188995
406, 407, 1.163814
406, 410, 1.251092
407, 408, 1.042670
407, 409, 1.042670
407, 410, 1.163815
408, 409, 1.121450
408, 428, 1.042670
408, 429, 1.121450
409, 510, 1.042670
410, 411, 1.221397
410, 412, 1.250892
411, 412, 1.188995
411, 508, 1.188995
411, 509, 1.221396
412, 415, 1.282633
413, 414, 1.317177
413, 415, 1.317177
414, 415, 1.317177
416, 417, 1.121450
416, 418, 1.042670
416, 577, 1.042670
417, 418, 1.042670
417, 618, 1.042670
418, 419, 1.163814
418, 422, 1.163814
419, 420, 1.221396
419, 421, 1.250892
419, 422, 1.251092
420, 421, 1.188995
420, 616, 1.188995
420, 617, 1.221396
421, 425, 1.282860
421, 439, 1.282633
422, 423, 1.250892
422, 424, 1.221396
423, 424, 1.188995
423, 438, 1.282860
423, 441, 1.282633
424, 578, 1.221396
424, 579, 1.188995
425, 426, 1.188995
425, 427, 1.250892
425, 439, 1.282633
426, 427, 1.221397
426, 614, 1.221396
426, 615, 1.188995
427, 428, 1.163815
427, 430, 1.251092
428, 429, 1.042670
428, 430, 1.163814
429, 613, 1.042670
430, 431, 1.250893
431, 432, 1.282860
431, 440, 1.282633
432, 433, 1.250893
432, 440, 1.282633
433, 434, 1.163814
433, 436, 1.251092
434, 435, 1.042670
434, 436, 1.163815
435, 582, 1.042670
436, 437, 1.221397
436, 438, 1.250892
437, 438, 1.188995
437, 580, 1.188995
437, 581, 1.221396
438, 441, 1.282633
439, 440, 1.317177
439, 441, 1.317177
440, 441, 1.317177
442, 443, 1.121450
442, 444, 1.042670
442, 559, 1.042670
443, 444, 1.042670
443, 528, 1.042670
444, 445, 1.163814
444, 448, 1.163814
445, 446, 1.221396
445, 447, 1.250892
445, 448, 1.251092
446, 447, 1.188995
446, 526, 1.188995
446, 527, 1.221396
447, 451, 1.282860
447, 469, 1.282633
448, 449, 1.250892
448, 450, 1.221396
449, 450, 1.188995
449, 468, 1.282860
449, 471, 1.282633
450, 560, 1.221396
450, 561, 1.188995
451, 452, 1.188995
451, 453, 1.250892
451, 469, 1.282633
452, 453, 1.221397
452, 524, 1.221396
452, 525, 1.188995
453, 454, 1.163815
453, 457, 1.251092
454, 455, 1.042670
454, 456, 1.042670
454, 457, 1.163814
455, 456, 1.121450
455, 523, 1.042670
456, 490, 1.042670
456, 491, 1.121450
457, 458, 1.221397
457, 459, 1.250893
458, 459, 1.188995
458, 488, 1.188995
458, 489, 1.221397
459, 460, 1.282860
459, 470, 1.282633
460, 461, 1.188995
460, 462, 1.250893
460, 470, 1.282633
461, 462, 1.221397
461, 486, 1.221397
461, 487, 1.188995
462, 463, 1.163814
462, 466, 1.251092
463, 464, 1.042670
463, 465, 1.042670
463, 466, 1.163815
464, 465, 1.121450
464, 484, 1.042670
464, 485, 1.121450
465, 564, 1.042670
466, 467, 1.221397
466, 468, 1.250892
467, 468, 1.188995
467, 562, 1.188995
467, 563, 1.221396
468, 471, 1.282633
469, 470, 1.317177
469, 471, 1.317177
470, 471, 1.317177
472, 473, 1.121450
472, 474, 1.042670
472, 631, 1.042670
473, 474, 1.042670
473, 600, 1.042670
474, 475, 1.163814
474, 478, 1.163814
475, 476, 1.221396
475, 477, 1.250892
475, 478, 1.251092
476, 477, 1.188995
476, 598, 1.188995
476, 599, 1.221396
477, 481, 1.282860
477, 495, 1.282633
478, 479, 1.250892
478, 480, 1.221396
479, 480, 1.188995
479, 494, 1.282860
479, 497, 1.282633
480, 632, 1.221396
480, 633, 1.188995
481, 482, 1.188995
481, 483, 1.250892
481, 495, 1.282633
482, 483, 1.221397
482, 596, 1.221396
482, 597, 1.188995
483, 484, 1.163815
483, 486, 1.251092
484, 485, 1.042670
484, 486, 1.163814
485, 595, 1.042670
486, 487, 1.250893
487, 488, 1.282860
487, 496, 1.282633
488, 489, 1.250893
488, 496, 1.282633
489, 490, 1.163814
489, 492, 1.251092
490, 491, 1.042670
490, 492, 1.163815
491, 636, 1.042670
492, 493, 1.221397
492, 494, 1.250892
493, 494, 1.188995
493, 634, 1.188995
493, 635, 1.221396
494, 497, 1.282633
495, 496, 1.317177
495, 497, 1.317177
496, 497, 1.317177
498, 499, 1.163814
498, 501, 1.163814
499, 500, 1.250893
499, 501, 1.251092
500, 503, 1.282859
500, 513, 1.282633
501, 502, 1.250893
502, 512, 1.282859
502, 515, 1.282633
503, 504, 1.250893
503, 513, 1.282633
504, 505, 1.163814
504, 506, 1.251092
505, 506, 1.163814
506, 507, 1.250893
507, 508, 1.282859
507, 514, 1.282633
508, 509, 1.250893
508, 514, 1.282633
509, 510, 1.163814
509, 511, 1.251092
510, 511, 1.163814
511, 512, 1.250893
512, 515, 1.282633
513, 514, 1.317177
513, 515, 1.317177
514, 515, 1.317177
516, 517, 1.163814
516, 519, 1.163814
517, 518, 1.250893
517, 519, 1.251092
518, 521, 1.282859
518, 531, 1.282633
519, 520, 1.250893
520, 530, 1.282859
520, 533, 1.282633
521, 522, 1.250893
521, 531, 1.282633
522, 523, 1.163814
522, 524, 1.251092
523, 524, 1.163814
524, 525, 1.250893
525, 526, 1.282859
525, 532, 1.282633
526, 527, 1.250893
526, 532, 1.282633
527, 528, 1.163814
527, 529, 1.251092
528, 529, 1.163814
529, 530, 1.250893
530, 533, 1.282633
531, 532, 1.317177
531, 533, 1.317177
532, 533, 1.317177
534, 535, 1.163814
534, 537, 1.163814
535, 536, 1.250893
535, 537, 1.251092
536, 539, 1.282859
536, 549, 1.282633
537, 538, 1.250893
538, 548, 1.282859
538, 551, 1.282633
539, 540, 1.250893
539, 549, 1.282633
540, 541, 1.163814
540, 542, 1.251092
541, 542, 1.163814
542, 543, 1.250893
543, 544, 1.282859
543, 550, 1.282633
544, 545, 1.250893
544, 550, 1.282633
545, 546, 1.163814
545, 547, 1.251092
546, 547, 1.163814
547, 548, 1.250893
548, 551, 1.282633
549, 550, 1.317177
549, 551, 1.317177
550, 551, 1.317177
552, 553, 1.163814
552, 555, 1.163814
553, 554, 1.250893
553, 555, 1.251092
554, 557, 1.282859
554, 567, 1.282633
555, 556, 1.250893
556, 566, 1.282859
556, 569, 1.282633
557, 558, 1.250893
557, 567, 1.282633
558, 559, 1.163814
558, 560, 1.251092
559, 560, 1.163814
560, 561, 1.250893
561, 562, 1.282859
561, 568, 1.282633
562, 563, 1.250893
562, 568, 1.282633
563, 564, 1.163814
563, 565, 1.251092
564, 565, 1.163814
565, 566, 1.250893
566, 569, 1.282633
567, 568, 1.317177
567, 569, 1.317177
568, 569, 1.317177
570, 571, 1.163814
570, 573, 1.163814
571, 572, 1.250893
571, 573, 1.251092
572, 575, 1.282859
572, 585, 1.282633
573, 574, 1.250893
574, 584, 1.282859
574, 587, 1.282633
575, 576, 1.250893
575, 585, 1.282633
576, 577, 1.163814
576, 578, 1.251092
577, 578, 1.163814
578, 579, 1.250893
579, 580, 1.282859
579, 586, 1.282633
580, 581, 1.250893
580, 586, 1.282633
581, 582, 1.163814
581, 583, 1.251092
582, 583, 1.163814
583, 584, 1.250893
584, 587, 1.282633
585, 586, 1.317177
585, 587, 1.317177
586, 587, 1.317177
588, 589, 1.163814
588, 591, 1.163814
589, 590, 1.250893
589, 591, 1.251092
590, 593, 1.282859
590, 603, 1.282633
591, 592, 1.250893
592, 602, 1.282859
592, 605, 1.282633
593, 594, 1.250893
593, 603, 1.282633
594, 595, 1.163814
594, 596, 1.251092
595, 596, 1.163814
596, 597, 1.250893
597, 598, 1.282859
597, 604, 1.282633
598, 599, 1.250893
598, 604, 1.282633
599, 600, 1.163814
599, 601, 1.251092
600, 601, 1.163814
601, 602, 1.250893
602, 605, 1.282633
603, 604, 1.317177
603, 605, 1.317177
604, 605, 1.317177
606, 607, 1.163814
606, 609, 1.163814
607, 608, 1.250893
607, 609, 1.251092
608, 611, 1.282859
608, 621, 1.282633
609, 610, 1.250893
610, 620, 1.282859
610, 623, 1.282633
611, 612, 1.250893
611, 621, 1.282633
612, 613, 1.163814
612, 614, 1.251092
613, 614, 1.163814
614, 615, 1.250893
615, 616, 1.282859
615, 622, 1.282633
616, 617, 1.250893
616, 622, 1.282633
617, 618, 1.163814
617, 619, 1.251092
618, 619, 1.163814
619, 620, 1.250893
620, 623, 1.282633
621, 622, 1.317177
621, 623, 1.317177
622, 623, 1.317177
624, 625, 1.163814
624, 627, 1.163814
625, 626, 1.250893
625, 627, 1.251092
626, 629, 1.282859
626, 639, 1.282633
627, 628, 1.250893
628, 638, 1.282859
628, 641, 1.282633
629, 630, 1.250893
629, 639, 1.282633
630, 631, 1.163814
630, 632, 1.251092
631, 632, 1.163814
632, 633, 1.250893
633, 634, 1.282859
633, 640, 1.282633
634, 635, 1.250893
634, 640, 1.282633
635, 636, 1.163814
635, 637, 1.251092
636, 637, 1.163814
637, 638, 1.250893
638, 641, 1.282633
639, 640, 1.317177
639, 641, 1.317177
640, 641, 1.317177
