source_idx: 633
h_value: 1.650926

points:
0.000000, 5.783042, -9.357160, 24.774963
0.000000, 5.783042, 9.357160, 17.278759
0.000000, -5.783042, 9.357160, 9.782557
-5.783042, 9.357160, 0.000000, 29.179675
-5.783042, -9.357160, 0.000000, 15.773576
5.783042, 9.357160, 0.000000, 18.783943
5.783042, -9.357160, 0.000000, 5.377844
0.000000, -5.783042, -9.357160, 17.278760
9.357160, 0.000000, 5.783042, 7.105098
-9.357160, 0.000000, 5.783042, 21.916405
-9.357160, 0.000000, -5.783042, 27.452421
9.357160, 0.000000, -5.783042, 12.641115
3.399187, 8.899187, -5.500000, 22.418683
-3.399187, 8.899187, -5.500000, 29.330187
0.000000, 11.000000, 0.000000, 24.344990
-3.399187, 8.899187, 5.500000, 23.280315
3.399187, 8.899187, 5.500000, 18.161673
0.000000, 0.000000, 11.000000, 13.106486
-5.500000, 3.399187, 8.899187, 19.950860
-5.500000, -3.399187, 8.899187, 15.847675
5.500000, 3.399187, 8.899187, 11.904356
5.500000, -3.399187, 8.899187, 6.315887
0.000000, 0.000000, -11.000000, 21.451033
5.500000, 3.399187, -8.899187, 18.709844
5.500000, -3.399187, -8.899187, 14.606659
-5.500000, 3.399187, -8.899187, 28.241632
-5.500000, -3.399187, -8.899187, 22.653164
3.399187, -8.899187, 5.500000, 5.227332
-3.399187, -8.899187, 5.500000, 12.138836
0.000000, -11.000000, 0.000000, 10.212530
-3.399187, -8.899187, -5.500000, 16.395846
3.399187, -8.899187, -5.500000, 11.277204
-8.899187, 5.500000, 3.399187, 26.766133
-8.899187, 5.500000, -3.399187, 32.873348
-11.000000, 0.000000, 0.000000, 25.961844
-8.899187, -5.500000, -3.399187, 21.676101
-8.899187, -5.500000, 3.399187, 19.050340
8.899187, 5.500000, -3.399187, 15.507179
8.899187, 5.500000, 3.399187, 12.881418
11.000000, 0.000000, 0.000000, 8.595675
8.899187, -5.500000, 3.399187, 1.684171
8.899187, -5.500000, -3.399187, 7.791386
1.623830, 7.498902, -7.882236, 23.936220
-1.623830, 7.498902, -7.882236, 27.094480
0.000000, 9.357159, -5.783042, 25.874435
-1.787058, 10.461621, -2.891521, 27.163198
-4.871490, 9.506066, -2.627412, 30.143783
-3.247660, 10.509648, 0.000000, 27.155222
1.787058, 10.461621, -2.891521, 23.708264
3.247660, 10.509648, 0.000000, 21.362792
4.871490, 9.506066, -2.627412, 20.535813
-1.623830, 7.498902, 7.882236, 20.034364
1.623830, 7.498902, 7.882236, 17.700188
0.000000, 9.357159, 5.783042, 20.803422
1.787058, 10.461621, 2.891521, 21.295785
4.871490, 9.506066, 2.627412, 18.545534
-1.787058, 10.461621, 2.891521, 24.190264
-4.871490, 9.506066, 2.627412, 26.503109
0.000000, 3.247660, 10.509648, 15.322774
-2.627412, 4.871490, 9.506066, 18.545533
-2.891521, 1.787058, 10.461621, 16.527932
-5.783042, 0.000000, 9.357159, 17.919908
-7.882236, 1.623830, 7.498902, 21.150111
-7.882236, -1.623830, 7.498902, 19.133772
-2.891521, -1.787058, 10.461621, 14.352858
-2.627412, -4.871490, 9.506066, 12.562478
0.000000, -3.247660, 10.509648, 11.125801
2.627412, 4.871490, 9.506066, 14.791129
2.891521, 1.787058, 10.461621, 12.249697
2.891521, -1.787058, 10.461621, 9.695169
2.627412, -4.871490, 9.506066, 7.868758
5.783042, 0.000000, 9.357159, 8.929840
7.882236, -1.623830, 7.498902, 6.112152
7.882236, 1.623830, 7.498902, 9.162740
0.000000, 3.247660, -10.509648, 23.431718
2.627412, 4.871490, -9.506066, 21.995041
2.891521, 1.787058, -10.461621, 20.204661
5.783042, 0.000000, -9.357159, 16.637611
7.882236, 1.623830, -7.498902, 15.423748
7.882236, -1.623830, -7.498902, 13.407408
2.891521, -1.787058, -10.461621, 18.029588
2.627412, -4.871490, -9.506066, 16.011986
0.000000, -3.247660, -10.509648, 19.234745
-2.627412, 4.871490, -9.506066, 26.688761
-2.891521, 1.787058, -10.461621, 24.862350
-2.891521, -1.787058, -10.461621, 22.307822
-2.627412, -4.871490, -9.506066, 19.766390
-5.783042, 0.000000, -9.357159, 25.627679
-7.882236, -1.623830, -7.498902, 25.394779
-7.882236, 1.623830, -7.498902, 28.445367
1.623830, -7.498902, 7.882236, 7.463039
-1.623830, -7.498902, 7.882236, 10.621299
0.000000, -9.357159, 5.783042, 8.683084
-1.787058, -10.461621, 2.891521, 10.849255
-4.871490, -9.506066, 2.627412, 14.021706
-3.247660, -10.509648, 0.000000, 13.194727
1.787058, -10.461621, 2.891521, 7.394322
3.247660, -10.509648, 0.000000, 7.402297
4.871490, -9.506066, 2.627412, 4.413736
-1.623830, -7.498902, -7.882236, 16.857331
1.623830, -7.498902, -7.882236, 14.523155
0.000000, -9.357159, -5.783042, 13.754097
1.787058, -10.461621, -2.891521, 10.367256
4.871490, -9.506066, -2.627412, 8.054410
-1.787058, -10.461621, -2.891521, 13.261734
-4.871490, -9.506066, -2.627412, 16.011986
-7.498902, 7.882236, 1.623830, 28.636608
-7.498902, 7.882236, -1.623830, 31.763658
-9.357159, 5.783042, 0.000000, 30.095615
-10.461621, 2.891521, -1.787058, 29.417596
-9.506066, 2.627412, -4.871490, 30.143783
-10.509648, 0.000000, -3.247660, 27.254408
-10.461621, 2.891521, 1.787058, 26.989143
-10.509648, 0.000000, 3.247660, 23.936220
-9.506066, 2.627412, 4.871490, 24.256119
-7.498902, -7.882236, -1.623830, 18.483672
-7.498902, -7.882236, 1.623830, 17.278760
-9.357159, -5.783042, 0.000000, 20.502811
-10.461621, -2.891521, 1.787058, 22.506092
-9.506066, -2.627412, 4.871490, 20.704468
-10.461621, -2.891521, -1.787058, 24.055560
-9.506066, -2.627412, -4.871490, 24.837944
7.498902, 7.882236, -1.623830, 17.278760
7.498902, 7.882236, 1.623830, 16.073847
9.357159, 5.783042, 0.000000, 14.054708
10.461621, 2.891521, 1.787058, 10.501959
9.506066, 2.627412, 4.871490, 9.719575
10.509648, 0.000000, 3.247660, 7.303111
10.461621, 2.891521, -1.787058, 12.051427
10.509648, 0.000000, -3.247660, 10.621299
9.506066, 2.627412, -4.871490, 13.853051
7.498902, -7.882236, 1.623830, 2.793862
7.498902, -7.882236, -1.623830, 5.920911
9.357159, -5.783042, 0.000000, 4.461904
10.461621, -2.891521, -1.787058, 7.568376
9.506066, -2.627412, -4.871490, 10.301400
10.461621, -2.891521, 1.787058, 5.139923
9.506066, -2.627412, 4.871490, 4.413736
-4.678579, 6.465637, 7.570100, 21.796730
-6.465637, 7.570100, 4.678579, 25.386067
-7.570101, 4.678579, 6.465638, 23.368078
4.678579, 6.465637, 7.570100, 15.012016
7.570101, 4.678579, 6.465638, 12.127372
6.465637, 7.570100, 4.678579, 15.483746
-4.678579, 6.465637, -7.570100, 29.825892
-7.570101, 4.678579, -6.465638, 31.475606
-6.465637, 7.570100, -4.678579, 32.785938
4.678579, 6.465637, -7.570100, 20.688290
6.465637, 7.570100, -4.678579, 18.962931
7.570101, 4.678579, -6.465638, 17.101643
-4.678579, -6.465637, -7.570100, 19.545503
-6.465637, -7.570100, -4.678579, 19.073773
-7.570101, -4.678579, -6.465638, 22.430147
4.678579, -6.465637, -7.570100, 12.760789
7.570101, -4.678579, -6.465638, 11.189442
6.465637, -7.570100, -4.678579, 9.171453
-4.678579, -6.465637, 7.570100, 13.869229
-7.570101, -4.678579, 6.465638, 17.455876
-6.465637, -7.570100, 4.678579, 15.594588
4.678579, -6.465637, 7.570100, 4.731627
6.465637, -7.570100, 4.678579, 1.771581
7.570101, -4.678579, 6.465638, 3.081913
0.770997, 6.644478, -8.732495, 24.440980
-0.770997, 6.644478, -8.732495, 25.894516
0.000000, 7.581970, -7.969551, 25.522270
-0.860126, 8.475765, -6.958562, 26.630194
-2.519494, 8.275783, -6.794377, 28.290337
-1.763932, 9.236068, -5.708204, 27.646016
0.860126, 8.475765, -6.958562, 24.923195
1.763932, 9.236068, -5.708204, 24.102854
2.519494, 8.275783, -6.794377, 23.253425
-2.645898, 9.781154, -4.281153, 28.404432
-4.199156, 9.313871, -4.076626, 30.002924
-3.440502, 10.070525, -2.783425, 28.758255
-4.104544, 10.118718, -1.328258, 28.682146
-5.396979, 9.503492, -1.247499, 29.799438
-4.625982, 9.979995, 0.000000, 28.291599
-2.580377, 10.602113, -1.391712, 27.312247
-1.679662, 10.871004, 0.000000, 25.815553
-0.881966, 10.871323, -1.427051, 25.762836
0.881966, 10.871323, -1.427051, 24.128235
1.679662, 10.871004, 0.000000, 22.832155
2.580377, 10.602113, -1.391712, 22.508865
4.104544, 10.118718, -1.328258, 20.988843
4.625982, 9.979995, 0.000000, 20.001522
5.396979, 9.503492, -1.247499, 19.620548
3.440502, 10.070525, -2.783425, 22.048289
4.199156, 9.313871, -4.076626, 21.489244
2.645898, 9.781154, -4.281153, 23.115608
-0.905559, 10.042809, -4.395678, 26.663780
0.000000, 10.602473, -2.930452, 25.445731
0.905559, 10.042809, -4.395678, 24.868129
-0.770997, 6.644478, 8.732495, 18.576491
0.770997, 6.644478, 8.732495, 17.478816
0.000000, 7.581970, 7.969551, 18.875901
0.860126, 8.475765, 6.958562, 19.178935
2.519494, 8.275783, 6.794377, 17.932863
1.763932, 9.236068, 5.708204, 19.460626
-0.860126, 8.475765, 6.958562, 20.433805
-1.763932, 9.236068, 5.708204, 22.104088
-2.519494, 8.275783, 6.794377, 21.621656
2.645898, 9.781154, 4.281153, 19.694558
4.199156, 9.313871, 4.076626, 18.370079
3.440502, 10.070525, 2.783425, 19.862711
4.104544, 10.118718, 1.328258, 19.961802
5.396979, 9.503492, 1.247499, 18.682891
2.580377, 10.602113, 1.391712, 21.377605
0.881966, 10.871323, 1.427051, 22.875725
-0.881966, 10.871323, 1.427051, 24.370784
-2.580377, 10.602113, 1.391712, 25.763863
-4.104544, 10.118718, 1.328258, 26.968352
-5.396979, 9.503492, 1.247499, 27.929896
-3.440502, 10.070525, 2.783425, 25.456715
-4.199156, 9.313871, 4.076626, 24.933321
-2.645898, 9.781154, 4.281153, 23.808711
0.905559, 10.042809, 4.395678, 21.101508
0.000000, 10.602473, 2.930452, 22.771099
-0.905559, 10.042809, 4.395678, 22.505192
0.000000, 4.625982, 9.979995, 16.353852
-1.247499, 5.396979, 9.503492, 17.879195
-1.328258, 4.104544, 10.118718, 16.934068
-2.783425, 3.440502, 10.070525, 17.587216
-4.076626, 4.199156, 9.313871, 19.250453
-4.281153, 2.645898, 9.781153, 18.282915
-1.391712, 2.580377, 10.602112, 15.883307
-1.427051, 0.881966, 10.871323, 14.773319
0.000000, 1.679662, 10.871004, 14.220628
-5.708204, 1.763932, 9.236068, 18.974747
-6.794377, 2.519494, 8.275783, 20.597465
-6.958562, 0.860126, 8.475765, 19.613202
-7.969551, 0.000000, 7.581970, 20.161967
-8.732495, 0.770997, 6.644478, 21.589191
-8.732495, -0.770997, 6.644478, 20.606427
-6.958562, -0.860126, 8.475765, 18.568055
-6.794377, -2.519494, 8.275783, 17.528479
-5.708204, -1.763932, 9.236068, 16.854365
-4.281153, -2.645898, 9.781153, 15.096893
-4.076626, -4.199156, 9.313871, 14.167096
-2.783425, -3.440502, 10.070525, 13.383842
-1.328258, -4.104544, 10.118718, 11.791209
-1.247499, -5.396979, 9.503492, 11.090950
0.000000, -4.625982, 9.979995, 10.365907
-1.391712, -2.580377, 10.602112, 12.660744
0.000000, -1.679662, 10.871004, 12.052905
-1.427051, -0.881966, 10.871323, 13.673967
-4.395678, 0.905559, 10.042809, 17.223293
-4.395678, -0.905559, 10.042809, 16.136187
-2.930452, 0.000000, 10.602473, 15.424593
1.247499, 5.396979, 9.503492, 16.105447
1.328258, 4.104544, 10.118718, 15.032659
1.391712, 2.580377, 10.602112, 13.856104
1.427051, 0.881966, 10.871323, 12.631775
2.783425, 3.440502, 10.070525, 13.565062
4.281153, 2.645898, 9.781153, 12.003111
4.076626, 4.199156, 9.313871, 13.370096
1.427051, -0.881966, 10.871323, 11.441912
1.391712, -2.580377, 10.602112, 10.374796
1.328258, -4.104544, 10.118718, 9.497118
1.247499, -5.396979, 9.503492, 8.836126
2.783425, -3.440502, 10.070525, 8.656578
4.076626, -4.199156, 9.313871, 6.980578
4.281153, -2.645898, 9.781153, 7.956033
5.708204, -1.763932, 9.236068, 7.518690
6.794377, -2.519494, 8.275783, 6.012908
6.958562, -0.860126, 8.475765, 7.415725
7.969551, 0.000000, 7.581970, 7.619293
8.732495, -0.770997, 6.644478, 6.523909
8.732495, 0.770997, 6.644478, 8.028947
6.958562, 0.860126, 8.475765, 8.939683
6.794377, 2.519494, 8.275783, 10.474936
5.708204, 1.763932, 9.236068, 10.429284
2.930452, 0.000000, 10.602473, 10.925215
4.395678, -0.905559, 10.042809, 9.186833
4.395678, 0.905559, 10.042809, 10.574857
0.000000, 4.625982, -9.979995, 24.191612
1.247499, 5.396979, -9.503492, 23.466569
1.328258, 4.104544, -10.118718, 22.766310
2.783425, 3.440502, -10.070525, 21.173677
4.076626, 4.199156, -9.313871, 20.390423
4.281153, 2.645898, -9.781153, 19.460626
1.391712, 2.580377, -10.602112, 21.896775
1.427051, 0.881966, -10.871323, 20.883552
0.000000, 1.679662, -10.871004, 22.504614
5.708204, 1.763932, -9.236068, 17.703154
6.794377, 2.519494, -8.275783, 17.029040
6.958562, 0.860126, -8.475765, 15.989465
7.969551, 0.000000, -7.581970, 14.395552
8.732495, 0.770997, -6.644478, 13.951092
8.732495, -0.770997, -6.644478, 12.968328
6.958562, -0.860126, -8.475765, 14.944318
6.794377, -2.519494, -8.275783, 13.960054
5.708204, -1.763932, -9.236068, 15.582772
4.281153, -2.645898, -9.781153, 16.274604
4.076626, -4.199156, -9.313871, 15.307067
2.783425, -3.440502, -10.070525, 16.970304
1.328258, -4.104544, -10.118718, 17.623451
1.247499, -5.396979, -9.503492, 16.678324
0.000000, -4.625982, -9.979995, 18.203667
1.391712, -2.580377, -10.602112, 18.674212
0.000000, -1.679662, -10.871004, 20.336891
1.427051, -0.881966, -10.871323, 19.784200
4.395678, 0.905559, -10.042809, 18.421332
4.395678, -0.905559, -10.042809, 17.334226
2.930452, 0.000000, -10.602473, 19.132926
-1.247499, 5.396979, -9.503492, 25.721393
-1.328258, 4.104544, -10.118718, 25.060401
-1.391712, 2.580377, -10.602112, 24.182723
-1.427051, 0.881966, -10.871323, 23.115608
-2.783425, 3.440502, -10.070525, 25.900941
-4.281153, 2.645898, -9.781153, 26.601486
-4.076626, 4.199156, -9.313871, 27.576941
-1.427051, -0.881966, -10.871323, 21.925745
-1.391712, -2.580377, -10.602112, 20.701415
-1.328258, -4.104544, -10.118718, 19.524860
-1.247499, -5.396979, -9.503492, 18.452072
-2.783425, -3.440502, -10.070525, 20.992457
-4.076626, -4.199156, -9.313871, 21.187423
-4.281153, -2.645898, -9.781153, 22.554408
-5.708204, -1.763932, -9.236068, 24.128235
-6.794377, -2.519494, -8.275783, 24.082584
-6.958562, -0.860126, -8.475765, 25.617836
-7.969551, 0.000000, -7.581970, 26.938226
-8.732495, -0.770997, -6.644478, 26.528572
-8.732495, 0.770997, -6.644478, 28.033611
-6.958562, 0.860126, -8.475765, 27.141794
-6.794377, 2.519494, -8.275783, 28.544611
-5.708204, 1.763932, -9.236068, 27.038829
-2.930452, 0.000000, -10.602473, 23.632304
-4.395678, -0.905559, -10.042809, 23.982662
-4.395678, 0.905559, -10.042809, 25.370686
0.770997, -6.644478, 8.732495, 8.663003
-0.770997, -6.644478, 8.732495, 10.116539
0.000000, -7.581970, 7.969551, 9.035249
-0.860126, -8.475765, 6.958562, 9.634324
-2.519494, -8.275783, 6.794377, 11.304095
-1.763932, -9.236068, 5.708204, 10.454665
0.860126, -8.475765, 6.958562, 7.927326
1.763932, -9.236068, 5.708204, 6.911504
2.519494, -8.275783, 6.794377, 6.267182
-2.645898, -9.781154, 4.281153, 11.441911
-4.199156, -9.313871, 4.076626, 13.068275
-3.440502, -10.070525, 2.783425, 12.509230
-4.104544, -10.118718, 1.328258, 13.568676
-5.396979, -9.503492, 1.247499, 14.936971
-4.625982, -9.979995, 0.000000, 14.555997
-2.580377, -10.602113, 1.391712, 12.048654
-1.679662, -10.871004, 0.000000, 11.725364
-0.881966, -10.871323, 1.427051, 10.429284
0.881966, -10.871323, 1.427051, 8.794683
1.679662, -10.871004, 0.000000, 8.741966
2.580377, -10.602113, 1.391712, 7.245272
4.104544, -10.118718, 1.328258, 5.875373
4.625982, -9.979995, 0.000000, 6.265920
5.396979, -9.503492, 1.247499, 4.758081
3.440502, -10.070525, 2.783425, 5.799264
4.199156, -9.313871, 4.076626, 4.554596
2.645898, -9.781154, 4.281153, 6.153087
-0.905559, -10.042809, 4.395678, 9.689390
0.000000, -10.602473, 2.930452, 9.111788
0.905559, -10.042809, 4.395678, 7.893739
-0.770997, -6.644478, -8.732495, 17.078703
0.770997, -6.644478, -8.732495, 15.981028
0.000000, -7.581970, -7.969551, 15.681618
0.860126, -8.475765, -6.958562, 14.123714
2.519494, -8.275783, -6.794377, 12.935863
1.763932, -9.236068, -5.708204, 12.453432
-0.860126, -8.475765, -6.958562, 15.378584
-1.763932, -9.236068, -5.708204, 15.096893
-2.519494, -8.275783, -6.794377, 16.624656
2.645898, -9.781154, -4.281153, 10.748809
4.199156, -9.313871, -4.076626, 9.624199
3.440502, -10.070525, -2.783425, 9.100804
4.104544, -10.118718, -1.328258, 7.589168
5.396979, -9.503492, -1.247499, 6.627623
2.580377, -10.602113, -1.391712, 8.793656
0.881966, -10.871323, -1.427051, 10.186736
-0.881966, -10.871323, -1.427051, 11.681794
-2.580377, -10.602113, -1.391712, 13.179914
-4.104544, -10.118718, -1.328258, 14.595718
-5.396979, -9.503492, -1.247499, 15.874629
-3.440502, -10.070525, -2.783425, 14.694808
-4.199156, -9.313871, -4.076626, 16.187440
-2.645898, -9.781154, -4.281153, 14.862961
0.905559, -10.042809, -4.395678, 12.052327
0.000000, -10.602473, -2.930452, 11.786420
-0.905559, -10.042809, -4.395678, 13.456012
-6.644478, 8.732495, 0.770997, 29.077986
-6.644478, 8.732495, -0.770997, 30.428619
-7.581970, 7.969551, 0.000000, 30.223361
-8.475765, 6.958562, -0.860126, 31.243102
-8.275783, 6.794377, -2.519494, 32.921142
-9.236068, 5.708204, -1.763932, 31.695350
-8.475765, 6.958562, 0.860126, 29.522128
-9.236068, 5.708204, 1.763932, 28.404432
-8.275783, 6.794377, 2.519494, 27.841595
-9.781153, 4.281153, -2.645898, 31.189176
-9.313871, 4.076626, -4.199156, 31.616461
-10.070525, 2.783425, -3.440502, 30.053343
-10.118718, 1.328258, -4.104544, 28.743477
-9.503492, 1.247499, -5.396979, 28.730420
-9.979995, 0.000000, -4.625982, 27.475271
-10.602113, 1.391712, -2.580377, 28.389920
-10.871004, 0.000000, -1.679662, 26.743510
-10.871323, 1.427051, -0.881966, 27.646015
-10.871323, 1.427051, 0.881966, 26.601486
-10.871004, 0.000000, 1.679662, 24.990691
-10.602113, 1.391712, 2.580377, 25.402166
-10.118718, 1.328258, 4.104544, 24.182520
-9.979995, 0.000000, 4.625982, 22.891167
-9.503492, 1.247499, 5.396979, 23.033365
-10.070525, 2.783425, 3.440502, 25.590156
-9.313871, 4.076626, 4.199156, 25.530823
-9.781153, 4.281153, 2.645898, 27.038829
-10.042807, 4.395677, -0.905559, 30.072533
-10.602473, 2.930452, 0.000000, 28.327569
-10.042807, 4.395677, 0.905559, 28.603683
-6.644478, -8.732495, -0.770997, 17.049510
-6.644478, -8.732495, 0.770997, 16.477868
-7.581970, -7.969551, 0.000000, 17.886982
-8.475765, -6.958562, 0.860126, 18.813373
-8.275783, -6.794377, 2.519494, 18.151298
-9.236068, -5.708204, 1.763932, 19.784200
-8.475765, -6.958562, -0.860126, 19.459613
-9.236068, -5.708204, -1.763932, 21.148155
-8.275783, -6.794377, -2.519494, 20.045231
-9.781153, -4.281153, 2.645898, 20.734512
-9.313871, -4.076626, 4.199156, 19.918905
-10.070525, -2.783425, 3.440502, 21.596479
-10.118718, -1.328258, 4.104544, 22.321364
-9.503492, -1.247499, 5.396979, 21.373597
-10.602113, -1.391712, 2.580377, 23.314429
-10.871323, -1.427051, 0.881966, 24.277673
-10.871323, -1.427051, -0.881966, 25.113977
-10.602113, -1.391712, -2.580377, 25.735830
-10.118718, -1.328258, -4.104544, 26.102443
-9.503492, -1.247499, -5.396979, 26.232965
-10.070525, -2.783425, -3.440502, 24.552980
-9.313871, -4.076626, -4.199156, 23.299386
-9.781153, -4.281153, -2.645898, 22.875725
-10.042807, -4.395677, 0.905559, 21.545681
-10.602473, -2.930452, 0.000000, 23.354111
-10.042807, -4.395677, -0.905559, 22.280678
6.644478, 8.732495, -0.770997, 18.079651
6.644478, 8.732495, 0.770997, 17.508009
7.581970, 7.969551, 0.000000, 16.670537
8.475765, 6.958562, 0.860126, 15.097906
8.275783, 6.794377, 2.519494, 14.512289
9.236068, 5.708204, 1.763932, 13.409365
8.475765, 6.958562, -0.860126, 15.744146
9.236068, 5.708204, -1.763932, 14.773319
8.275783, 6.794377, -2.519494, 16.406222
9.781153, 4.281153, 2.645898, 11.681794
9.313871, 4.076626, 4.199156, 11.258133
10.070525, 2.783425, 3.440502, 10.004539
10.118718, 1.328258, 4.104544, 8.455076
9.503492, 1.247499, 5.396979, 8.324554
9.979995, 0.000000, 4.625982, 7.082249
10.602113, 1.391712, 2.580377, 8.821689
10.871004, 0.000000, 1.679662, 7.814009
10.871323, 1.427051, 0.881966, 9.443543
10.871323, 1.427051, -0.881966, 10.279847
10.871004, 0.000000, -1.679662, 9.566828
10.602113, 1.391712, -2.580377, 11.243090
10.118718, 1.328258, -4.104544, 12.236155
9.979995, 0.000000, -4.625982, 11.666352
9.503492, 1.247499, -5.396979, 13.183922
10.070525, 2.783425, -3.440502, 12.961040
9.313871, 4.076626, -4.199156, 14.638614
9.781153, 4.281153, -2.645898, 13.823008
10.042807, 4.395677, 0.905559, 12.276841
10.602473, 2.930452, 0.000000, 11.203409
10.042807, 4.395677, -0.905559, 13.011838
6.644478, -8.732495, 0.770997, 4.128900
6.644478, -8.732495, -0.770997, 5.479534
7.581970, -7.969551, 0.000000, 4.334158
8.475765, -6.958562, -0.860126, 5.035392
8.275783, -6.794377, -2.519494, 6.715924
9.236068, -5.708204, -1.763932, 6.153087
8.475765, -6.958562, 0.860126, 3.314417
9.236068, -5.708204, 1.763932, 2.862169
8.275783, -6.794377, 2.519494, 1.636377
9.781153, -4.281153, -2.645898, 7.518690
9.313871, -4.076626, -4.199156, 9.026696
10.070525, -2.783425, -3.440502, 8.967363
10.118718, -1.328258, -4.104544, 10.374999
9.503492, -1.247499, -5.396979, 11.524154
10.602113, -1.391712, -2.580377, 9.155353
10.871323, -1.427051, -0.881966, 7.956033
10.871323, -1.427051, 0.881966, 6.911504
10.602113, -1.391712, 2.580377, 6.167599
10.118718, -1.328258, 4.104544, 5.814042
9.503492, -1.247499, 5.396979, 5.827099
10.070525, -2.783425, 3.440502, 4.504176
9.313871, -4.076626, 4.199156, 2.941058
9.781153, -4.281153, 2.645898, 3.368343
10.042807, -4.395677, -0.905559, 5.953836
10.602473, -2.930452, 0.000000, 6.229951
10.042807, -4.395677, 0.905559, 4.484986
-2.149167, 6.253711, 8.790460, 19.307774
-3.111964, 7.084053, 7.818687, 20.902242
-4.072949, 7.809017, 6.590170, 22.615387
-3.643550, 5.692340, 8.678813, 20.092777
-5.163119, 4.954915, 8.354102, 20.883552
-4.954915, 8.354101, 5.163118, 24.370784
-5.692340, 8.678814, 3.643551, 26.079589
-6.253711, 8.790460, 2.149167, 27.664822
-7.084053, 7.818687, 3.111964, 27.089788
-7.809017, 6.590170, 4.072949, 26.212972
-8.354102, 5.163119, 4.954915, 25.113977
-8.678814, 3.643551, 5.692340, 23.909440
-8.790460, 2.149167, 6.253711, 22.709131
-7.818687, 3.111964, 7.084053, 22.236920
-6.590170, 4.072949, 7.809017, 21.617522
-5.647130, 7.112356, 6.206797, 23.591435
-7.112356, 6.206797, 5.647130, 24.453484
-6.206797, 5.647130, 7.112356, 22.645130
2.149167, 6.253711, 8.790460, 16.243326
3.643550, 5.692340, 8.678813, 14.869784
5.163119, 4.954915, 8.354102, 13.409365
3.111964, 7.084053, 7.818687, 16.417755
4.072949, 7.809017, 6.590170, 16.625247
6.590170, 4.072949, 7.809017, 11.942132
7.818687, 3.111964, 7.084053, 10.559449
8.790460, 2.149167, 6.253711, 9.338553
8.678814, 3.643551, 5.692340, 10.829592
8.354102, 5.163119, 4.954915, 12.453432
7.809017, 6.590170, 4.072949, 14.132460
7.084053, 7.818687, 3.111964, 15.777019
6.253711, 8.790460, 2.149167, 17.309836
5.692340, 8.678814, 3.643551, 17.088139
4.954915, 8.354101, 5.163118, 16.854365
6.206797, 5.647130, 7.112356, 13.551316
7.112356, 6.206797, 5.647130, 13.799477
5.647130, 7.112356, 6.206797, 15.220695
-2.149167, 6.253711, -8.790460, 27.036078
-3.643550, 5.692340, -8.678813, 28.194530
-5.163119, 4.954915, -8.354102, 29.213318
-3.111964, 7.084053, -7.818687, 28.451424
-4.072949, 7.809017, -6.590170, 29.854863
-6.590170, 4.072949, -7.809017, 29.854863
-7.818687, 3.111964, -7.084053, 29.922795
-8.790460, 2.149167, -6.253711, 29.468298
-8.678814, 3.643551, -5.692340, 31.069957
-8.354102, 5.163119, -4.954915, 32.791691
-7.809017, 6.590170, -4.072949, 34.557519
-7.084053, 7.818687, -3.111964, 32.835785
-6.253711, 8.790460, -2.149167, 31.234125
-5.692340, 8.678814, -3.643551, 31.543581
-4.954915, 8.354101, -5.163118, 31.014358
-6.206797, 5.647130, -7.112356, 30.978833
-7.112356, 6.206797, -5.647130, 32.792004
-5.647130, 7.112356, -6.206797, 31.465182
2.149167, 6.253711, -8.790460, 23.010363
3.111964, 7.084053, -7.818687, 22.390677
4.072949, 7.809017, -6.590170, 21.617522
3.643550, 5.692340, -8.678813, 21.412586
5.163119, 4.954915, -8.354102, 19.694558
4.954915, 8.354101, -5.163118, 20.734512
5.692340, 8.678814, -3.643551, 19.808572
6.253711, 8.790460, -2.149167, 18.907315
7.084053, 7.818687, -3.111964, 18.086929
7.809017, 6.590170, -4.072949, 17.191351
8.354102, 5.163119, -4.954915, 16.274604
8.678814, 3.643551, -5.692340, 15.399008
8.790460, 2.149167, -6.253711, 14.615505
7.818687, 3.111964, -7.084053, 16.213924
6.590170, 4.072949, -7.809017, 17.932272
5.647130, 7.112356, -6.206797, 19.852456
7.112356, 6.206797, -5.647130, 18.039713
6.206797, 5.647130, -7.112356, 18.895008
-2.149167, -6.253711, -8.790460, 18.314193
-3.111964, -7.084053, -7.818687, 18.139764
-4.072949, -7.809017, -6.590170, 17.932272
-3.643550, -5.692340, -8.678813, 19.687735
-5.163119, -4.954915, -8.354102, 21.148155
-4.954915, -8.354101, -5.163118, 17.703154
-5.692340, -8.678814, -3.643551, 17.469380
-6.253711, -8.790460, -2.149167, 17.247683
-7.084053, -7.818687, -3.111964, 18.780500
-7.809017, -6.590170, -4.072949, 20.425059
-8.354102, -5.163119, -4.954915, 22.104088
-8.678814, -3.643551, -5.692340, 23.727927
-8.790460, -2.149167, -6.253711, 25.218966
-7.818687, -3.111964, -7.084053, 23.998070
-6.590170, -4.072949, -7.809017, 22.615387
-5.647130, -7.112356, -6.206797, 19.336824
-7.112356, -6.206797, -5.647130, 20.758042
-6.206797, -5.647130, -7.112356, 21.006203
2.149167, -6.253711, -8.790460, 15.249745
3.643550, -5.692340, -8.678813, 14.464742
5.163119, -4.954915, -8.354102, 13.673967
3.111964, -7.084053, -7.818687, 13.655277
4.072949, -7.809017, -6.590170, 11.942132
6.590170, -4.072949, -7.809017, 12.939998
7.818687, -3.111964, -7.084053, 12.320599
8.790460, -2.149167, -6.253711, 11.848388
8.678814, -3.643551, -5.692340, 10.648080
8.354102, -5.163119, -4.954915, 9.443543
7.809017, -6.590170, -4.072949, 8.344547
7.084053, -7.818687, -3.111964, 7.467731
6.253711, -8.790460, -2.149167, 6.892697
5.692340, -8.678814, -3.643551, 8.477930
4.954915, -8.354101, -5.163118, 10.186736
6.206797, -5.647130, -7.112356, 11.912389
7.112356, -6.206797, -5.647130, 10.104035
5.647130, -7.112356, -6.206797, 10.966084
-2.149167, -6.253711, 8.790460, 11.547156
-3.643550, -5.692340, 8.678813, 13.144933
-5.163119, -4.954915, 8.354102, 14.862961
-3.111964, -7.084053, 7.818687, 12.166842
-4.072949, -7.809017, 6.590170, 12.939998
-6.590170, -4.072949, 7.809017, 16.625247
-7.818687, -3.111964, 7.084053, 18.343595
-8.790460, -2.149167, 6.253711, 19.942014
-8.678814, -3.643551, 5.692340, 19.158511
-8.354102, -5.163119, 4.954915, 18.282915
-7.809017, -6.590170, 4.072949, 17.366169
-7.084053, -7.818687, 3.111964, 16.470591
-6.253711, -8.790460, 2.149167, 15.650204
-5.692340, -8.678814, 3.643551, 14.748947
-4.954915, -8.354101, 5.163118, 13.823008
-6.206797, -5.647130, 7.112356, 15.662511
-7.112356, -6.206797, 5.647130, 16.517807
-5.647130, -7.112356, 6.206797, 14.705063
2.149167, -6.253711, 8.790460, 7.521441
3.111964, -7.084053, 7.818687, 6.106095
4.072949, -7.809017, 6.590170, 4.702656
3.643550, -5.692340, 8.678813, 6.362990
5.163119, -4.954915, 8.354102, 5.344201
4.954915, -8.354101, 5.163118, 3.543161
5.692340, -8.678814, 3.643551, 3.013938
6.253711, -8.790460, 2.149167, 3.323394
7.084053, -7.818687, 3.111964, 1.721734
7.809017, -6.590170, 4.072949, 0.000000
8.354102, -5.163119, 4.954915, 1.765828
8.678814, -3.643551, 5.692340, 3.487562
8.790460, -2.149167, 6.253711, 5.089221
7.818687, -3.111964, 7.084053, 4.634724
6.590170, -4.072949, 7.809017, 4.702656
5.647130, -7.112356, 6.206797, 3.092337
7.112356, -6.206797, 5.647130, 1.765515
6.206797, -5.647130, 7.112356, 3.578686

graph:
0, 162, 1.314044
0, 163, 1.314044
0, 274, 1.314044
0, 275, 1.314045
0, 304, 1.314045
1, 192, 1.314044
1, 193, 1.314044
1, 218, 1.314044
1, 219, 1.314045
1, 248, 1.314045
2, 240, 1.314045
2, 241, 1.314044
2, 258, 1.314045
2, 330, 1.314044
2, 331, 1.314044
3, 175, 1.314044
3, 176, 1.314044
3, 211, 1.314044
3, 386, 1.314044
3, 387, 1.314044
4, 343, 1.314044
4, 344, 1.314044
4, 379, 1.314044
4, 416, 1.314044
4, 417, 1.314044
5, 184, 1.314044
5, 185, 1.314044
5, 205, 1.314044
5, 442, 1.314044
5, 443, 1.314044
6, 352, 1.314044
6, 353, 1.314044
6, 373, 1.314044
6, 472, 1.314044
6, 473, 1.314044
7, 296, 1.314045
7, 297, 1.314044
7, 314, 1.314045
7, 360, 1.314044
7, 361, 1.314044
8, 266, 1.314044
8, 267, 1.314044
8, 455, 1.314045
8, 456, 1.314044
8, 491, 1.314045
9, 231, 1.314044
9, 232, 1.314044
9, 408, 1.314044
9, 409, 1.314045
9, 429, 1.314045
10, 322, 1.314044
10, 323, 1.314044
10, 399, 1.314045
10, 400, 1.314044
10, 435, 1.314045
11, 287, 1.314044
11, 288, 1.314044
11, 464, 1.314044
11, 465, 1.314045
11, 485, 1.314045
12, 169, 1.682527
12, 170, 1.684609
12, 187, 1.684608
12, 188, 1.682527
12, 554, 1.682527
12, 557, 1.682527
13, 166, 1.684609
13, 167, 1.682527
13, 171, 1.682527
13, 172, 1.684608
13, 538, 1.682527
13, 548, 1.682527
14, 178, 1.684608
14, 179, 1.682527
14, 180, 1.682527
14, 181, 1.684608
14, 207, 1.682527
14, 208, 1.682527
15, 199, 1.682527
15, 200, 1.684609
15, 213, 1.684608
15, 214, 1.682527
15, 500, 1.682527
15, 503, 1.682527
16, 196, 1.684609
16, 197, 1.682527
16, 201, 1.682527
16, 202, 1.684608
16, 520, 1.682527
16, 530, 1.682527
17, 225, 1.682527
17, 226, 1.684608
17, 243, 1.684608
17, 244, 1.682527
17, 251, 1.682527
17, 255, 1.682527
18, 222, 1.684608
18, 223, 1.682527
18, 227, 1.682527
18, 228, 1.684609
18, 502, 1.682527
18, 512, 1.682527
19, 234, 1.684609
19, 235, 1.682527
19, 236, 1.682527
19, 237, 1.684608
19, 608, 1.682527
19, 611, 1.682527
20, 253, 1.682527
20, 254, 1.684608
20, 269, 1.684609
20, 270, 1.682527
20, 518, 1.682527
20, 521, 1.682527
21, 260, 1.684608
21, 261, 1.682527
21, 262, 1.682527
21, 263, 1.684609
21, 628, 1.682527
21, 638, 1.682527
22, 281, 1.682527
22, 282, 1.684608
22, 299, 1.684608
22, 300, 1.682527
22, 307, 1.682527
22, 311, 1.682527
23, 278, 1.684608
23, 279, 1.682527
23, 283, 1.682527
23, 284, 1.684609
23, 556, 1.682527
23, 566, 1.682527
24, 290, 1.684609
24, 291, 1.682527
24, 292, 1.682527
24, 293, 1.684608
24, 590, 1.682527
24, 593, 1.682527
25, 309, 1.682527
25, 310, 1.684608
25, 325, 1.684609
25, 326, 1.682527
25, 536, 1.682527
25, 539, 1.682527
26, 316, 1.684608
26, 317, 1.682527
26, 318, 1.682527
26, 319, 1.684609
26, 574, 1.682527
26, 584, 1.682527
27, 337, 1.682527
27, 338, 1.684609
27, 355, 1.684608
27, 356, 1.682527
27, 626, 1.682527
27, 629, 1.682527
28, 334, 1.684609
28, 335, 1.682527
28, 339, 1.682527
28, 340, 1.684608
28, 610, 1.682527
28, 620, 1.682527
29, 346, 1.684608
29, 347, 1.682527
29, 348, 1.682527
29, 349, 1.684608
29, 375, 1.682527
29, 376, 1.682527
30, 367, 1.682527
30, 368, 1.684609
30, 381, 1.684608
30, 382, 1.682527
30, 572, 1.682527
30, 575, 1.682527
31, 364, 1.684609
31, 365, 1.682527
31, 369, 1.682527
31, 370, 1.684608
31, 592, 1.682527
31, 602, 1.682527
32, 393, 1.682527
32, 394, 1.684609
32, 411, 1.684608
32, 412, 1.682527
32, 507, 1.682527
32, 508, 1.682527
33, 390, 1.684609
33, 391, 1.682527
33, 395, 1.682527
33, 396, 1.684608
33, 543, 1.682527
33, 544, 1.682527
34, 402, 1.684608
34, 403, 1.682527
34, 404, 1.682527
34, 405, 1.684608
34, 431, 1.682527
34, 432, 1.682527
35, 423, 1.682527
35, 424, 1.684609
35, 437, 1.684608
35, 438, 1.682527
35, 579, 1.682527
35, 580, 1.682527
36, 420, 1.684609
36, 421, 1.682527
36, 425, 1.682527
36, 426, 1.684608
36, 615, 1.682527
36, 616, 1.682527
37, 449, 1.682527
37, 450, 1.684609
37, 467, 1.684608
37, 468, 1.682527
37, 561, 1.682527
37, 562, 1.682527
38, 446, 1.684609
38, 447, 1.682527
38, 451, 1.682527
38, 452, 1.684608
38, 525, 1.682527
38, 526, 1.682527
39, 458, 1.684608
39, 459, 1.682527
39, 460, 1.682527
39, 461, 1.684608
39, 487, 1.682527
39, 488, 1.682527
40, 479, 1.682527
40, 480, 1.684609
40, 493, 1.684608
40, 494, 1.682527
40, 633, 1.682527
40, 634, 1.682527
41, 476, 1.684609
41, 477, 1.682527
41, 481, 1.682527
41, 482, 1.684608
41, 597, 1.682527
41, 598, 1.682527
42, 162, 1.476586
42, 164, 1.628296
42, 168, 1.546183
42, 170, 1.609097
42, 552, 1.628296
42, 553, 1.546182
43, 163, 1.476586
43, 164, 1.628296
43, 165, 1.546183
43, 166, 1.609097
43, 534, 1.628296
43, 537, 1.546182
44, 165, 1.702503
44, 167, 1.769667
44, 168, 1.702503
44, 169, 1.769667
44, 189, 1.793023
44, 191, 1.793023
45, 171, 1.769667
45, 173, 1.702503
45, 177, 1.702503
45, 179, 1.769667
45, 189, 1.793023
45, 190, 1.793023
46, 172, 1.609097
46, 173, 1.546182
46, 174, 1.628296
46, 175, 1.476586
46, 546, 1.628296
46, 547, 1.546183
47, 174, 1.628296
47, 176, 1.476586
47, 177, 1.546182
47, 178, 1.609097
47, 209, 1.546182
47, 210, 1.628296
48, 180, 1.769667
48, 182, 1.702503
48, 186, 1.702503
48, 188, 1.769667
48, 190, 1.793023
48, 191, 1.793023
49, 181, 1.609097
49, 182, 1.546182
49, 183, 1.628296
49, 184, 1.476586
49, 204, 1.628296
49, 206, 1.546182
50, 183, 1.628296
50, 185, 1.476586
50, 186, 1.546182
50, 187, 1.609097
50, 558, 1.546183
50, 559, 1.628296
51, 192, 1.476586
51, 194, 1.628296
51, 198, 1.546183
51, 200, 1.609097
51, 498, 1.628296
51, 499, 1.546182
52, 193, 1.476586
52, 194, 1.628296
52, 195, 1.546183
52, 196, 1.609097
52, 516, 1.628296
52, 519, 1.546182
53, 195, 1.702503
53, 197, 1.769667
53, 198, 1.702503
53, 199, 1.769667
53, 215, 1.793023
53, 217, 1.793023
54, 201, 1.769667
54, 203, 1.702503
54, 206, 1.702503
54, 207, 1.769667
54, 215, 1.793023
54, 216, 1.793023
55, 202, 1.609097
55, 203, 1.546182
55, 204, 1.628296
55, 205, 1.476586
55, 528, 1.628296
55, 529, 1.546183
56, 208, 1.769667
56, 209, 1.702503
56, 212, 1.702503
56, 214, 1.769667
56, 216, 1.793023
56, 217, 1.793023
57, 210, 1.628296
57, 211, 1.476586
57, 212, 1.546182
57, 213, 1.609097
57, 504, 1.546183
57, 505, 1.628296
58, 218, 1.476586
58, 220, 1.628296
58, 224, 1.546182
58, 226, 1.609097
58, 249, 1.628296
58, 250, 1.546182
59, 219, 1.476586
59, 220, 1.628296
59, 221, 1.546182
59, 222, 1.609097
59, 498, 1.628296
59, 501, 1.546183
60, 221, 1.702503
60, 223, 1.769666
60, 224, 1.702503
60, 225, 1.769667
60, 245, 1.793023
60, 247, 1.793023
61, 227, 1.769667
61, 229, 1.702503
61, 233, 1.702503
61, 235, 1.769667
61, 245, 1.793023
61, 246, 1.793023
62, 228, 1.609097
62, 229, 1.546182
62, 230, 1.628296
62, 231, 1.476586
62, 510, 1.628296
62, 511, 1.546182
63, 230, 1.628296
63, 232, 1.476586
63, 233, 1.546182
63, 234, 1.609097
63, 612, 1.546182
63, 613, 1.628296
64, 236, 1.769666
64, 238, 1.702503
64, 242, 1.702503
64, 244, 1.769667
64, 246, 1.793023
64, 247, 1.793023
65, 237, 1.609097
65, 238, 1.546182
65, 239, 1.628296
65, 240, 1.476586
65, 606, 1.628296
65, 607, 1.546183
66, 239, 1.628296
66, 241, 1.476586
66, 242, 1.546182
66, 243, 1.609097
66, 256, 1.546182
66, 257, 1.628296
67, 248, 1.476586
67, 249, 1.628296
67, 252, 1.546182
67, 254, 1.609097
67, 516, 1.628296
67, 517, 1.546183
68, 250, 1.702503
68, 251, 1.769667
68, 252, 1.702503
68, 253, 1.769666
68, 271, 1.793023
68, 273, 1.793023
69, 255, 1.769667
69, 256, 1.702503
69, 259, 1.702503
69, 261, 1.769666
69, 271, 1.793023
69, 272, 1.793023
70, 257, 1.628296
70, 258, 1.476586
70, 259, 1.546182
70, 260, 1.609097
70, 624, 1.628296
70, 627, 1.546183
71, 262, 1.769667
71, 264, 1.702503
71, 268, 1.702503
71, 270, 1.769667
71, 272, 1.793023
71, 273, 1.793023
72, 263, 1.609097
72, 264, 1.546182
72, 265, 1.628296
72, 266, 1.476586
72, 636, 1.628296
72, 637, 1.546182
73, 265, 1.628296
73, 267, 1.476586
73, 268, 1.546182
73, 269, 1.609097
73, 522, 1.546182
73, 523, 1.628296
74, 274, 1.476586
74, 276, 1.628296
74, 280, 1.546182
74, 282, 1.609097
74, 305, 1.628296
74, 306, 1.546182
75, 275, 1.476586
75, 276, 1.628296
75, 277, 1.546182
75, 278, 1.609097
75, 552, 1.628296
75, 555, 1.546183
76, 277, 1.702503
76, 279, 1.769666
76, 280, 1.702503
76, 281, 1.769667
76, 301, 1.793023
76, 303, 1.793023
77, 283, 1.769667
77, 285, 1.702503
77, 289, 1.702503
77, 291, 1.769667
77, 301, 1.793023
77, 302, 1.793023
78, 284, 1.609097
78, 285, 1.546182
78, 286, 1.628296
78, 287, 1.476586
78, 564, 1.628296
78, 565, 1.546182
79, 286, 1.628296
79, 288, 1.476586
79, 289, 1.546182
79, 290, 1.609097
79, 594, 1.546182
79, 595, 1.628296
80, 292, 1.769666
80, 294, 1.702503
80, 298, 1.702503
80, 300, 1.769667
80, 302, 1.793023
80, 303, 1.793023
81, 293, 1.609097
81, 294, 1.546182
81, 295, 1.628296
81, 296, 1.476586
81, 588, 1.628296
81, 589, 1.546183
82, 295, 1.628296
82, 297, 1.476586
82, 298, 1.546182
82, 299, 1.609097
82, 312, 1.546182
82, 313, 1.628296
83, 304, 1.476586
83, 305, 1.628296
83, 308, 1.546182
83, 310, 1.609097
83, 534, 1.628296
83, 535, 1.546183
84, 306, 1.702503
84, 307, 1.769667
84, 308, 1.702503
84, 309, 1.769666
84, 327, 1.793023
84, 329, 1.793023
85, 311, 1.769667
85, 312, 1.702503
85, 315, 1.702503
85, 317, 1.769666
85, 327, 1.793023
85, 328, 1.793023
86, 313, 1.628296
86, 314, 1.476586
86, 315, 1.546182
86, 316, 1.609097
86, 570, 1.628296
86, 573, 1.546183
87, 318, 1.769667
87, 320, 1.702503
87, 324, 1.702503
87, 326, 1.769667
87, 328, 1.793023
87, 329, 1.793023
88, 319, 1.609097
88, 320, 1.546182
88, 321, 1.628296
88, 322, 1.476586
88, 582, 1.628296
88, 583, 1.546182
89, 321, 1.628296
89, 323, 1.476586
89, 324, 1.546182
89, 325, 1.609097
89, 540, 1.546182
89, 541, 1.628296
90, 330, 1.476586
90, 332, 1.628296
90, 336, 1.546183
90, 338, 1.609097
90, 624, 1.628296
90, 625, 1.546182
91, 331, 1.476586
91, 332, 1.628296
91, 333, 1.546183
91, 334, 1.609097
91, 606, 1.628296
91, 609, 1.546182
92, 333, 1.702503
92, 335, 1.769667
92, 336, 1.702503
92, 337, 1.769667
92, 357, 1.793023
92, 359, 1.793023
93, 339, 1.769667
93, 341, 1.702503
93, 345, 1.702503
93, 347, 1.769667
93, 357, 1.793023
93, 358, 1.793023
94, 340, 1.609097
94, 341, 1.546182
94, 342, 1.628296
94, 343, 1.476586
94, 618, 1.628296
94, 619, 1.546183
95, 342, 1.628296
95, 344, 1.476586
95, 345, 1.546182
95, 346, 1.609097
95, 377, 1.546182
95, 378, 1.628296
96, 348, 1.769667
96, 350, 1.702503
96, 354, 1.702503
96, 356, 1.769667
96, 358, 1.793023
96, 359, 1.793023
97, 349, 1.609097
97, 350, 1.546182
97, 351, 1.628296
97, 352, 1.476586
97, 372, 1.628296
97, 374, 1.546182
98, 351, 1.628296
98, 353, 1.476586
98, 354, 1.546182
98, 355, 1.609097
98, 630, 1.546183
98, 631, 1.628296
99, 360, 1.476586
99, 362, 1.628296
99, 366, 1.546183
99, 368, 1.609097
99, 570, 1.628296
99, 571, 1.546182
100, 361, 1.476586
100, 362, 1.628296
100, 363, 1.546183
100, 364, 1.609097
100, 588, 1.628296
100, 591, 1.546182
101, 363, 1.702503
101, 365, 1.769667
101, 366, 1.702503
101, 367, 1.769667
101, 383, 1.793023
101, 385, 1.793023
102, 369, 1.769667
102, 371, 1.702503
102, 374, 1.702503
102, 375, 1.769667
102, 383, 1.793023
102, 384, 1.793023
103, 370, 1.609097
103, 371, 1.546182
103, 372, 1.628296
103, 373, 1.476586
103, 600, 1.628296
103, 601, 1.546183
104, 376, 1.769667
104, 377, 1.702503
104, 380, 1.702503
104, 382, 1.769667
104, 384, 1.793023
104, 385, 1.793023
105, 378, 1.628296
105, 379, 1.476586
105, 380, 1.546182
105, 381, 1.609097
105, 576, 1.546183
105, 577, 1.628296
106, 386, 1.476586
106, 388, 1.628296
106, 392, 1.546183
106, 394, 1.609097
106, 505, 1.628296
106, 506, 1.546183
107, 387, 1.476586
107, 388, 1.628296
107, 389, 1.546183
107, 390, 1.609097
107, 545, 1.546183
107, 546, 1.628296
108, 389, 1.702503
108, 391, 1.769667
108, 392, 1.702503
108, 393, 1.769667
108, 413, 1.793023
108, 415, 1.793023
109, 395, 1.769666
109, 397, 1.702503
109, 401, 1.702503
109, 403, 1.769667
109, 413, 1.793023
109, 414, 1.793023
110, 396, 1.609097
110, 397, 1.546182
110, 398, 1.628296
110, 399, 1.476586
110, 541, 1.628296
110, 542, 1.546183
111, 398, 1.628296
111, 400, 1.476586
111, 401, 1.546182
111, 402, 1.609097
111, 433, 1.546182
111, 434, 1.628296
112, 404, 1.769667
112, 406, 1.702503
112, 410, 1.702503
112, 412, 1.769666
112, 414, 1.793023
112, 415, 1.793023
113, 405, 1.609097
113, 406, 1.546182
113, 407, 1.628296
113, 408, 1.476586
113, 428, 1.628296
113, 430, 1.546182
114, 407, 1.628296
114, 409, 1.476586
114, 410, 1.546182
114, 411, 1.609097
114, 509, 1.546183
114, 510, 1.628296
115, 416, 1.476586
115, 418, 1.628296
115, 422, 1.546183
115, 424, 1.609097
115, 577, 1.628296
115, 578, 1.546183
116, 417, 1.476586
116, 418, 1.628296
116, 419, 1.546183
116, 420, 1.609097
116, 617, 1.546183
116, 618, 1.628296
117, 419, 1.702503
117, 421, 1.769667
117, 422, 1.702503
117, 423, 1.769667
117, 439, 1.793023
117, 441, 1.793023
118, 425, 1.769666
118, 427, 1.702503
118, 430, 1.702503
118, 431, 1.769667
118, 439, 1.793023
118, 440, 1.793023
119, 426, 1.609097
119, 427, 1.546182
119, 428, 1.628296
119, 429, 1.476586
119, 613, 1.628296
119, 614, 1.546183
120, 432, 1.769667
120, 433, 1.702503
120, 436, 1.702503
120, 438, 1.769666
120, 440, 1.793023
120, 441, 1.793023
121, 434, 1.628296
121, 435, 1.476586
121, 436, 1.546182
121, 437, 1.609097
121, 581, 1.546183
121, 582, 1.628296
122, 442, 1.476586
122, 444, 1.628296
122, 448, 1.546183
122, 450, 1.609097
122, 559, 1.628296
122, 560, 1.546183
123, 443, 1.476586
123, 444, 1.628296
123, 445, 1.546183
123, 446, 1.609097
123, 527, 1.546183
123, 528, 1.628296
124, 445, 1.702503
124, 447, 1.769667
124, 448, 1.702503
124, 449, 1.769667
124, 469, 1.793023
124, 471, 1.793023
125, 451, 1.769666
125, 453, 1.702503
125, 457, 1.702503
125, 459, 1.769667
125, 469, 1.793023
125, 470, 1.793023
126, 452, 1.609097
126, 453, 1.546182
126, 454, 1.628296
126, 455, 1.476586
126, 523, 1.628296
126, 524, 1.546183
127, 454, 1.628296
127, 456, 1.476586
127, 457, 1.546182
127, 458, 1.609097
127, 489, 1.546182
127, 490, 1.628296
128, 460, 1.769667
128, 462, 1.702503
128, 466, 1.702503
128, 468, 1.769666
128, 470, 1.793023
128, 471, 1.793023
129, 461, 1.609097
129, 462, 1.546182
129, 463, 1.628296
129, 464, 1.476586
129, 484, 1.628296
129, 486, 1.546182
130, 463, 1.628296
130, 465, 1.476586
130, 466, 1.546182
130, 467, 1.609097
130, 563, 1.546183
130, 564, 1.628296
131, 472, 1.476586
131, 474, 1.628296
131, 478, 1.546183
131, 480, 1.609097
131, 631, 1.628296
131, 632, 1.546183
132, 473, 1.476586
132, 474, 1.628296
132, 475, 1.546183
132, 476, 1.609097
132, 599, 1.546183
132, 600, 1.628296
133, 475, 1.702503
133, 477, 1.769667
133, 478, 1.702503
133, 479, 1.769667
133, 495, 1.793023
133, 497, 1.793023
134, 481, 1.769666
134, 483, 1.702503
134, 486, 1.702503
134, 487, 1.769667
134, 495, 1.793023
134, 496, 1.793023
135, 482, 1.609097
135, 483, 1.546182
135, 484, 1.628296
135, 485, 1.476586
135, 595, 1.628296
135, 596, 1.546183
136, 488, 1.769667
136, 489, 1.702503
136, 492, 1.702503
136, 494, 1.769666
136, 496, 1.793023
136, 497, 1.793023
137, 490, 1.628296
137, 491, 1.476586
137, 492, 1.546182
137, 493, 1.609097
137, 635, 1.546183
137, 636, 1.628296
138, 499, 1.702503
138, 500, 1.769667
138, 501, 1.702503
138, 502, 1.769666
138, 513, 1.793023
138, 515, 1.793023
139, 503, 1.769666
139, 504, 1.702504
139, 506, 1.702504
139, 507, 1.769667
139, 513, 1.793023
139, 514, 1.793023
140, 508, 1.769667
140, 509, 1.702503
140, 511, 1.702503
140, 512, 1.769667
140, 514, 1.793023
140, 515, 1.793024
141, 517, 1.702503
141, 518, 1.769666
141, 519, 1.702503
141, 520, 1.769667
141, 531, 1.793023
141, 533, 1.793023
142, 521, 1.769667
142, 522, 1.702503
142, 524, 1.702503
142, 525, 1.769667
142, 531, 1.793024
142, 532, 1.793023
143, 526, 1.769667
143, 527, 1.702504
143, 529, 1.702504
143, 530, 1.769666
143, 532, 1.793023
143, 533, 1.793023
144, 535, 1.702503
144, 536, 1.769666
144, 537, 1.702503
144, 538, 1.769667
144, 549, 1.793023
144, 551, 1.793023
145, 539, 1.769667
145, 540, 1.702503
145, 542, 1.702503
145, 543, 1.769667
145, 549, 1.793024
145, 550, 1.793023
146, 544, 1.769667
146, 545, 1.702504
146, 547, 1.702504
146, 548, 1.769666
146, 550, 1.793023
146, 551, 1.793023
147, 553, 1.702503
147, 554, 1.769667
147, 555, 1.702503
147, 556, 1.769666
147, 567, 1.793023
147, 569, 1.793023
148, 557, 1.769666
148, 558, 1.702504
148, 560, 1.702504
148, 561, 1.769667
148, 567, 1.793023
148, 568, 1.793023
149, 562, 1.769667
149, 563, 1.702503
149, 565, 1.702503
149, 566, 1.769667
149, 568, 1.793023
149, 569, 1.793024
150, 571, 1.702503
150, 572, 1.769667
150, 573, 1.702503
150, 574, 1.769666
150, 585, 1.793023
150, 587, 1.793023
151, 575, 1.769666
151, 576, 1.702504
151, 578, 1.702504
151, 579, 1.769667
151, 585, 1.793023
151, 586, 1.793023
152, 580, 1.769667
152, 581, 1.702503
152, 583, 1.702503
152, 584, 1.769667
152, 586, 1.793023
152, 587, 1.793024
153, 589, 1.702503
153, 590, 1.769666
153, 591, 1.702503
153, 592, 1.769667
153, 603, 1.793023
153, 605, 1.793023
154, 593, 1.769667
154, 594, 1.702503
154, 596, 1.702503
154, 597, 1.769667
154, 603, 1.793024
154, 604, 1.793023
155, 598, 1.769667
155, 599, 1.702504
155, 601, 1.702504
155, 602, 1.769666
155, 604, 1.793023
155, 605, 1.793023
156, 607, 1.702503
156, 608, 1.769666
156, 609, 1.702503
156, 610, 1.769667
156, 621, 1.793023
156, 623, 1.793023
157, 611, 1.769667
157, 612, 1.702503
157, 614, 1.702503
157, 615, 1.769667
157, 621, 1.793024
157, 622, 1.793023
158, 616, 1.769667
158, 617, 1.702504
158, 619, 1.702504
158, 620, 1.769666
158, 622, 1.793023
158, 623, 1.793023
159, 625, 1.702503
159, 626, 1.769667
159, 627, 1.702503
159, 628, 1.769666
159, 639, 1.793023
159, 641, 1.793023
160, 629, 1.769666
160, 630, 1.702504
160, 632, 1.702504
160, 633, 1.769667
160, 639, 1.793023
160, 640, 1.793023
161, 634, 1.769667
161, 635, 1.702503
161, 637, 1.702503
161, 638, 1.769667
161, 640, 1.793023
161, 641, 1.793024
162, 163, 1.541994
162, 164, 1.433671
162, 275, 1.541994
162, 552, 1.433671
163, 164, 1.433671
163, 304, 1.541994
163, 534, 1.433671
164, 165, 1.600245
164, 168, 1.600245
165, 166, 1.679420
165, 167, 1.719977
165, 168, 1.720251
166, 167, 1.634868
166, 537, 1.679420
166, 538, 1.634868
167, 171, 1.763932
167, 189, 1.763621
168, 169, 1.719977
168, 170, 1.679420
169, 170, 1.634868
169, 188, 1.763932
169, 191, 1.763621
170, 553, 1.679420
170, 554, 1.634868
171, 172, 1.634868
171, 173, 1.719977
171, 189, 1.763621
172, 173, 1.679420
172, 547, 1.679420
172, 548, 1.634869
173, 174, 1.600245
173, 177, 1.720251
174, 175, 1.433671
174, 176, 1.433671
174, 177, 1.600245
175, 176, 1.541994
175, 387, 1.541994
175, 546, 1.433671
176, 210, 1.433671
176, 211, 1.541994
177, 178, 1.679420
177, 179, 1.719977
178, 179, 1.634868
178, 208, 1.634868
178, 209, 1.679420
179, 180, 1.763932
179, 190, 1.763621
180, 181, 1.634868
180, 182, 1.719977
180, 190, 1.763621
181, 182, 1.679420
181, 206, 1.679420
181, 207, 1.634868
182, 183, 1.600245
182, 186, 1.720251
183, 184, 1.433671
183, 185, 1.433671
183, 186, 1.600245
184, 185, 1.541994
184, 204, 1.433671
184, 205, 1.541994
185, 442, 1.541994
185, 559, 1.433671
186, 187, 1.679420
186, 188, 1.719977
187, 188, 1.634868
187, 557, 1.634869
187, 558, 1.679420
188, 191, 1.763621
189, 190, 1.811119
189, 191, 1.811119
190, 191, 1.811119
192, 193, 1.541994
192, 194, 1.433671
192, 219, 1.541994
192, 498, 1.433671
193, 194, 1.433671
193, 248, 1.541994
193, 516, 1.433671
194, 195, 1.600245
194, 198, 1.600245
195, 196, 1.679420
195, 197, 1.719977
195, 198, 1.720251
196, 197, 1.634868
196, 519, 1.679420
196, 520, 1.634868
197, 201, 1.763932
197, 215, 1.763621
198, 199, 1.719977
198, 200, 1.679420
199, 200, 1.634868
199, 214, 1.763932
199, 217, 1.763621
200, 499, 1.679420
200, 500, 1.634868
201, 202, 1.634868
201, 203, 1.719977
201, 215, 1.763621
202, 203, 1.679420
202, 529, 1.679420
202, 530, 1.634869
203, 204, 1.600245
203, 206, 1.720251
204, 205, 1.433671
204, 206, 1.600245
205, 443, 1.541994
205, 528, 1.433671
206, 207, 1.719977
207, 208, 1.763932
207, 216, 1.763621
208, 209, 1.719977
208, 216, 1.763621
209, 210, 1.600245
209, 212, 1.720251
210, 211, 1.433671
210, 212, 1.600245
211, 386, 1.541994
211, 505, 1.433671
212, 213, 1.679420
212, 214, 1.719977
213, 214, 1.634868
213, 503, 1.634869
213, 504, 1.679420
214, 217, 1.763621
215, 216, 1.811119
215, 217, 1.811119
216, 217, 1.811119
218, 219, 1.541994
218, 220, 1.433671
218, 248, 1.541994
218, 249, 1.433671
219, 220, 1.433671
219, 498, 1.433671
220, 221, 1.600245
220, 224, 1.600245
221, 222, 1.679420
221, 223, 1.719977
221, 224, 1.720251
222, 223, 1.634868
222, 501, 1.679420
222, 502, 1.634869
223, 227, 1.763932
223, 245, 1.763621
224, 225, 1.719977
224, 226, 1.679420
225, 226, 1.634868
225, 244, 1.763932
225, 247, 1.763621
226, 250, 1.679420
226, 251, 1.634868
227, 228, 1.634868
227, 229, 1.719977
227, 245, 1.763621
228, 229, 1.679420
228, 511, 1.679420
228, 512, 1.634868
229, 230, 1.600245
229, 233, 1.720251
230, 231, 1.433671
230, 232, 1.433671
230, 233, 1.600245
231, 232, 1.541994
231, 409, 1.541994
231, 510, 1.433671
232, 429, 1.541994
232, 613, 1.433671
233, 234, 1.679420
233, 235, 1.719977
234, 235, 1.634868
234, 611, 1.634868
234, 612, 1.679420
235, 236, 1.763932
235, 246, 1.763621
236, 237, 1.634868
236, 238, 1.719977
236, 246, 1.763621
237, 238, 1.679420
237, 607, 1.679420
237, 608, 1.634869
238, 239, 1.600245
238, 242, 1.720251
239, 240, 1.433671
239, 241, 1.433671
239, 242, 1.600245
240, 241, 1.541994
240, 331, 1.541994
240, 606, 1.433671
241, 257, 1.433671
241, 258, 1.541994
242, 243, 1.679420
242, 244, 1.719977
243, 244, 1.634868
243, 255, 1.634868
243, 256, 1.679420
244, 247, 1.763621
245, 246, 1.811119
245, 247, 1.811119
246, 247, 1.811119
248, 249, 1.433671
248, 516, 1.433671
249, 250, 1.600245
249, 252, 1.600245
250, 251, 1.719977
250, 252, 1.720251
251, 255, 1.763932
251, 271, 1.763621
252, 253, 1.719977
252, 254, 1.679420
253, 254, 1.634868
253, 270, 1.763932
253, 273, 1.763621
254, 517, 1.679420
254, 518, 1.634869
255, 256, 1.719977
255, 271, 1.763621
256, 257, 1.600245
256, 259, 1.720251
257, 258, 1.433671
257, 259, 1.600245
258, 330, 1.541994
258, 624, 1.433671
259, 260, 1.679420
259, 261, 1.719977
260, 261, 1.634868
260, 627, 1.679420
260, 628, 1.634869
261, 262, 1.763932
261, 272, 1.763621
262, 263, 1.634868
262, 264, 1.719977
262, 272, 1.763621
263, 264, 1.679420
263, 637, 1.679420
263, 638, 1.634868
264, 265, 1.600245
264, 268, 1.720251
265, 266, 1.433671
265, 267, 1.433671
265, 268, 1.600245
266, 267, 1.541994
266, 491, 1.541994
266, 636, 1.433671
267, 455, 1.541994
267, 523, 1.433671
268, 269, 1.679420
268, 270, 1.719977
269, 270, 1.634868
269, 521, 1.634868
269, 522, 1.679420
270, 273, 1.763621
271, 272, 1.811119
271, 273, 1.811119
272, 273, 1.811119
274, 275, 1.541994
274, 276, 1.433671
274, 304, 1.541994
274, 305, 1.433671
275, 276, 1.433671
275, 552, 1.433671
276, 277, 1.600245
276, 280, 1.600245
277, 278, 1.679420
277, 279, 1.719977
277, 280, 1.720251
278, 279, 1.634868
278, 555, 1.679420
278, 556, 1.634869
279, 283, 1.763932
279, 301, 1.763621
280, 281, 1.719977
280, 282, 1.679420
281, 282, 1.634868
281, 300, 1.763932
281, 303, 1.763621
282, 306, 1.679420
282, 307, 1.634868
283, 284, 1.634868
283, 285, 1.719977
283, 301, 1.763621
284, 285, 1.679420
284, 565, 1.679420
284, 566, 1.634868
285, 286, 1.600245
285, 289, 1.720251
286, 287, 1.433671
286, 288, 1.433671
286, 289, 1.600245
287, 288, 1.541994
287, 465, 1.541994
287, 564, 1.433671
288, 485, 1.541994
288, 595, 1.433671
289, 290, 1.679420
289, 291, 1.719977
290, 291, 1.634868
290, 593, 1.634868
290, 594, 1.679420
291, 292, 1.763932
291, 302, 1.763621
292, 293, 1.634868
292, 294, 1.719977
292, 302, 1.763621
293, 294, 1.679420
293, 589, 1.679420
293, 590, 1.634869
294, 295, 1.600245
294, 298, 1.720251
295, 296, 1.433671
295, 297, 1.433671
295, 298, 1.600245
296, 297, 1.541994
296, 361, 1.541994
296, 588, 1.433671
297, 313, 1.433671
297, 314, 1.541994
298, 299, 1.679420
298, 300, 1.719977
299, 300, 1.634868
299, 311, 1.634868
299, 312, 1.679420
300, 303, 1.763621
301, 302, 1.811119
301, 303, 1.811119
302, 303, 1.811119
304, 305, 1.433671
304, 534, 1.433671
305, 306, 1.600245
305, 308, 1.600245
306, 307, 1.719977
306, 308, 1.720251
307, 311, 1.763932
307, 327, 1.763621
308, 309, 1.719977
308, 310, 1.679420
309, 310, 1.634868
309, 326, 1.763932
309, 329, 1.763621
310, 535, 1.679420
310, 536, 1.634869
311, 312, 1.719977
311, 327, 1.763621
312, 313, 1.600245
312, 315, 1.720251
313, 314, 1.433671
313, 315, 1.600245
314, 360, 1.541994
314, 570, 1.433671
315, 316, 1.679420
315, 317, 1.719977
316, 317, 1.634868
316, 573, 1.679420
316, 574, 1.634869
317, 318, 1.763932
317, 328, 1.763621
318, 319, 1.634868
318, 320, 1.719977
318, 328, 1.763621
319, 320, 1.679420
319, 583, 1.679420
319, 584, 1.634868
320, 321, 1.600245
320, 324, 1.720251
321, 322, 1.433671
321, 323, 1.433671
321, 324, 1.600245
322, 323, 1.541994
322, 435, 1.541994
322, 582, 1.433671
323, 399, 1.541994
323, 541, 1.433671
324, 325, 1.679420
324, 326, 1.719977
325, 326, 1.634868
325, 539, 1.634868
325, 540, 1.679420
326, 329, 1.763621
327, 328, 1.811119
327, 329, 1.811119
328, 329, 1.811119
330, 331, 1.541994
330, 332, 1.433671
330, 624, 1.433671
331, 332, 1.433671
331, 606, 1.433671
332, 333, 1.600245
332, 336, 1.600245
333, 334, 1.679420
333, 335, 1.719977
333, 336, 1.720251
334, 335, 1.634868
334, 609, 1.679420
334, 610, 1.634868
335, 339, 1.763932
335, 357, 1.763621
336, 337, 1.719977
336, 338, 1.679420
337, 338, 1.634868
337, 356, 1.763932
337, 359, 1.763621
338, 625, 1.679420
338, 626, 1.634868
339, 340, 1.634868
339, 341, 1.719977
339, 357, 1.763621
340, 341, 1.679420
340, 619, 1.679420
340, 620, 1.634869
341, 342, 1.600245
341, 345, 1.720251
342, 343, 1.433671
342, 344, 1.433671
342, 345, 1.600245
343, 344, 1.541994
343, 417, 1.541994
343, 618, 1.433671
344, 378, 1.433671
344, 379, 1.541994
345, 346, 1.679420
345, 347, 1.719977
346, 347, 1.634868
346, 376, 1.634868
346, 377, 1.679420
347, 348, 1.763932
347, 358, 1.763621
348, 349, 1.634868
348, 350, 1.719977
348, 358, 1.763621
349, 350, 1.679420
349, 374, 1.679420
349, 375, 1.634868
350, 351, 1.600245
350, 354, 1.720251
351, 352, 1.433671
351, 353, 1.433671
351, 354, 1.600245
352, 353, 1.541994
352, 372, 1.433671
352, 373, 1.541994
353, 472, 1.541994
353, 631, 1.433671
354, 355, 1.679420
354, 356, 1.719977
355, 356, 1.634868
355, 629, 1.634869
355, 630, 1.679420
356, 359, 1.763621
357, 358, 1.811119
357, 359, 1.811119
358, 359, 1.811119
360, 361, 1.541994
360, 362, 1.433671
360, 570, 1.433671
361, 362, 1.433671
361, 588, 1.433671
362, 363, 1.600245
362, 366, 1.600245
363, 364, 1.679420
363, 365, 1.719977
363, 366, 1.720251
364, 365, 1.634868
364, 591, 1.679420
364, 592, 1.634868
365, 369, 1.763932
365, 383, 1.763621
366, 367, 1.719977
366, 368, 1.679420
367, 368, 1.634868
367, 382, 1.763932
367, 385, 1.763621
368, 571, 1.679420
368, 572, 1.634868
369, 370, 1.634868
369, 371, 1.719977
369, 383, 1.763621
370, 371, 1.679420
370, 601, 1.679420
370, 602, 1.634869
371, 372, 1.600245
371, 374, 1.720251
372, 373, 1.433671
372, 374, 1.600245
373, 473, 1.541994
373, 600, 1.433671
374, 375, 1.719977
375, 376, 1.763932
375, 384, 1.763621
376, 377, 1.719977
376, 384, 1.763621
377, 378, 1.600245
377, 380, 1.720251
378, 379, 1.433671
378, 380, 1.600245
379, 416, 1.541994
379, 577, 1.433671
380, 381, 1.679420
380, 382, 1.719977
381, 382, 1.634868
381, 575, 1.634869
381, 576, 1.679420
382, 385, 1.763621
383, 384, 1.811119
383, 385, 1.811119
384, 385, 1.811119
386, 387, 1.541994
386, 388, 1.433671
386, 505, 1.433671
387, 388, 1.433671
387, 546, 1.433671
388, 389, 1.600245
388, 392, 1.600245
389, 390, 1.679420
389, 391, 1.719977
389, 392, 1.720251
390, 391, 1.634868
390, 544, 1.634868
390, 545, 1.679420
391, 395, 1.763932
391, 413, 1.763621
392, 393, 1.719977
392, 394, 1.679420
393, 394, 1.634868
393, 412, 1.763932
393, 415, 1.763621
394, 506, 1.679420
394, 507, 1.634868
395, 396, 1.634868
395, 397, 1.719977
395, 413, 1.763620
396, 397, 1.679420
396, 542, 1.679420
396, 543, 1.634869
397, 398, 1.600245
397, 401, 1.720251
398, 399, 1.433671
398, 400, 1.433671
398, 401, 1.600245
399, 400, 1.541994
399, 541, 1.433671
400, 434, 1.433671
400, 435, 1.541994
401, 402, 1.679420
401, 403, 1.719977
402, 403, 1.634868
402, 432, 1.634868
402, 433, 1.679420
403, 404, 1.763932
403, 414, 1.763621
404, 405, 1.634868
404, 406, 1.719977
404, 414, 1.763621
405, 406, 1.679420
405, 430, 1.679420
405, 431, 1.634868
406, 407, 1.600245
406, 410, 1.720251
407, 408, 1.433671
407, 409, 1.433671
407, 410, 1.600245
408, 409, 1.541994
408, 428, 1.433671
408, 429, 1.541994
409, 510, 1.433671
410, 411, 1.679420
410, 412, 1.719977
411, 412, 1.634868
411, 508, 1.634869
411, 509, 1.679420
412, 415, 1.763620
413, 414, 1.811118
413, 415, 1.811119
414, 415, 1.811118
416, 417, 1.541994
416, 418, 1.433671
416, 577, 1.433671
417, 418, 1.433671
417, 618, 1.433671
418, 419, 1.600245
418, 422, 1.600245
419, 420, 1.679420
419, 421, 1.719977
419, 422, 1.720251
420, 421, 1.634868
420, 616, 1.634868
420, 617, 1.679420
421, 425, 1.763932
421, 439, 1.763621
422, 423, 1.719977
422, 424, 1.679420
423, 424, 1.634868
423, 438, 1.763932
423, 441, 1.763621
424, 578, 1.679420
424, 579, 1.634868
425, 426, 1.634868
425, 427, 1.719977
425, 439, 1.763620
426, 427, 1.679420
426, 614, 1.679420
426, 615, 1.634869
427, 428, 1.600245
427, 430, 1.720251
428, 429, 1.433671
428, 430, 1.600245
429, 613, 1.433671
430, 431, 1.719977
431, 432, 1.763932
431, 440, 1.763621
432, 433, 1.719977
432, 440, 1.763621
433, 434, 1.600245
433, 436, 1.720251
434, 435, 1.433671
434, 436, 1.600245
435, 582, 1.433671
436, 437, 1.679420
436, 438, 1.719977
437, 438, 1.634868
437, 580, 1.634869
437, 581, 1.679420
438, 441, 1.763620
439, 440, 1.811118
439, 441, 1.811119
440, 441, 1.811118
442, 443, 1.541994
442, 444, 1.433671
442, 559, 1.433671
443, 444, 1.433671
443, 528, 1.433671
444, 445, 1.600245
444, 448, 1.600245
445, 446, 1.679420
445, 447, 1.719977
445, 448, 1.720251
446, 447, 1.634868
446, 526, 1.634868
446, 527, 1.679420
447, 451, 1.763932
447, 469, 1.763621
448, 449, 1.719977
448, 450, 1.679420
449, 450, 1.634868
449, 468, 1.763932
449, 471, 1.763621
450, 560, 1.679420
450, 561, 1.634868
451, 452, 1.634868
451, 453, 1.719977
451, 469, 1.763620
452, 453, 1.679420
452, 524, 1.679420
452, 525, 1.634869
453, 454, 1.600245
453, 457, 1.720251
454, 455, 1.433671
454, 456, 1.433671
454, 457, 1.600245
455, 456, 1.541994
455, 523, 1.433671
456, 490, 1.433671
456, 491, 1.541994
457, 458, 1.679420
457, 459, 1.719977
458, 459, 1.634868
458, 488, 1.634868
458, 489, 1.679420
459, 460, 1.763932
459, 470, 1.763621
460, 461, 1.634868
460, 462, 1.719977
460, 470, 1.763621
461, 462, 1.679420
461, 486, 1.679420
461, 487, 1.634868
462, 463, 1.600245
462, 466, 1.720251
463, 464, 1.433671
463, 465, 1.433671
463, 466, 1.600245
464, 465, 1.541994
464, 484, 1.433671
464, 485, 1.541994
465, 564, 1.433671
466, 467, 1.679420
466, 468, 1.719977
467, 468, 1.634868
467, 562, 1.634869
467, 563, 1.679420
468, 471, 1.763620
469, 470, 1.811118
469, 471, 1.811119
470, 471, 1.811118
472, 473, 1.541994
472, 474, 1.433671
472, 631, 1.433671
473, 474, 1.433671
473, 600, 1.433671
474, 475, 1.600245
474, 478, 1.600245
475, 476, 1.679420
475, 477, 1.719977
475, 478, 1.720251
476, 477, 1.634868
476, 598, 1.634868
476, 599, 1.679420
477, 481, 1.763932
477, 495, 1.763621
478, 479, 1.719977
478, 480, 1.679420
479, 480, 1.634868
479, 494, 1.763932
479, 497, 1.763621
480, 632, 1.679420
480, 633, 1.634868
481, 482, 1.634868
481, 483, 1.719977
481, 495, 1.763620
482, 483, 1.679420
482, 596, 1.679420
482, 597, 1.634869
483, 484, 1.600245
483, 486, 1.720251
484, 485, 1.433671
484, 486, 1.600245
485, 595, 1.433671
486, 487, 1.719977
487, 488, 1.763932
487, 496, 1.763621
488, 489, 1.719977
488, 496, 1.763621
489, 490, 1.600245
489, 492, 1.720251
490, 491, 1.433671
490, 492, 1.600245
491, 636, 1.433671
492, 493, 1.679420
492, 494, 1.719977
493, 494, 1.634868
493, 634, 1.634869
493, 635, 1.679420
494, 497, 1.763620
495, 496, 1.811118
495, 497, 1.811119
496, 497, 1.811118
498, 499, 1.600245
498, 501, 1.600245
499, 500, 1.719977
499, 501, 1.720251
500, 503, 1.763932
500, 513, 1.763620
501, 502, 1.719977
502, 512, 1.763932
502, 515, 1.763621
503, 504, 1.719977
503, 513, 1.763620
504, 505, 1.600245
504, 506, 1.720252
505, 506, 1.600245
506, 507, 1.719977
507, 508, 1.763932
507, 514, 1.763620
508, 509, 1.719977
508, 514, 1.763621
509, 510, 1.600245
509, 511, 1.720252
510, 511, 1.600245
511, 512, 1.719977
512, 515, 1.763620
513, 514, 1.811119
513, 515, 1.811119
514, 515, 1.811119
516, 517, 1.600245
516, 519, 1.600245
517, 518, 1.719977
517, 519, 1.720251
518, 521, 1.763932
518, 531, 1.763621
519, 520, 1.719977
520, 530, 1.763932
520, 533, 1.763620
521, 522, 1.719977
521, 531, 1.763620
522, 523, 1.600245
522, 524, 1.720252
523, 524, 1.600245
524, 525, 1.719977
525, 526, 1.763932
525, 532, 1.763621
526, 527, 1.719977
526, 532, 1.763620
527, 528, 1.600245
527, 529, 1.720252
528, 529, 1.600245
529, 530, 1.719977
530, 533, 1.763620
531, 532, 1.811119
531, 533, 1.811119
532, 533, 1.811119
534, 535, 1.600245
534, 537, 1.600245
535, 536, 1.719977
535, 537, 1.720251
536, 539, 1.763932
536, 549, 1.763621
537, 538, 1.719977
538, 548, 1.763932
538, 551, 1.763620
539, 540, 1.719977
539, 549, 1.763620
540, 541, 1.600245
540, 542, 1.720252
541, 542, 1.600245
542, 543, 1.719977
543, 544, 1.763932
543, 550, 1.763621
544, 545, 1.719977
544, 550, 1.763620
545, 546, 1.600245
545, 547, 1.720252
546, 547, 1.600245
547, 548, 1.719977
548, 551, 1.763620
549, 550, 1.811119
549, 551, 1.811119
550, 551, 1.811119
552, 553, 1.600245
552, 555, 1.600245
553, 554, 1.719977
553, 555, 1.720251
554, 557, 1.763932
554, 567, 1.763620
555, 556, 1.719977
556, 566, 1.763932
556, 569, 1.763621
557, 558, 1.719977
557, 567, 1.763620
558, 559, 1.600245
558, 560, 1.720252
559, 560, 1.600245
560, 561, 1.719977
561, 562, 1.763932
561, 568, 1.763620
562, 563, 1.719977
562, 568, 1.763621
563, 564, 1.600245
563, 565, 1.720252
564, 565, 1.600245
565, 566, 1.719977
566, 569, 1.763620
567, 568, 1.811119
567, 569, 1.811119
568, 569, 1.811119
570, 571, 1.600245
570, 573, 1.600245
571, 572, 1.719977
571, 573, 1.720251
572, 575, 1.763932
572, 585, 1.763620
573, 574, 1.719977
574, 584, 1.763932
574, 587, 1.763621
575, 576, 1.719977
575, 585, 1.763620
576, 577, 1.600245
576, 578, 1.720252
577, 578, 1.600245
578, 579, 1.719977
579, 580, 1.763932
579, 586, 1.763620
580, 581, 1.719977
580, 586, 1.763621
581, 582, 1.600245
581, 583, 1.720252
582, 583, 1.600245
583, 584, 1.719977
584, 587, 1.763620
585, 586, 1.811119
585, 587, 1.811119
586, 587, 1.811119
588, 589, 1.600245
588, 591, 1.600245
589, 590, 1.719977
589, 591, 1.720251
590, 593, 1.763932
590, 603, 1.763621
591, 592, 1.719977
592, 602, 1.763932
592, 605, 1.763620
593, 594, 1.719977
593, 603, 1.763620
594, 595, 1.600245
594, 596, 1.720252
595, 596, 1.600245
596, 597, 1.719977
597, 598, 1.763932
597, 604, 1.763621
598, 599, 1.719977
598, 604, 1.763620
599, 600, 1.600245
599, 601, 1.720252
600, 601, 1.600245
601, 602, 1.719977
602, 605, 1.763620
603, 604, 1.811119
603, 605, 1.811119
604, 605, 1.811119
606, 607, 1.600245
606, 609, 1.600245
607, 608, 1.719977
607, 609, 1.720251
608, 611, 1.763932
608, 621, 1.763621
609, 610, 1.719977
610, 620, 1.763932
610, 623, 1.763620
611, 612, 1.719977
611, 621, 1.763620
612, 613, 1.600245
612, 614, 1.720252
613, 614, 1.600245
614, 615, 1.719977
615, 616, 1.763932
615, 622, 1.763621
616, 617, 1.719977
616, 622, 1.763620
617, 618, 1.600245
617, 619, 1.720252
618, 619, 1.600245
619, 620, 1.719977
620, 623, 1.763620
621, 622, 1.811119
621, 623, 1.811119
622, 623, 1.811119
624, 625, 1.600245
624, 627, 1.600245
625, 626, 1.719977
625, 627, 1.720251
626, 629, 1.763932
626, 639, 1.763620
627, 628, 1.719977
628, 638, 1.763932
628, 641, 1.763621
629, 630, 1.719977
629, 639, 1.763620
630, 631, 1.600245
630, 632, 1.720252
631, 632, 1.600245
632, 633, 1.719977
633, 634, 1.763932
633, 640, 1.763620
634, 635, 1.719977
634, 640, 1.763621
635, 636, 1.600245
635, 637, 1.720252
636, 637, 1.600245
637, 638, 1.719977
638, 641, 1.763620
639, 640, 1.811119
639, 641, 1.811119
640, 641, 1.811119
