source_idx: 517
h_value: 0.600337

points:
0.000000, 2.102925, -3.402604, 7.925286
0.000000, 2.102925, 3.402604, 1.354561
0.000000, -2.102925, 3.402604, 4.641085
-2.102925, 3.402604, 0.000000, 5.205969
-2.102925, -3.402604, 0.000000, 8.929374
2.102925, 3.402604, 0.000000, 3.636997
2.102925, -3.402604, 0.000000, 7.360401
0.000000, -2.102925, -3.402604, 11.211810
3.402604, 0.000000, 2.102925, 3.200843
-3.402604, 0.000000, 2.102925, 5.749482
-3.402604, 0.000000, -2.102925, 9.365528
3.402604, 0.000000, -2.102925, 6.816889
1.236068, 3.236068, -2.000000, 5.775748
-1.236068, 3.236068, -2.000000, 6.596278
0.000000, 4.000000, 0.000000, 4.107546
-1.236068, 3.236068, 2.000000, 3.120704
1.236068, 3.236068, 2.000000, 1.656166
0.000000, 0.000000, 4.000000, 2.646577
-2.000000, 1.236068, 3.236068, 3.543580
-2.000000, -1.236068, 3.236068, 5.010741
2.000000, 1.236068, 3.236068, 1.079137
2.000000, -1.236068, 3.236068, 3.484298
0.000000, 0.000000, -4.000000, 9.919794
2.000000, 1.236068, -3.236068, 7.555630
2.000000, -1.236068, -3.236068, 9.022790
-2.000000, 1.236068, -3.236068, 9.082072
-2.000000, -1.236068, -3.236068, 11.487234
1.236068, -3.236068, 2.000000, 5.970093
-1.236068, -3.236068, 2.000000, 6.790622
0.000000, -4.000000, 0.000000, 8.458824
-1.236068, -3.236068, -2.000000, 10.910204
1.236068, -3.236068, -2.000000, 9.445667
-3.236068, 2.000000, 1.236068, 5.336041
-3.236068, 2.000000, -1.236068, 7.306465
-4.000000, 0.000000, 0.000000, 7.633621
-3.236068, -2.000000, -1.236068, 9.801837
-3.236068, -2.000000, 1.236068, 7.430474
3.236068, 2.000000, -1.236068, 5.135896
3.236068, 2.000000, 1.236068, 2.764533
4.000000, 0.000000, 0.000000, 4.932750
3.236068, -2.000000, 1.236068, 5.259906
3.236068, -2.000000, -1.236068, 7.230330
0.590484, 2.726873, -2.866267, 6.940877
-0.590484, 2.726873, -2.866267, 7.341392
0.000000, 3.402603, -2.102924, 6.181548
-0.649839, 3.804226, -1.051462, 5.350971
-1.771451, 3.456751, -0.955423, 5.833996
-1.180967, 3.821690, 0.000000, 4.651841
0.649839, 3.804226, -1.051462, 4.901584
1.180967, 3.821690, 0.000000, 3.747986
1.771451, 3.456751, -0.955423, 4.613337
-0.590484, 2.726873, 2.866267, 2.068519
0.590484, 2.726873, 2.866267, 1.029912
0.000000, 3.402603, 2.102924, 2.181041
0.649839, 3.804226, 1.051462, 2.870521
1.771451, 3.456751, 0.955423, 2.689479
-0.649839, 3.804226, 1.051462, 3.475204
-1.771451, 3.456751, 0.955423, 4.239563
0.000000, 1.180967, 3.821690, 1.742604
-0.955423, 1.771451, 3.456751, 2.353181
-1.051462, 0.649839, 3.804226, 2.906814
-2.102924, 0.000000, 3.402603, 4.202586
-2.866267, 0.590484, 2.726873, 4.737370
-2.866267, -0.590484, 2.726873, 5.379014
-1.051462, -0.649839, 3.804226, 3.812063
-0.955423, -1.771451, 3.456751, 4.751905
0.000000, -1.180967, 3.821690, 3.704034
0.955423, 1.771451, 3.456751, 0.562712
1.051462, 0.649839, 3.804226, 1.595407
1.051462, -0.649839, 3.804226, 2.870520
0.955423, -1.771451, 3.456751, 4.040423
2.102924, 0.000000, 3.402603, 2.254770
2.866267, -0.590484, 2.726873, 3.188186
2.866267, 0.590484, 2.726873, 2.207022
0.000000, 1.180967, -3.821690, 8.862336
0.955423, 1.771451, -3.456751, 7.814466
1.051462, 0.649839, -3.804226, 8.754308
2.102924, 0.000000, -3.402603, 8.363785
2.866267, 0.590484, -2.726873, 7.187356
2.866267, -0.590484, -2.726873, 7.829000
1.051462, -0.649839, -3.804226, 9.659556
0.955423, -1.771451, -3.456751, 10.213190
0.000000, -1.180967, -3.821690, 10.823767
-0.955423, 1.771451, -3.456751, 8.525947
-1.051462, 0.649839, -3.804226, 9.695850
-1.051462, -0.649839, -3.804226, 10.970963
-0.955423, -1.771451, -3.456751, 12.003659
-2.102924, 0.000000, -3.402603, 10.311601
-2.866267, -0.590484, -2.726873, 10.359349
-2.866267, 0.590484, -2.726873, 9.378184
0.590484, -2.726873, 2.866267, 5.224979
-0.590484, -2.726873, 2.866267, 5.625494
0.000000, -3.402603, 2.102924, 6.384822
-0.649839, -3.804226, 1.051462, 7.664786
-1.771451, -3.456751, 0.955423, 7.953034
-1.180967, -3.821690, 0.000000, 8.818384
0.649839, -3.804226, 1.051462, 7.215400
1.180967, -3.821690, 0.000000, 7.914530
1.771451, -3.456751, 0.955423, 6.732374
-0.590484, -2.726873, -2.866267, 11.536458
0.590484, -2.726873, -2.866267, 10.497851
0.000000, -3.402603, -2.102924, 10.385330
0.649839, -3.804226, -1.051462, 9.091167
1.771451, -3.456751, -0.955423, 8.326808
-0.649839, -3.804226, -1.051462, 9.695850
-1.771451, -3.456751, -0.955423, 9.876892
-2.726873, 2.866267, 0.590484, 5.224979
-2.726873, 2.866267, -0.590484, 6.169027
-3.402603, 2.102924, 0.000000, 6.322004
-3.804226, 1.051462, -0.649839, 7.532053
-3.456751, 0.955423, -1.771451, 8.433480
-3.821690, 0.000000, -1.180967, 8.609804
-3.804226, 1.051462, 0.649839, 6.486525
-3.821690, 0.000000, 1.180967, 6.617677
-3.456751, 0.955423, 1.771451, 5.531697
-2.726873, -2.866267, -0.590484, 9.458770
-2.726873, -2.866267, 0.590484, 8.286485
-3.402603, -2.102924, 0.000000, 8.630970
-3.804226, -1.051462, 0.649839, 7.598232
-3.456751, -0.955423, 1.771451, 6.525092
-3.804226, -1.051462, -0.649839, 8.754308
-3.456751, -0.955423, -1.771451, 9.731899
2.726873, 2.866267, -0.590484, 4.279885
2.726873, 2.866267, 0.590484, 3.107600
3.402603, 2.102924, 0.000000, 3.935401
3.804226, 1.051462, 0.649839, 3.812063
3.456751, 0.955423, 1.771451, 2.834472
3.821690, 0.000000, 1.180967, 3.956567
3.804226, 1.051462, -0.649839, 4.968139
3.821690, 0.000000, -1.180967, 5.948693
3.456751, 0.955423, -1.771451, 6.041279
2.726873, -2.866267, 0.590484, 6.397344
2.726873, -2.866267, -0.590484, 7.341392
3.402603, -2.102924, 0.000000, 6.244367
3.804226, -1.051462, -0.649839, 6.079846
3.456751, -0.955423, -1.771451, 7.034674
3.804226, -1.051462, 0.649839, 5.034317
3.456751, -0.955423, 1.771451, 4.132891
-1.701302, 2.351141, 2.752764, 3.146380
-2.351141, 2.752764, 1.701302, 4.202586
-2.752764, 1.701302, 2.351141, 4.389646
1.701302, 2.351141, 2.752764, 0.619712
2.752764, 1.701302, 2.351141, 1.692570
2.351141, 2.752764, 1.701302, 1.925177
-1.701302, 2.351141, -2.752764, 7.840995
-2.752764, 1.701302, -2.351141, 8.247619
-2.351141, 2.752764, -1.701302, 6.983310
1.701302, 2.351141, -2.752764, 6.675491
2.351141, 2.752764, -1.701302, 5.415404
2.752764, 1.701302, -2.351141, 6.345996
-1.701302, -2.351141, -2.752764, 11.946659
-2.351141, -2.752764, -1.701302, 10.641194
-2.752764, -1.701302, -2.351141, 10.873801
1.701302, -2.351141, -2.752764, 9.419991
2.752764, -1.701302, -2.351141, 8.176725
2.351141, -2.752764, -1.701302, 8.363785
-1.701302, -2.351141, 2.752764, 5.890879
-2.752764, -1.701302, 2.351141, 6.220374
-2.351141, -2.752764, 1.701302, 7.150966
1.701302, -2.351141, 2.752764, 4.725375
2.351141, -2.752764, 1.701302, 5.583060
2.752764, -1.701302, 2.351141, 4.318751
0.280363, 2.416174, -3.175453, 7.462369
-0.280363, 2.416174, -3.175453, 7.658003
0.000000, 2.757080, -2.898018, 7.149685
-0.312773, 3.082096, -2.530386, 6.789629
-0.916180, 3.009376, -2.470683, 6.982225
-0.641430, 3.358570, -2.075711, 6.395351
0.312773, 3.082096, -2.530386, 6.581353
0.641430, 3.358570, -2.075711, 5.970093
0.916180, 3.009376, -2.470683, 6.371743
-0.962145, 3.556783, -1.556783, 5.989306
-1.526966, 3.386862, -1.482410, 6.205904
-1.251092, 3.662009, -1.012154, 5.597774
-1.492561, 3.679534, -0.483003, 5.242856
-1.962538, 3.455816, -0.453636, 5.497780
-1.682175, 3.629089, 0.000000, 4.937112
-0.938319, 3.855314, -0.506077, 4.975008
-0.610786, 3.953093, 0.000000, 4.367424
-0.320715, 3.953208, -0.518928, 4.713105
0.320715, 3.953208, -0.518928, 4.480218
0.610786, 3.953093, 0.000000, 3.896002
0.938319, 3.855314, -0.506077, 4.295844
1.492561, 3.679534, -0.483003, 4.168660
1.682175, 3.629089, 0.000000, 3.665009
1.962538, 3.455816, -0.453636, 4.095222
1.251092, 3.662009, -1.012154, 4.733871
1.526966, 3.386862, -1.482410, 5.180434
0.962145, 3.556783, -1.556783, 5.343567
-0.329294, 3.651930, -1.598428, 5.762097
0.000000, 3.855445, -1.065619, 5.112147
0.329294, 3.651930, -1.598428, 5.541176
-0.280363, 2.416174, 3.175453, 1.654080
0.280363, 2.416174, 3.175453, 1.104126
0.000000, 2.757080, 2.898018, 1.523830
0.312773, 3.082096, 2.530386, 1.572222
0.916180, 3.009376, 2.470683, 1.237478
0.641430, 3.358570, 2.075711, 1.831051
-0.312773, 3.082096, 2.530386, 2.046558
-0.641430, 3.358570, 2.075711, 2.634644
-0.916180, 3.009376, 2.470683, 2.568721
0.962145, 3.556783, 1.556783, 2.242763
1.526966, 3.386862, 1.482410, 2.165453
1.251092, 3.662009, 1.012154, 2.723624
1.492561, 3.679534, 0.483003, 3.210103
1.962538, 3.455816, 0.453636, 3.186772
0.938319, 3.855314, 0.506077, 3.312332
0.320715, 3.953208, 0.518928, 3.503391
-0.320715, 3.953208, 0.518928, 3.772653
-0.938319, 3.855314, 0.506077, 4.091619
-1.492561, 3.679534, 0.483003, 4.426416
-1.962538, 3.455816, 0.453636, 4.749707
-1.251092, 3.662009, 1.012154, 3.858126
-1.526966, 3.386862, 1.482410, 3.688555
-0.962145, 3.556783, 1.556783, 3.250794
0.329294, 3.651930, 1.598428, 2.472223
0.000000, 3.855445, 1.065619, 3.131022
-0.329294, 3.651930, 1.598428, 2.827038
0.000000, 1.682175, 3.629089, 1.467557
-0.453636, 1.962538, 3.455816, 1.822589
-0.483003, 1.492561, 3.679534, 1.989227
-1.012154, 1.251092, 3.662009, 2.571625
-1.482410, 1.526966, 3.386862, 2.934007
-1.556783, 0.962145, 3.556783, 3.197693
-0.506077, 0.938319, 3.855313, 2.294578
-0.518928, 0.320715, 3.953208, 2.715539
0.000000, 0.610786, 3.953093, 2.151893
-2.075711, 0.641430, 3.358570, 3.839800
-2.470683, 0.916180, 3.009376, 4.153961
-2.530386, 0.312773, 3.082096, 4.465875
-2.898018, 0.000000, 2.757080, 5.048289
-3.175453, 0.280363, 2.416174, 5.272885
-3.175453, -0.280363, 2.416174, 5.569987
-2.530386, -0.312773, 3.082096, 4.818983
-2.470683, -0.916180, 3.009376, 5.187673
-2.075711, -0.641430, 3.358570, 4.603907
-1.556783, -0.962145, 3.556783, 4.424306
-1.482410, -1.526966, 3.386862, 4.862533
-1.012154, -1.251092, 3.662009, 4.295844
-0.483003, -1.492561, 3.679534, 4.222513
-0.453636, -1.962538, 3.455816, 4.679859
0.000000, -1.682175, 3.629089, 4.197112
-0.506077, -0.938319, 3.855313, 3.723435
0.000000, -0.610786, 3.953093, 3.177603
-0.518928, -0.320715, 3.953208, 3.207887
-1.598428, 0.329294, 3.651930, 3.554054
-1.598428, -0.329294, 3.651930, 3.975893
-1.065619, 0.000000, 3.855445, 3.334326
0.453636, 1.962538, 3.455816, 0.929785
0.483003, 1.492561, 3.679534, 1.151299
0.506077, 0.938319, 3.855313, 1.572222
0.518928, 0.320715, 3.953208, 2.108823
1.012154, 1.251092, 3.662009, 1.014874
1.556783, 0.962145, 3.556783, 1.205243
1.482410, 1.526966, 3.386862, 0.611293
0.518928, -0.320715, 3.953208, 2.696627
0.506077, -0.938319, 3.855313, 3.286895
0.483003, -1.492561, 3.679534, 3.844128
0.453636, -1.962538, 3.455816, 4.347231
1.012154, -1.251092, 3.662009, 3.482886
1.482410, -1.526966, 3.386862, 3.742806
1.556783, -0.962145, 3.556783, 3.147846
2.075711, -0.641430, 3.358570, 2.882664
2.470683, -0.916180, 3.009376, 3.294036
2.530386, -0.312773, 3.082096, 2.723624
2.898018, 0.000000, 2.757080, 2.680131
3.175453, -0.280363, 2.416174, 3.163284
3.175453, 0.280363, 2.416174, 2.731234
2.530386, 0.312773, 3.082096, 2.158274
2.470683, 0.916180, 3.009376, 1.644156
2.075711, 0.641430, 3.358570, 1.637882
1.065619, 0.000000, 3.855445, 2.229006
1.598428, -0.329294, 3.651930, 2.505969
1.598428, 0.329294, 3.651930, 1.846844
0.000000, 1.682175, -3.629089, 8.369258
0.453636, 1.962538, -3.455816, 7.886511
0.483003, 1.492561, -3.679534, 8.343858
1.012154, 1.251092, -3.662009, 8.270527
1.482410, 1.526966, -3.386862, 7.703837
1.556783, 0.962145, -3.556783, 8.142065
0.506077, 0.938319, -3.855313, 8.842936
0.518928, 0.320715, -3.953208, 9.358484
0.000000, 0.610786, -3.953093, 9.388768
2.075711, 0.641430, -3.358570, 7.962464
2.470683, 0.916180, -3.009376, 7.378697
2.530386, 0.312773, -3.082096, 7.747388
2.898018, 0.000000, -2.757080, 7.518082
3.175453, 0.280363, -2.416174, 6.996384
3.175453, -0.280363, -2.416174, 7.293486
2.530386, -0.312773, -3.082096, 8.100496
2.470683, -0.916180, -3.009376, 8.412410
2.075711, -0.641430, -3.358570, 8.726571
1.556783, -0.962145, -3.556783, 9.368677
1.482410, -1.526966, -3.386862, 9.632363
1.012154, -1.251092, -3.662009, 9.994746
0.483003, -1.492561, -3.679534, 10.577144
0.453636, -1.962538, -3.455816, 10.743782
0.000000, -1.682175, -3.629089, 11.098814
0.506077, -0.938319, -3.855313, 10.271792
0.000000, -0.610786, -3.953093, 10.414478
0.518928, -0.320715, -3.953208, 9.850832
1.598428, 0.329294, -3.651930, 8.590478
1.598428, -0.329294, -3.651930, 9.012316
1.065619, 0.000000, -3.855445, 9.232044
-0.453636, 1.962538, -3.455816, 8.219140
-0.483003, 1.492561, -3.679534, 8.722242
-0.506077, 0.938319, -3.855313, 9.279476
-0.518928, 0.320715, -3.953208, 9.869743
-1.012154, 1.251092, -3.662009, 9.083484
-1.556783, 0.962145, -3.556783, 9.418524
-1.482410, 1.526966, -3.386862, 8.823565
-0.518928, -0.320715, -3.953208, 10.457547
-0.506077, -0.938319, -3.855313, 10.994149
-0.483003, -1.492561, -3.679534, 11.415072
-0.453636, -1.962538, -3.455816, 11.636586
-1.012154, -1.251092, -3.662009, 11.551496
-1.482410, -1.526966, -3.386862, 11.955078
-1.556783, -0.962145, -3.556783, 11.361128
-2.075711, -0.641430, -3.358570, 10.928488
-2.470683, -0.916180, -3.009376, 10.922215
-2.530386, -0.312773, -3.082096, 10.408097
-2.898018, 0.000000, -2.757080, 9.886240
-3.175453, -0.280363, -2.416174, 9.835137
-3.175453, 0.280363, -2.416174, 9.403087
-2.530386, 0.312773, -3.082096, 9.842747
-2.470683, 0.916180, -3.009376, 9.272334
-2.075711, 0.641430, -3.358570, 9.683707
-1.065619, 0.000000, -3.855445, 10.337365
-1.598428, -0.329294, -3.651930, 10.719526
-1.598428, 0.329294, -3.651930, 10.060401
0.280363, -2.416174, 3.175453, 4.908368
-0.280363, -2.416174, 3.175453, 5.104001
0.000000, -2.757080, 2.898018, 5.416686
-0.312773, -3.082096, 2.530386, 5.985018
-0.916180, -3.009376, 2.470683, 6.194627
-0.641430, -3.358570, 2.075711, 6.596278
0.312773, -3.082096, 2.530386, 5.776741
0.641430, -3.358570, 2.075711, 6.171019
0.916180, -3.009376, 2.470683, 5.584146
-0.962145, -3.556783, 1.556783, 7.222804
-1.526966, -3.386862, 1.482410, 7.385937
-1.251092, -3.662009, 1.012154, 7.832500
-1.492561, -3.679534, 0.483003, 8.397711
-1.962538, -3.455816, 0.453636, 8.471149
-1.682175, -3.629089, 0.000000, 8.901362
-0.938319, -3.855314, 0.506077, 8.270527
-0.610786, -3.953093, 0.000000, 8.670368
-0.320715, -3.953208, 0.518928, 8.086153
0.320715, -3.953208, 0.518928, 7.853265
0.610786, -3.953093, 0.000000, 8.198947
0.938319, -3.855314, 0.506077, 7.591362
1.492561, -3.679534, 0.483003, 7.323514
1.682175, -3.629089, 0.000000, 7.629259
1.962538, -3.455816, 0.453636, 7.068590
1.251092, -3.662009, 1.012154, 6.968597
1.526966, -3.386862, 1.482410, 6.360466
0.962145, -3.556783, 1.556783, 6.577065
-0.329294, -3.651930, 1.598428, 7.025194
0.000000, -3.855445, 1.065619, 7.454223
0.329294, -3.651930, 1.598428, 6.804273
-0.280363, -2.416174, -3.175453, 11.462245
0.280363, -2.416174, -3.175453, 10.912291
0.000000, -2.757080, -2.898018, 11.042540
0.312773, -3.082096, -2.530386, 10.519812
0.916180, -3.009376, -2.470683, 9.997649
0.641430, -3.358570, -2.075711, 9.931726
-0.312773, -3.082096, -2.530386, 10.994149
-0.641430, -3.358570, -2.075711, 10.735319
-0.916180, -3.009376, -2.470683, 11.328893
0.962145, -3.556783, -1.556783, 9.315577
1.526966, -3.386862, -1.482410, 8.877815
1.251092, -3.662009, -1.012154, 8.708245
1.492561, -3.679534, -0.483003, 8.139954
1.962538, -3.455816, -0.453636, 7.816664
0.938319, -3.855314, -0.506077, 8.474751
0.320715, -3.953208, -0.518928, 8.793717
-0.320715, -3.953208, -0.518928, 9.062980
-0.938319, -3.855314, -0.506077, 9.254038
-1.492561, -3.679534, -0.483003, 9.356267
-1.962538, -3.455816, -0.453636, 9.379598
-1.251092, -3.662009, -1.012154, 9.842747
-1.526966, -3.386862, -1.482410, 10.400918
-0.962145, -3.556783, -1.556783, 10.323607
0.329294, -3.651930, -1.598428, 9.739333
0.000000, -3.855445, -1.065619, 9.435349
-0.329294, -3.651930, -1.598428, 10.094147
-2.416174, 3.175453, 0.280363, 5.206077
-2.416174, 3.175453, -0.280363, 5.658919
-2.757080, 2.898018, 0.000000, 5.694614
-3.082096, 2.530386, -0.312773, 6.241407
-3.009376, 2.470683, -0.916180, 6.725193
-3.358570, 2.075711, -0.641430, 6.829273
-3.082096, 2.530386, 0.312773, 5.746252
-3.358570, 2.075711, 0.641430, 5.814351
-3.009376, 2.470683, 0.916180, 5.267721
-3.556783, 1.556783, -0.962145, 7.430475
-3.386862, 1.482410, -1.526966, 7.885127
-3.662009, 1.012154, -1.251092, 8.012878
-3.679534, 0.483003, -1.492561, 8.548840
-3.455816, 0.453636, -1.962538, 8.930618
-3.629089, 0.000000, -1.682175, 9.021359
-3.855314, 0.506077, -0.938319, 8.100495
-3.953093, 0.000000, -0.610786, 8.140500
-3.953208, 0.518928, -0.320715, 7.600815
-3.953208, 0.518928, 0.320715, 7.076223
-3.953093, 0.000000, 0.610786, 7.116694
-3.855314, 0.506077, 0.938319, 6.558199
-3.679534, 0.483003, 1.492561, 6.074316
-3.629089, 0.000000, 1.682175, 6.158027
-3.455816, 0.453636, 1.962538, 5.641960
-3.662009, 1.012154, 1.251092, 5.985018
-3.386862, 1.482410, 1.526966, 5.426615
-3.556783, 1.556783, 0.962145, 5.895972
-3.651930, 1.598428, -0.329294, 6.928258
-3.855445, 1.065619, 0.000000, 7.012829
-3.651930, 1.598428, 0.329294, 6.405869
-2.416174, -3.175453, -0.280363, 9.199546
-2.416174, -3.175453, 0.280363, 8.639479
-2.757080, -2.898018, 0.000000, 8.873358
-3.082096, -2.530386, 0.312773, 8.474751
-3.009376, -2.470683, 0.916180, 7.877563
-3.358570, -2.075711, 0.641430, 8.017560
-3.082096, -2.530386, -0.312773, 9.083484
-3.358570, -2.075711, -0.641430, 9.237151
-3.009376, -2.470683, -0.916180, 9.672704
-3.556783, -1.556783, 0.962145, 7.527787
-3.386862, -1.482410, 1.526966, 6.970779
-3.662009, -1.012154, 1.251092, 7.037304
-3.679534, -0.483003, 1.492561, 6.574563
-3.455816, -0.453636, 1.962538, 6.114152
-3.855314, -0.506077, 0.938319, 7.087160
-3.953208, -0.518928, 0.320715, 7.633621
-3.953208, -0.518928, -0.320715, 8.185042
-3.855314, -0.506077, -0.938319, 8.708245
-3.679534, -0.483003, -1.492561, 9.174896
-3.455816, -0.453636, -1.962538, 9.567955
-3.662009, -1.012154, -1.251092, 9.279476
-3.386862, -1.482410, -1.526966, 9.820112
-3.556783, -1.556783, -0.962145, 9.305511
-3.651930, -1.598428, 0.329294, 8.124523
-3.855445, -1.065619, 0.000000, 8.182212
-3.651930, -1.598428, -0.329294, 8.729456
2.416174, 3.175453, -0.280363, 3.926892
2.416174, 3.175453, 0.280363, 3.366824
2.757080, 2.898018, 0.000000, 3.693012
3.082096, 2.530386, 0.312773, 3.482887
3.009376, 2.470683, 0.916180, 2.893667
3.358570, 2.075711, 0.641430, 3.329219
3.082096, 2.530386, -0.312773, 4.091619
3.358570, 2.075711, -0.641430, 4.548811
3.009376, 2.470683, -0.916180, 4.688808
3.556783, 1.556783, 0.962145, 3.260859
3.386862, 1.482410, 1.526966, 2.746259
3.662009, 1.012154, 1.251092, 3.286895
3.679534, 0.483003, 1.492561, 3.391475
3.455816, 0.453636, 1.962538, 2.998416
3.629089, 0.000000, 1.682175, 3.545011
3.855314, 0.506077, 0.938319, 3.858126
3.953093, 0.000000, 0.610786, 4.425871
3.953208, 0.518928, 0.320715, 4.381329
3.953208, 0.518928, -0.320715, 4.932750
3.953093, 0.000000, -0.610786, 5.449676
3.855314, 0.506077, -0.938319, 5.479210
3.679534, 0.483003, -1.492561, 5.991808
3.629089, 0.000000, -1.682175, 6.408344
3.455816, 0.453636, -1.962538, 6.452218
3.662009, 1.012154, -1.251092, 5.529067
3.386862, 1.482410, -1.526966, 5.595592
3.556783, 1.556783, -0.962145, 5.038583
3.651930, 1.598428, 0.329294, 3.836915
3.855445, 1.065619, 0.000000, 4.384158
3.651930, 1.598428, -0.329294, 4.441847
2.416174, -3.175453, 0.280363, 6.907452
2.416174, -3.175453, -0.280363, 7.360293
2.757080, -2.898018, 0.000000, 6.871757
3.082096, -2.530386, -0.312773, 6.820118
3.009376, -2.470683, -0.916180, 7.298649
3.358570, -2.075711, -0.641430, 6.752020
3.082096, -2.530386, 0.312773, 6.324963
3.358570, -2.075711, 0.641430, 5.737098
3.009376, -2.470683, 0.916180, 5.841178
3.556783, -1.556783, -0.962145, 6.670398
3.386862, -1.482410, -1.526966, 7.139756
3.662009, -1.012154, -1.251092, 6.581353
3.679534, -0.483003, -1.492561, 6.492054
3.455816, -0.453636, -1.962538, 6.924411
3.855314, -0.506077, -0.938319, 6.008171
3.953208, -0.518928, -0.320715, 5.490148
3.953208, -0.518928, 0.320715, 4.965555
3.855314, -0.506077, 0.938319, 4.465875
3.679534, -0.483003, 1.492561, 4.017530
3.455816, -0.453636, 1.962538, 3.635753
3.662009, -1.012154, 1.251092, 4.553492
3.386862, -1.482410, 1.526966, 4.681244
3.556783, -1.556783, 0.962145, 5.135896
3.651930, -1.598428, -0.329294, 6.160502
3.855445, -1.065619, 0.000000, 5.553542
3.651930, -1.598428, 0.329294, 5.638113
-0.781515, 2.274077, 3.196531, 2.142210
-1.131623, 2.576019, 2.843159, 2.571625
-1.481072, 2.839643, 2.396425, 3.082884
-1.324927, 2.069942, 3.155932, 2.700871
-1.877498, 1.801787, 3.037855, 3.309383
-1.801787, 3.037855, 1.877498, 3.638014
-2.069942, 3.155932, 1.324927, 4.197026
-2.274077, 3.196531, 0.781515, 4.726688
-2.576019, 2.843159, 1.131623, 4.733871
-2.839643, 2.396425, 1.481072, 4.779976
-3.037855, 1.877498, 1.801787, 4.866852
-3.155932, 1.324927, 2.069942, 4.987195
-3.196531, 0.781515, 2.274077, 5.127328
-2.843159, 1.131623, 2.576019, 4.553492
-2.396425, 1.481072, 2.839643, 3.938033
-2.053502, 2.586311, 2.257017, 3.660279
-2.586311, 2.257017, 2.053502, 4.267465
-2.257017, 2.053502, 2.586311, 3.764376
0.781515, 2.274077, 3.196531, 0.582422
1.324927, 2.069942, 3.155932, 0.000000
1.877498, 1.801787, 3.037855, 0.626085
1.131623, 2.576019, 2.843159, 0.626185
1.481072, 2.839643, 2.396425, 1.095978
2.396425, 1.481072, 2.839643, 1.268204
2.843159, 1.131623, 2.576019, 1.894289
3.196531, 0.781515, 2.274077, 2.476711
3.155932, 1.324927, 2.069942, 2.286439
3.037855, 1.877498, 1.801787, 2.220398
2.839643, 2.396425, 1.481072, 2.313815
2.576019, 2.843159, 1.131623, 2.544888
2.274077, 3.196531, 0.781515, 2.854452
2.069942, 3.155932, 1.324927, 2.286439
1.801787, 3.037855, 1.877498, 1.685354
2.257017, 2.053502, 2.586311, 1.095912
2.586311, 2.257017, 2.053502, 1.698386
2.053502, 2.586311, 2.257017, 1.272444
-0.781515, 2.274077, -3.196531, 7.933694
-1.324927, 2.069942, -3.155932, 8.215093
-1.877498, 1.801787, -3.037855, 8.477974
-1.131623, 2.576019, -2.843159, 7.591362
-1.481072, 2.839643, -2.396425, 7.203117
-2.396425, 1.481072, -2.839643, 8.694342
-2.843159, 1.131623, -2.576019, 8.842936
-3.196531, 0.781515, -2.274077, 8.918264
-3.155932, 1.324927, -2.069942, 8.369345
-3.037855, 1.877498, -1.801787, 7.773675
-2.839643, 2.396425, -1.481072, 7.159176
-2.576019, 2.843159, -1.131623, 6.558199
-2.274077, 3.196531, -0.781515, 5.998636
-2.069942, 3.155932, -1.324927, 6.381022
-1.801787, 3.037855, -1.877498, 6.790623
-2.257017, 2.053502, -2.586311, 8.067244
-2.586311, 2.257017, -2.053502, 7.616619
-2.053502, 2.586311, -2.257017, 7.421023
0.781515, 2.274077, -3.196531, 7.383348
1.131623, 2.576019, -2.843159, 6.820119
1.481072, 2.839643, -2.396425, 6.213869
1.324927, 2.069942, -3.155932, 7.273217
1.877498, 1.801787, -3.037855, 7.132073
1.801787, 3.037855, -1.877498, 5.592213
2.069942, 3.155932, -1.324927, 4.987195
2.274077, 3.196531, -0.781515, 4.426417
2.576019, 2.843159, -1.131623, 4.818983
2.839643, 2.396425, -1.481072, 5.259906
3.037855, 1.877498, -1.801787, 5.725144
3.155932, 1.324927, -2.069942, 6.185349
3.196531, 0.781515, -2.274077, 6.614557
2.843159, 1.131623, -2.576019, 6.789629
2.396425, 1.481072, -2.839643, 6.966731
2.053502, 2.586311, -2.257017, 6.045229
2.586311, 2.257017, -2.053502, 5.878029
2.257017, 2.053502, -2.586311, 6.513615
-0.781515, -2.274077, -3.196531, 11.983949
-1.131623, -2.576019, -2.843159, 11.940185
-1.481072, -2.839643, -2.396425, 11.470393
-1.324927, -2.069942, -3.155932, 12.566371
-1.877498, -1.801787, -3.037855, 11.940285
-1.801787, -3.037855, -1.877498, 10.881016
-2.069942, -3.155932, -1.324927, 10.279932
-2.274077, -3.196531, -0.781515, 9.711918
-2.576019, -2.843159, -1.131623, 10.021482
-2.839643, -2.396425, -1.481072, 10.252556
-3.037855, -1.877498, -1.801787, 10.345972
-3.155932, -1.324927, -2.069942, 10.279932
-3.196531, -0.781515, -2.274077, 10.089660
-2.843159, -1.131623, -2.576019, 10.672081
-2.396425, -1.481072, -2.839643, 11.298166
-2.053502, -2.586311, -2.257017, 11.293926
-2.586311, -2.257017, -2.053502, 10.867985
-2.257017, -2.053502, -2.586311, 11.470459
0.781515, -2.274077, -3.196531, 10.424161
1.324927, -2.069942, -3.155932, 9.865500
1.877498, -1.801787, -3.037855, 9.256987
1.131623, -2.576019, -2.843159, 9.994746
1.481072, -2.839643, -2.396425, 9.483487
2.396425, -1.481072, -2.839643, 8.628337
2.843159, -1.131623, -2.576019, 8.012879
3.196531, -0.781515, -2.274077, 7.439042
3.155932, -1.324927, -2.069942, 7.579175
3.037855, -1.877498, -1.801787, 7.699519
2.839643, -2.396425, -1.481072, 7.786395
2.576019, -2.843159, -1.131623, 7.832500
2.274077, -3.196531, -0.781515, 7.839683
2.069942, -3.155932, -1.324927, 8.369345
1.801787, -3.037855, -1.877498, 8.928357
2.257017, -2.053502, -2.586311, 8.801995
2.586311, -2.257017, -2.053502, 8.298905
2.053502, -2.586311, -2.257017, 8.906092
-0.781515, -2.274077, 3.196531, 5.183023
-1.324927, -2.069942, 3.155932, 5.293154
-1.877498, -1.801787, 3.037855, 5.434297
-1.131623, -2.576019, 2.843159, 5.746252
-1.481072, -2.839643, 2.396425, 6.352502
-2.396425, -1.481072, 2.839643, 5.599639
-2.843159, -1.131623, 2.576019, 5.776741
-3.196531, -0.781515, 2.274077, 5.951814
-3.155932, -1.324927, 2.069942, 6.381022
-3.037855, -1.877498, 1.801787, 6.841226
-2.839643, -2.396425, 1.481072, 7.306464
-2.576019, -2.843159, 1.131623, 7.747388
-2.274077, -3.196531, 0.781515, 8.139954
-2.069942, -3.155932, 1.324927, 7.579175
-1.801787, -3.037855, 1.877498, 6.974158
-2.257017, -2.053502, 2.586311, 6.052756
-2.586311, -2.257017, 2.053502, 6.688342
-2.053502, -2.586311, 2.257017, 6.521141
0.781515, -2.274077, 3.196531, 4.632677
1.131623, -2.576019, 2.843159, 4.975008
1.481072, -2.839643, 2.396425, 5.363254
1.324927, -2.069942, 3.155932, 4.351278
1.877498, -1.801787, 3.037855, 4.088396
1.801787, -3.037855, 1.877498, 5.775748
2.069942, -3.155932, 1.324927, 6.185349
2.274077, -3.196531, 0.781515, 6.567734
2.576019, -2.843159, 1.131623, 6.008171
2.839643, -2.396425, 1.481072, 5.407194
3.037855, -1.877498, 1.801787, 4.792696
3.155932, -1.324927, 2.069942, 4.197026
3.196531, -0.781515, 2.274077, 3.648106
2.843159, -1.131623, 2.576019, 3.723435
2.396425, -1.481072, 2.839643, 3.872029
2.053502, -2.586311, 2.257017, 5.145347
2.586311, -2.257017, 2.053502, 4.949752
2.257017, -2.053502, 2.586311, 4.499127

graph:
0, 162, 0.477834
0, 163, 0.477834
0, 274, 0.477834
0, 275, 0.477834
0, 304, 0.477834
1, 192, 0.477834
1, 193, 0.477834
1, 218, 0.477834
1, 219, 0.477834
1, 248, 0.477834
2, 240, 0.477834
2, 241, 0.477834
2, 258, 0.477834
2, 330, 0.477834
2, 331, 0.477834
3, 175, 0.477834
3, 176, 0.477834
3, 211, 0.477834
3, 386, 0.477834
3, 387, 0.477834
4, 343, 0.477834
4, 344, 0.477834
4, 379, 0.477834
4, 416, 0.477834
4, 417, 0.477834
5, 184, 0.477834
5, 185, 0.477834
5, 205, 0.477834
5, 442, 0.477834
5, 443, 0.477834
6, 352, 0.477834
6, 353, 0.477834
6, 373, 0.477834
6, 472, 0.477834
6, 473, 0.477834
7, 296, 0.477834
7, 297, 0.477834
7, 314, 0.477834
7, 360, 0.477834
7, 361, 0.477834
8, 266, 0.477834
8, 267, 0.477834
8, 455, 0.477834
8, 456, 0.477834
8, 491, 0.477834
9, 231, 0.477834
9, 232, 0.477834
9, 408, 0.477834
9, 409, 0.477834
9, 429, 0.477834
10, 322, 0.477834
10, 323, 0.477834
10, 399, 0.477834
10, 400, 0.477834
10, 435, 0.477834
11, 287, 0.477834
11, 288, 0.477834
11, 464, 0.477834
11, 465, 0.477834
11, 485, 0.477834
12, 169, 0.611828
12, 170, 0.612585
12, 187, 0.612585
12, 188, 0.611828
12, 554, 0.611828
12, 557, 0.611828
13, 166, 0.612585
13, 167, 0.611828
13, 171, 0.611828
13, 172, 0.612585
13, 538, 0.611828
13, 548, 0.611828
14, 178, 0.612585
14, 179, 0.611828
14, 180, 0.611828
14, 181, 0.612585
14, 207, 0.611828
14, 208, 0.611828
15, 199, 0.611828
15, 200, 0.612585
15, 213, 0.612585
15, 214, 0.611828
15, 500, 0.611828
15, 503, 0.611828
16, 196, 0.612585
16, 197, 0.611828
16, 201, 0.611828
16, 202, 0.612585
16, 520, 0.611828
16, 530, 0.611828
17, 225, 0.611828
17, 226, 0.612585
17, 243, 0.612585
17, 244, 0.611828
17, 251, 0.611828
17, 255, 0.611828
18, 222, 0.612585
18, 223, 0.611828
18, 227, 0.611828
18, 228, 0.612585
18, 502, 0.611828
18, 512, 0.611828
19, 234, 0.612585
19, 235, 0.611828
19, 236, 0.611828
19, 237, 0.612585
19, 608, 0.611828
19, 611, 0.611828
20, 253, 0.611828
20, 254, 0.612585
20, 269, 0.612585
20, 270, 0.611828
20, 518, 0.611828
20, 521, 0.611828
21, 260, 0.612585
21, 261, 0.611828
21, 262, 0.611828
21, 263, 0.612585
21, 628, 0.611828
21, 638, 0.611828
22, 281, 0.611828
22, 282, 0.612585
22, 299, 0.612585
22, 300, 0.611828
22, 307, 0.611828
22, 311, 0.611828
23, 278, 0.612585
23, 279, 0.611828
23, 283, 0.611828
23, 284, 0.612585
23, 556, 0.611828
23, 566, 0.611828
24, 290, 0.612585
24, 291, 0.611828
24, 292, 0.611828
24, 293, 0.612585
24, 590, 0.611828
24, 593, 0.611828
25, 309, 0.611828
25, 310, 0.612585
25, 325, 0.612585
25, 326, 0.611828
25, 536, 0.611828
25, 539, 0.611828
26, 316, 0.612585
26, 317, 0.611828
26, 318, 0.611828
26, 319, 0.612585
26, 574, 0.611828
26, 584, 0.611828
27, 337, 0.611828
27, 338, 0.612585
27, 355, 0.612585
27, 356, 0.611828
27, 626, 0.611828
27, 629, 0.611828
28, 334, 0.612585
28, 335, 0.611828
28, 339, 0.611828
28, 340, 0.612585
28, 610, 0.611828
28, 620, 0.611828
29, 346, 0.612585
29, 347, 0.611828
29, 348, 0.611828
29, 349, 0.612585
29, 375, 0.611828
29, 376, 0.611828
30, 367, 0.611828
30, 368, 0.612585
30, 381, 0.612585
30, 382, 0.611828
30, 572, 0.611828
30, 575, 0.611828
31, 364, 0.612585
31, 365, 0.611828
31, 369, 0.611828
31, 370, 0.612585
31, 592, 0.611828
31, 602, 0.611828
32, 393, 0.611828
32, 394, 0.612585
32, 411, 0.612585
32, 412, 0.611828
32, 507, 0.611828
32, 508, 0.611828
33, 390, 0.612585
33, 391, 0.611828
33, 395, 0.611828
33, 396, 0.612585
33, 543, 0.611828
33, 544, 0.611828
34, 402, 0.612585
34, 403, 0.611828
34, 404, 0.611828
34, 405, 0.612585
34, 431, 0.611828
34, 432, 0.611828
35, 423, 0.611828
35, 424, 0.612585
35, 437, 0.612585
35, 438, 0.611828
35, 579, 0.611828
35, 580, 0.611828
36, 420, 0.612585
36, 421, 0.611828
36, 425, 0.611828
36, 426, 0.612585
36, 615, 0.611828
36, 616, 0.611828
37, 449, 0.611828
37, 450, 0.612585
37, 467, 0.612585
37, 468, 0.611828
37, 561, 0.611828
37, 562, 0.611828
38, 446, 0.612585
38, 447, 0.611828
38, 451, 0.611828
38, 452, 0.612585
38, 525, 0.611828
38, 526, 0.611828
39, 458, 0.612585
39, 459, 0.611828
39, 460, 0.611828
39, 461, 0.612585
39, 487, 0.611828
39, 488, 0.611828
40, 479, 0.611828
40, 480, 0.612585
40, 493, 0.612585
40, 494, 0.611828
40, 633, 0.611828
40, 634, 0.611828
41, 476, 0.612585
41, 477, 0.611828
41, 481, 0.611828
41, 482, 0.612585
41, 597, 0.611828
41, 598, 0.611828
42, 162, 0.536940
42, 164, 0.592108
42, 168, 0.562248
42, 170, 0.585126
42, 552, 0.592108
42, 553, 0.562248
43, 163, 0.536940
43, 164, 0.592108
43, 165, 0.562248
43, 166, 0.585126
43, 534, 0.592108
43, 537, 0.562248
44, 165, 0.619092
44, 167, 0.643515
44, 168, 0.619092
44, 169, 0.643515
44, 189, 0.652008
44, 191, 0.652008
45, 171, 0.643515
45, 173, 0.619092
45, 177, 0.619092
45, 179, 0.643515
45, 189, 0.652009
45, 190, 0.652008
46, 172, 0.585126
46, 173, 0.562248
46, 174, 0.592108
46, 175, 0.536940
46, 546, 0.592108
46, 547, 0.562248
47, 174, 0.592108
47, 176, 0.536940
47, 177, 0.562248
47, 178, 0.585126
47, 209, 0.562248
47, 210, 0.592108
48, 180, 0.643515
48, 182, 0.619092
48, 186, 0.619092
48, 188, 0.643515
48, 190, 0.652008
48, 191, 0.652009
49, 181, 0.585126
49, 182, 0.562248
49, 183, 0.592108
49, 184, 0.536940
49, 204, 0.592108
49, 206, 0.562248
50, 183, 0.592108
50, 185, 0.536940
50, 186, 0.562248
50, 187, 0.585126
50, 558, 0.562248
50, 559, 0.592108
51, 192, 0.536940
51, 194, 0.592108
51, 198, 0.562248
51, 200, 0.585126
51, 498, 0.592108
51, 499, 0.562248
52, 193, 0.536940
52, 194, 0.592108
52, 195, 0.562248
52, 196, 0.585126
52, 516, 0.592108
52, 519, 0.562248
53, 195, 0.619092
53, 197, 0.643515
53, 198, 0.619092
53, 199, 0.643515
53, 215, 0.652008
53, 217, 0.652008
54, 201, 0.643515
54, 203, 0.619092
54, 206, 0.619092
54, 207, 0.643515
54, 215, 0.652009
54, 216, 0.652008
55, 202, 0.585126
55, 203, 0.562248
55, 204, 0.592108
55, 205, 0.536940
55, 528, 0.592108
55, 529, 0.562248
56, 208, 0.643515
56, 209, 0.619092
56, 212, 0.619092
56, 214, 0.643515
56, 216, 0.652008
56, 217, 0.652009
57, 210, 0.592108
57, 211, 0.536940
57, 212, 0.562248
57, 213, 0.585126
57, 504, 0.562248
57, 505, 0.592108
58, 218, 0.536940
58, 220, 0.592108
58, 224, 0.562248
58, 226, 0.585126
58, 249, 0.592108
58, 250, 0.562248
59, 219, 0.536940
59, 220, 0.592108
59, 221, 0.562248
59, 222, 0.585126
59, 498, 0.592108
59, 501, 0.562248
60, 221, 0.619092
60, 223, 0.643515
60, 224, 0.619092
60, 225, 0.643515
60, 245, 0.652009
60, 247, 0.652008
61, 227, 0.643515
61, 229, 0.619092
61, 233, 0.619092
61, 235, 0.643515
61, 245, 0.652008
61, 246, 0.652008
62, 228, 0.585126
62, 229, 0.562248
62, 230, 0.592108
62, 231, 0.536940
62, 510, 0.592108
62, 511, 0.562248
63, 230, 0.592108
63, 232, 0.536940
63, 233, 0.562248
63, 234, 0.585126
63, 612, 0.562248
63, 613, 0.592108
64, 236, 0.643515
64, 238, 0.619092
64, 242, 0.619092
64, 244, 0.643515
64, 246, 0.652009
64, 247, 0.652008
65, 237, 0.585126
65, 238, 0.562248
65, 239, 0.592108
65, 240, 0.536940
65, 606, 0.592108
65, 607, 0.562248
66, 239, 0.592108
66, 241, 0.536940
66, 242, 0.562248
66, 243, 0.585126
66, 256, 0.562248
66, 257, 0.592108
67, 248, 0.536940
67, 249, 0.592108
67, 252, 0.562248
67, 254, 0.585126
67, 516, 0.592108
67, 517, 0.562248
68, 250, 0.619092
68, 251, 0.643515
68, 252, 0.619092
68, 253, 0.643515
68, 271, 0.652008
68, 273, 0.652009
69, 255, 0.643515
69, 256, 0.619092
69, 259, 0.619092
69, 261, 0.643515
69, 271, 0.652008
69, 272, 0.652009
70, 257, 0.592108
70, 258, 0.536940
70, 259, 0.562248
70, 260, 0.585126
70, 624, 0.592108
70, 627, 0.562248
71, 262, 0.643515
71, 264, 0.619092
71, 268, 0.619092
71, 270, 0.643515
71, 272, 0.652008
71, 273, 0.652008
72, 263, 0.585126
72, 264, 0.562248
72, 265, 0.592108
72, 266, 0.536940
72, 636, 0.592108
72, 637, 0.562248
73, 265, 0.592108
73, 267, 0.536940
73, 268, 0.562248
73, 269, 0.585126
73, 522, 0.562248
73, 523, 0.592108
74, 274, 0.536940
74, 276, 0.592108
74, 280, 0.562248
74, 282, 0.585126
74, 305, 0.592108
74, 306, 0.562248
75, 275, 0.536940
75, 276, 0.592108
75, 277, 0.562248
75, 278, 0.585126
75, 552, 0.592108
75, 555, 0.562248
76, 277, 0.619092
76, 279, 0.643515
76, 280, 0.619092
76, 281, 0.643515
76, 301, 0.652009
76, 303, 0.652008
77, 283, 0.643515
77, 285, 0.619092
77, 289, 0.619092
77, 291, 0.643515
77, 301, 0.652008
77, 302, 0.652008
78, 284, 0.585126
78, 285, 0.562248
78, 286, 0.592108
78, 287, 0.536940
78, 564, 0.592108
78, 565, 0.562248
79, 286, 0.592108
79, 288, 0.536940
79, 289, 0.562248
79, 290, 0.585126
79, 594, 0.562248
79, 595, 0.592108
80, 292, 0.643515
80, 294, 0.619092
80, 298, 0.619092
80, 300, 0.643515
80, 302, 0.652009
80, 303, 0.652008
81, 293, 0.585126
81, 294, 0.562248
81, 295, 0.592108
81, 296, 0.536940
81, 588, 0.592108
81, 589, 0.562248
82, 295, 0.592108
82, 297, 0.536940
82, 298, 0.562248
82, 299, 0.585126
82, 312, 0.562248
82, 313, 0.592108
83, 304, 0.536940
83, 305, 0.592108
83, 308, 0.562248
83, 310, 0.585126
83, 534, 0.592108
83, 535, 0.562248
84, 306, 0.619092
84, 307, 0.643515
84, 308, 0.619092
84, 309, 0.643515
84, 327, 0.652008
84, 329, 0.652009
85, 311, 0.643515
85, 312, 0.619092
85, 315, 0.619092
85, 317, 0.643515
85, 327, 0.652008
85, 328, 0.652009
86, 313, 0.592108
86, 314, 0.536940
86, 315, 0.562248
86, 316, 0.585126
86, 570, 0.592108
86, 573, 0.562248
87, 318, 0.643515
87, 320, 0.619092
87, 324, 0.619092
87, 326, 0.643515
87, 328, 0.652008
87, 329, 0.652008
88, 319, 0.585126
88, 320, 0.562248
88, 321, 0.592108
88, 322, 0.536940
88, 582, 0.592108
88, 583, 0.562248
89, 321, 0.592108
89, 323, 0.536940
89, 324, 0.562248
89, 325, 0.585126
89, 540, 0.562248
89, 541, 0.592108
90, 330, 0.536940
90, 332, 0.592108
90, 336, 0.562248
90, 338, 0.585126
90, 624, 0.592108
90, 625, 0.562248
91, 331, 0.536940
91, 332, 0.592108
91, 333, 0.562248
91, 334, 0.585126
91, 606, 0.592108
91, 609, 0.562248
92, 333, 0.619092
92, 335, 0.643515
92, 336, 0.619092
92, 337, 0.643515
92, 357, 0.652008
92, 359, 0.652008
93, 339, 0.643515
93, 341, 0.619092
93, 345, 0.619092
93, 347, 0.643515
93, 357, 0.652009
93, 358, 0.652008
94, 340, 0.585126
94, 341, 0.562248
94, 342, 0.592108
94, 343, 0.536940
94, 618, 0.592108
94, 619, 0.562248
95, 342, 0.592108
95, 344, 0.536940
95, 345, 0.562248
95, 346, 0.585126
95, 377, 0.562248
95, 378, 0.592108
96, 348, 0.643515
96, 350, 0.619092
96, 354, 0.619092
96, 356, 0.643515
96, 358, 0.652008
96, 359, 0.652009
97, 349, 0.585126
97, 350, 0.562248
97, 351, 0.592108
97, 352, 0.536940
97, 372, 0.592108
97, 374, 0.562248
98, 351, 0.592108
98, 353, 0.536940
98, 354, 0.562248
98, 355, 0.585126
98, 630, 0.562248
98, 631, 0.592108
99, 360, 0.536940
99, 362, 0.592108
99, 366, 0.562248
99, 368, 0.585126
99, 570, 0.592108
99, 571, 0.562248
100, 361, 0.536940
100, 362, 0.592108
100, 363, 0.562248
100, 364, 0.585126
100, 588, 0.592108
100, 591, 0.562248
101, 363, 0.619092
101, 365, 0.643515
101, 366, 0.619092
101, 367, 0.643515
101, 383, 0.652008
101, 385, 0.652008
102, 369, 0.643515
102, 371, 0.619092
102, 374, 0.619092
102, 375, 0.643515
102, 383, 0.652009
102, 384, 0.652008
103, 370, 0.585126
103, 371, 0.562248
103, 372, 0.592108
103, 373, 0.536940
103, 600, 0.592108
103, 601, 0.562248
104, 376, 0.643515
104, 377, 0.619092
104, 380, 0.619092
104, 382, 0.643515
104, 384, 0.652008
104, 385, 0.652009
105, 378, 0.592108
105, 379, 0.536940
105, 380, 0.562248
105, 381, 0.585126
105, 576, 0.562248
105, 577, 0.592108
106, 386, 0.536940
106, 388, 0.592108
106, 392, 0.562248
106, 394, 0.585126
106, 505, 0.592108
106, 506, 0.562248
107, 387, 0.536940
107, 388, 0.592108
107, 389, 0.562248
107, 390, 0.585126
107, 545, 0.562248
107, 546, 0.592108
108, 389, 0.619092
108, 391, 0.643515
108, 392, 0.619092
108, 393, 0.643515
108, 413, 0.652008
108, 415, 0.652008
109, 395, 0.643515
109, 397, 0.619092
109, 401, 0.619092
109, 403, 0.643515
109, 413, 0.652009
109, 414, 0.652008
110, 396, 0.585126
110, 397, 0.562248
110, 398, 0.592108
110, 399, 0.536940
110, 541, 0.592108
110, 542, 0.562248
111, 398, 0.592108
111, 400, 0.536940
111, 401, 0.562248
111, 402, 0.585126
111, 433, 0.562248
111, 434, 0.592108
112, 404, 0.643515
112, 406, 0.619092
112, 410, 0.619092
112, 412, 0.643515
112, 414, 0.652008
112, 415, 0.652009
113, 405, 0.585126
113, 406, 0.562248
113, 407, 0.592108
113, 408, 0.536940
113, 428, 0.592108
113, 430, 0.562248
114, 407, 0.592108
114, 409, 0.536940
114, 410, 0.562248
114, 411, 0.585126
114, 509, 0.562248
114, 510, 0.592108
115, 416, 0.536940
115, 418, 0.592108
115, 422, 0.562248
115, 424, 0.585126
115, 577, 0.592108
115, 578, 0.562248
116, 417, 0.536940
116, 418, 0.592108
116, 419, 0.562248
116, 420, 0.585126
116, 617, 0.562248
116, 618, 0.592108
117, 419, 0.619092
117, 421, 0.643515
117, 422, 0.619092
117, 423, 0.643515
117, 439, 0.652008
117, 441, 0.652008
118, 425, 0.643515
118, 427, 0.619092
118, 430, 0.619092
118, 431, 0.643515
118, 439, 0.652009
118, 440, 0.652008
119, 426, 0.585126
119, 427, 0.562248
119, 428, 0.592108
119, 429, 0.536940
119, 613, 0.592108
119, 614, 0.562248
120, 432, 0.643515
120, 433, 0.619092
120, 436, 0.619092
120, 438, 0.643515
120, 440, 0.652008
120, 441, 0.652009
121, 434, 0.592108
121, 435, 0.536940
121, 436, 0.562248
121, 437, 0.585126
121, 581, 0.562248
121, 582, 0.592108
122, 442, 0.536940
122, 444, 0.592108
122, 448, 0.562248
122, 450, 0.585126
122, 559, 0.592108
122, 560, 0.562248
123, 443, 0.536940
123, 444, 0.592108
123, 445, 0.562248
123, 446, 0.585126
123, 527, 0.562248
123, 528, 0.592108
124, 445, 0.619092
124, 447, 0.643515
124, 448, 0.619092
124, 449, 0.643515
124, 469, 0.652008
124, 471, 0.652008
125, 451, 0.643515
125, 453, 0.619092
125, 457, 0.619092
125, 459, 0.643515
125, 469, 0.652009
125, 470, 0.652008
126, 452, 0.585126
126, 453, 0.562248
126, 454, 0.592108
126, 455, 0.536940
126, 523, 0.592108
126, 524, 0.562248
127, 454, 0.592108
127, 456, 0.536940
127, 457, 0.562248
127, 458, 0.585126
127, 489, 0.562248
127, 490, 0.592108
128, 460, 0.643515
128, 462, 0.619092
128, 466, 0.619092
128, 468, 0.643515
128, 470, 0.652008
128, 471, 0.652009
129, 461, 0.585126
129, 462, 0.562248
129, 463, 0.592108
129, 464, 0.536940
129, 484, 0.592108
129, 486, 0.562248
130, 463, 0.592108
130, 465, 0.536940
130, 466, 0.562248
130, 467, 0.585126
130, 563, 0.562248
130, 564, 0.592108
131, 472, 0.536940
131, 474, 0.592108
131, 478, 0.562248
131, 480, 0.585126
131, 631, 0.592108
131, 632, 0.562248
132, 473, 0.536940
132, 474, 0.592108
132, 475, 0.562248
132, 476, 0.585126
132, 599, 0.562248
132, 600, 0.592108
133, 475, 0.619092
133, 477, 0.643515
133, 478, 0.619092
133, 479, 0.643515
133, 495, 0.652008
133, 497, 0.652008
134, 481, 0.643515
134, 483, 0.619092
134, 486, 0.619092
134, 487, 0.643515
134, 495, 0.652009
134, 496, 0.652008
135, 482, 0.585126
135, 483, 0.562248
135, 484, 0.592108
135, 485, 0.536940
135, 595, 0.592108
135, 596, 0.562248
136, 488, 0.643515
136, 489, 0.619092
136, 492, 0.619092
136, 494, 0.643515
136, 496, 0.652008
136, 497, 0.652009
137, 490, 0.592108
137, 491, 0.536940
137, 492, 0.562248
137, 493, 0.585126
137, 635, 0.562248
137, 636, 0.592108
138, 499, 0.619092
138, 500, 0.643515
138, 501, 0.619092
138, 502, 0.643515
138, 513, 0.652008
138, 515, 0.652008
139, 503, 0.643515
139, 504, 0.619092
139, 506, 0.619092
139, 507, 0.643515
139, 513, 0.652008
139, 514, 0.652008
140, 508, 0.643515
140, 509, 0.619092
140, 511, 0.619092
140, 512, 0.643515
140, 514, 0.652008
140, 515, 0.652008
141, 517, 0.619092
141, 518, 0.643515
141, 519, 0.619092
141, 520, 0.643515
141, 531, 0.652008
141, 533, 0.652008
142, 521, 0.643515
142, 522, 0.619092
142, 524, 0.619092
142, 525, 0.643515
142, 531, 0.652008
142, 532, 0.652008
143, 526, 0.643515
143, 527, 0.619092
143, 529, 0.619092
143, 530, 0.643515
143, 532, 0.652008
143, 533, 0.652008
144, 535, 0.619092
144, 536, 0.643515
144, 537, 0.619092
144, 538, 0.643515
144, 549, 0.652008
144, 551, 0.652008
145, 539, 0.643515
145, 540, 0.619092
145, 542, 0.619092
145, 543, 0.643515
145, 549, 0.652008
145, 550, 0.652008
146, 544, 0.643515
146, 545, 0.619092
146, 547, 0.619092
146, 548, 0.643515
146, 550, 0.652008
146, 551, 0.652008
147, 553, 0.619092
147, 554, 0.643515
147, 555, 0.619092
147, 556, 0.643515
147, 567, 0.652008
147, 569, 0.652008
148, 557, 0.643515
148, 558, 0.619092
148, 560, 0.619092
148, 561, 0.643515
148, 567, 0.652008
148, 568, 0.652008
149, 562, 0.643515
149, 563, 0.619092
149, 565, 0.619092
149, 566, 0.643515
149, 568, 0.652008
149, 569, 0.652008
150, 571, 0.619092
150, 572, 0.643515
150, 573, 0.619092
150, 574, 0.643515
150, 585, 0.652008
150, 587, 0.652008
151, 575, 0.643515
151, 576, 0.619092
151, 578, 0.619092
151, 579, 0.643515
151, 585, 0.652008
151, 586, 0.652008
152, 580, 0.643515
152, 581, 0.619092
152, 583, 0.619092
152, 584, 0.643515
152, 586, 0.652008
152, 587, 0.652008
153, 589, 0.619092
153, 590, 0.643515
153, 591, 0.619092
153, 592, 0.643515
153, 603, 0.652008
153, 605, 0.652008
154, 593, 0.643515
154, 594, 0.619092
154, 596, 0.619092
154, 597, 0.643515
154, 603, 0.652008
154, 604, 0.652008
155, 598, 0.643515
155, 599, 0.619092
155, 601, 0.619092
155, 602, 0.643515
155, 604, 0.652008
155, 605, 0.652008
156, 607, 0.619092
156, 608, 0.643515
156, 609, 0.619092
156, 610, 0.643515
156, 621, 0.652008
156, 623, 0.652008
157, 611, 0.643515
157, 612, 0.619092
157, 614, 0.619092
157, 615, 0.643515
157, 621, 0.652008
157, 622, 0.652008
158, 616, 0.643515
158, 617, 0.619092
158, 619, 0.619092
158, 620, 0.643515
158, 622, 0.652008
158, 623, 0.652008
159, 625, 0.619092
159, 626, 0.643515
159, 627, 0.619092
159, 628, 0.643515
159, 639, 0.652008
159, 641, 0.652008
160, 629, 0.643515
160, 630, 0.619092
160, 632, 0.619092
160, 633, 0.643515
160, 639, 0.652008
160, 640, 0.652008
161, 634, 0.643515
161, 635, 0.619092
161, 637, 0.619092
161, 638, 0.643515
161, 640, 0.652008
161, 641, 0.652008
162, 163, 0.560725
162, 164, 0.521335
162, 275, 0.560725
162, 552, 0.521335
163, 164, 0.521335
163, 304, 0.560725
163, 534, 0.521335
164, 165, 0.581907
164, 168, 0.581907
165, 166, 0.610698
165, 167, 0.625446
165, 168, 0.625546
166, 167, 0.594498
166, 537, 0.610698
166, 538, 0.594498
167, 171, 0.641430
167, 189, 0.641317
168, 169, 0.625446
168, 170, 0.610698
169, 170, 0.594498
169, 188, 0.641430
169, 191, 0.641317
170, 553, 0.610698
170, 554, 0.594498
171, 172, 0.594498
171, 173, 0.625446
171, 189, 0.641317
172, 173, 0.610698
172, 547, 0.610698
172, 548, 0.594498
173, 174, 0.581907
173, 177, 0.625546
174, 175, 0.521335
174, 176, 0.521335
174, 177, 0.581907
175, 176, 0.560725
175, 387, 0.560725
175, 546, 0.521335
176, 210, 0.521335
176, 211, 0.560725
177, 178, 0.610698
177, 179, 0.625446
178, 179, 0.594498
178, 208, 0.594498
178, 209, 0.610698
179, 180, 0.641430
179, 190, 0.641317
180, 181, 0.594498
180, 182, 0.625446
180, 190, 0.641317
181, 182, 0.610698
181, 206, 0.610698
181, 207, 0.594498
182, 183, 0.581907
182, 186, 0.625546
183, 184, 0.521335
183, 185, 0.521335
183, 186, 0.581907
184, 185, 0.560725
184, 204, 0.521335
184, 205, 0.560725
185, 442, 0.560725
185, 559, 0.521335
186, 187, 0.610698
186, 188, 0.625446
187, 188, 0.594498
187, 557, 0.594498
187, 558, 0.610698
188, 191, 0.641317
189, 190, 0.658589
189, 191, 0.658589
190, 191, 0.658589
192, 193, 0.560725
192, 194, 0.521335
192, 219, 0.560725
192, 498, 0.521335
193, 194, 0.521335
193, 248, 0.560725
193, 516, 0.521335
194, 195, 0.581907
194, 198, 0.581907
195, 196, 0.610698
195, 197, 0.625446
195, 198, 0.625546
196, 197, 0.594498
196, 519, 0.610698
196, 520, 0.594498
197, 201, 0.641430
197, 215, 0.641317
198, 199, 0.625446
198, 200, 0.610698
199, 200, 0.594498
199, 214, 0.641430
199, 217, 0.641317
200, 499, 0.610698
200, 500, 0.594498
201, 202, 0.594498
201, 203, 0.625446
201, 215, 0.641317
202, 203, 0.610698
202, 529, 0.610698
202, 530, 0.594498
203, 204, 0.581907
203, 206, 0.625546
204, 205, 0.521335
204, 206, 0.581907
205, 443, 0.560725
205, 528, 0.521335
206, 207, 0.625446
207, 208, 0.641430
207, 216, 0.641317
208, 209, 0.625446
208, 216, 0.641317
209, 210, 0.581907
209, 212, 0.625546
210, 211, 0.521335
210, 212, 0.581907
211, 386, 0.560725
211, 505, 0.521335
212, 213, 0.610698
212, 214, 0.625446
213, 214, 0.594498
213, 503, 0.594498
213, 504, 0.610698
214, 217, 0.641317
215, 216, 0.658589
215, 217, 0.658589
216, 217, 0.658589
218, 219, 0.560725
218, 220, 0.521335
218, 248, 0.560725
218, 249, 0.521335
219, 220, 0.521335
219, 498, 0.521335
220, 221, 0.581907
220, 224, 0.581907
221, 222, 0.610698
221, 223, 0.625446
221, 224, 0.625546
222, 223, 0.594498
222, 501, 0.610698
222, 502, 0.594498
223, 227, 0.641430
223, 245, 0.641317
224, 225, 0.625446
224, 226, 0.610698
225, 226, 0.594498
225, 244, 0.641430
225, 247, 0.641317
226, 250, 0.610698
226, 251, 0.594498
227, 228, 0.594498
227, 229, 0.625446
227, 245, 0.641317
228, 229, 0.610698
228, 511, 0.610698
228, 512, 0.594498
229, 230, 0.581907
229, 233, 0.625546
230, 231, 0.521335
230, 232, 0.521335
230, 233, 0.581907
231, 232, 0.560725
231, 409, 0.560725
231, 510, 0.521335
232, 429, 0.560725
232, 613, 0.521335
233, 234, 0.610698
233, 235, 0.625446
234, 235, 0.594498
234, 611, 0.594498
234, 612, 0.610698
235, 236, 0.641430
235, 246, 0.641317
236, 237, 0.594498
236, 238, 0.625446
236, 246, 0.641317
237, 238, 0.610698
237, 607, 0.610698
237, 608, 0.594498
238, 239, 0.581907
238, 242, 0.625546
239, 240, 0.521335
239, 241, 0.521335
239, 242, 0.581907
240, 241, 0.560725
240, 331, 0.560725
240, 606, 0.521335
241, 257, 0.521335
241, 258, 0.560725
242, 243, 0.610698
242, 244, 0.625446
243, 244, 0.594498
243, 255, 0.594498
243, 256, 0.610698
244, 247, 0.641317
245, 246, 0.658589
245, 247, 0.658589
246, 247, 0.658589
248, 249, 0.521335
248, 516, 0.521335
249, 250, 0.581907
249, 252, 0.581907
250, 251, 0.625446
250, 252, 0.625546
251, 255, 0.641430
251, 271, 0.641317
252, 253, 0.625446
252, 254, 0.610698
253, 254, 0.594498
253, 270, 0.641430
253, 273, 0.641317
254, 517, 0.610698
254, 518, 0.594498
255, 256, 0.625446
255, 271, 0.641317
256, 257, 0.581907
256, 259, 0.625546
257, 258, 0.521335
257, 259, 0.581907
258, 330, 0.560725
258, 624, 0.521335
259, 260, 0.610698
259, 261, 0.625446
260, 261, 0.594498
260, 627, 0.610698
260, 628, 0.594498
261, 262, 0.641430
261, 272, 0.641317
262, 263, 0.594498
262, 264, 0.625446
262, 272, 0.641317
263, 264, 0.610698
263, 637, 0.610698
263, 638, 0.594498
264, 265, 0.581907
264, 268, 0.625546
265, 266, 0.521335
265, 267, 0.521335
265, 268, 0.581907
266, 267, 0.560725
266, 491, 0.560725
266, 636, 0.521335
267, 455, 0.560725
267, 523, 0.521335
268, 269, 0.610698
268, 270, 0.625446
269, 270, 0.594498
269, 521, 0.594498
269, 522, 0.610698
270, 273, 0.641317
271, 272, 0.658589
271, 273, 0.658589
272, 273, 0.658589
274, 275, 0.560725
274, 276, 0.521335
274, 304, 0.560725
274, 305, 0.521335
275, 276, 0.521335
275, 552, 0.521335
276, 277, 0.581907
276, 280, 0.581907
277, 278, 0.610698
277, 279, 0.625446
277, 280, 0.625546
278, 279, 0.594498
278, 555, 0.610698
278, 556, 0.594498
279, 283, 0.641430
279, 301, 0.641317
280, 281, 0.625446
280, 282, 0.610698
281, 282, 0.594498
281, 300, 0.641430
281, 303, 0.641317
282, 306, 0.610698
282, 307, 0.594498
283, 284, 0.594498
283, 285, 0.625446
283, 301, 0.641317
284, 285, 0.610698
284, 565, 0.610698
284, 566, 0.594498
285, 286, 0.581907
285, 289, 0.625546
286, 287, 0.521335
286, 288, 0.521335
286, 289, 0.581907
287, 288, 0.560725
287, 465, 0.560725
287, 564, 0.521335
288, 485, 0.560725
288, 595, 0.521335
289, 290, 0.610698
289, 291, 0.625446
290, 291, 0.594498
290, 593, 0.594498
290, 594, 0.610698
291, 292, 0.641430
291, 302, 0.641317
292, 293, 0.594498
292, 294, 0.625446
292, 302, 0.641317
293, 294, 0.610698
293, 589, 0.610698
293, 590, 0.594498
294, 295, 0.581907
294, 298, 0.625546
295, 296, 0.521335
295, 297, 0.521335
295, 298, 0.581907
296, 297, 0.560725
296, 361, 0.560725
296, 588, 0.521335
297, 313, 0.521335
297, 314, 0.560725
298, 299, 0.610698
298, 300, 0.625446
299, 300, 0.594498
299, 311, 0.594498
299, 312, 0.610698
300, 303, 0.641317
301, 302, 0.658589
301, 303, 0.658589
302, 303, 0.658589
304, 305, 0.521335
304, 534, 0.521335
305, 306, 0.581907
305, 308, 0.581907
306, 307, 0.625446
306, 308, 0.625546
307, 311, 0.641430
307, 327, 0.641317
308, 309, 0.625446
308, 310, 0.610698
309, 310, 0.594498
309, 326, 0.641430
309, 329, 0.641317
310, 535, 0.610698
310, 536, 0.594498
311, 312, 0.625446
311, 327, 0.641317
312, 313, 0.581907
312, 315, 0.625546
313, 314, 0.521335
313, 315, 0.581907
314, 360, 0.560725
314, 570, 0.521335
315, 316, 0.610698
315, 317, 0.625446
316, 317, 0.594498
316, 573, 0.610698
316, 574, 0.594498
317, 318, 0.641430
317, 328, 0.641317
318, 319, 0.594498
318, 320, 0.625446
318, 328, 0.641317
319, 320, 0.610698
319, 583, 0.610698
319, 584, 0.594498
320, 321, 0.581907
320, 324, 0.625546
321, 322, 0.521335
321, 323, 0.521335
321, 324, 0.581907
322, 323, 0.560725
322, 435, 0.560725
322, 582, 0.521335
323, 399, 0.560725
323, 541, 0.521335
324, 325, 0.610698
324, 326, 0.625446
325, 326, 0.594498
325, 539, 0.594498
325, 540, 0.610698
326, 329, 0.641317
327, 328, 0.658589
327, 329, 0.658589
328, 329, 0.658589
330, 331, 0.560725
330, 332, 0.521335
330, 624, 0.521335
331, 332, 0.521335
331, 606, 0.521335
332, 333, 0.581907
332, 336, 0.581907
333, 334, 0.610698
333, 335, 0.625446
333, 336, 0.625546
334, 335, 0.594498
334, 609, 0.610698
334, 610, 0.594498
335, 339, 0.641430
335, 357, 0.641317
336, 337, 0.625446
336, 338, 0.610698
337, 338, 0.594498
337, 356, 0.641430
337, 359, 0.641317
338, 625, 0.610698
338, 626, 0.594498
339, 340, 0.594498
339, 341, 0.625446
339, 357, 0.641317
340, 341, 0.610698
340, 619, 0.610698
340, 620, 0.594498
341, 342, 0.581907
341, 345, 0.625546
342, 343, 0.521335
342, 344, 0.521335
342, 345, 0.581907
343, 344, 0.560725
343, 417, 0.560725
343, 618, 0.521335
344, 378, 0.521335
344, 379, 0.560725
345, 346, 0.610698
345, 347, 0.625446
346, 347, 0.594498
346, 376, 0.594498
346, 377, 0.610698
347, 348, 0.641430
347, 358, 0.641317
348, 349, 0.594498
348, 350, 0.625446
348, 358, 0.641317
349, 350, 0.610698
349, 374, 0.610698
349, 375, 0.594498
350, 351, 0.581907
350, 354, 0.625546
351, 352, 0.521335
351, 353, 0.521335
351, 354, 0.581907
352, 353, 0.560725
352, 372, 0.521335
352, 373, 0.560725
353, 472, 0.560725
353, 631, 0.521335
354, 355, 0.610698
354, 356, 0.625446
355, 356, 0.594498
355, 629, 0.594498
355, 630, 0.610698
356, 359, 0.641317
357, 358, 0.658589
357, 359, 0.658589
358, 359, 0.658589
360, 361, 0.560725
360, 362, 0.521335
360, 570, 0.521335
361, 362, 0.521335
361, 588, 0.521335
362, 363, 0.581907
362, 366, 0.581907
363, 364, 0.610698
363, 365, 0.625446
363, 366, 0.625546
364, 365, 0.594498
364, 591, 0.610698
364, 592, 0.594498
365, 369, 0.641430
365, 383, 0.641317
366, 367, 0.625446
366, 368, 0.610698
367, 368, 0.594498
367, 382, 0.641430
367, 385, 0.641317
368, 571, 0.610698
368, 572, 0.594498
369, 370, 0.594498
369, 371, 0.625446
369, 383, 0.641317
370, 371, 0.610698
370, 601, 0.610698
370, 602, 0.594498
371, 372, 0.581907
371, 374, 0.625546
372, 373, 0.521335
372, 374, 0.581907
373, 473, 0.560725
373, 600, 0.521335
374, 375, 0.625446
375, 376, 0.641430
375, 384, 0.641317
376, 377, 0.625446
376, 384, 0.641317
377, 378, 0.581907
377, 380, 0.625546
378, 379, 0.521335
378, 380, 0.581907
379, 416, 0.560725
379, 577, 0.521335
380, 381, 0.610698
380, 382, 0.625446
381, 382, 0.594498
381, 575, 0.594498
381, 576, 0.610698
382, 385, 0.641317
383, 384, 0.658589
383, 385, 0.658589
384, 385, 0.658589
386, 387, 0.560725
386, 388, 0.521335
386, 505, 0.521335
387, 388, 0.521335
387, 546, 0.521335
388, 389, 0.581907
388, 392, 0.581907
389, 390, 0.610698
389, 391, 0.625446
389, 392, 0.625546
390, 391, 0.594498
390, 544, 0.594498
390, 545, 0.610698
391, 395, 0.641430
391, 413, 0.641317
392, 393, 0.625446
392, 394, 0.610698
393, 394, 0.594498
393, 412, 0.641430
393, 415, 0.641317
394, 506, 0.610698
394, 507, 0.594498
395, 396, 0.594498
395, 397, 0.625446
395, 413, 0.641317
396, 397, 0.610698
396, 542, 0.610698
396, 543, 0.594498
397, 398, 0.581907
397, 401, 0.625546
398, 399, 0.521335
398, 400, 0.521335
398, 401, 0.581907
399, 400, 0.560725
399, 541, 0.521335
400, 434, 0.521335
400, 435, 0.560725
401, 402, 0.610698
401, 403, 0.625446
402, 403, 0.594498
402, 432, 0.594498
402, 433, 0.610698
403, 404, 0.641430
403, 414, 0.641317
404, 405, 0.594498
404, 406, 0.625446
404, 414, 0.641317
405, 406, 0.610698
405, 430, 0.610698
405, 431, 0.594498
406, 407, 0.581907
406, 410, 0.625546
407, 408, 0.521335
407, 409, 0.521335
407, 410, 0.581907
408, 409, 0.560725
408, 428, 0.521335
408, 429, 0.560725
409, 510, 0.521335
410, 411, 0.610698
410, 412, 0.625446
411, 412, 0.594498
411, 508, 0.594498
411, 509, 0.610698
412, 415, 0.641317
413, 414, 0.658589
413, 415, 0.658589
414, 415, 0.658589
416, 417, 0.560725
416, 418, 0.521335
416, 577, 0.521335
417, 418, 0.521335
417, 618, 0.521335
418, 419, 0.581907
418, 422, 0.581907
419, 420, 0.610698
419, 421, 0.625446
419, 422, 0.625546
420, 421, 0.594498
420, 616, 0.594498
420, 617, 0.610698
421, 425, 0.641430
421, 439, 0.641317
422, 423, 0.625446
422, 424, 0.610698
423, 424, 0.594498
423, 438, 0.641430
423, 441, 0.641317
424, 578, 0.610698
424, 579, 0.594498
425, 426, 0.594498
425, 427, 0.625446
425, 439, 0.641317
426, 427, 0.610698
426, 614, 0.610698
426, 615, 0.594498
427, 428, 0.581907
427, 430, 0.625546
428, 429, 0.521335
428, 430, 0.581907
429, 613, 0.521335
430, 431, 0.625446
431, 432, 0.641430
431, 440, 0.641317
432, 433, 0.625446
432, 440, 0.641317
433, 434, 0.581907
433, 436, 0.625546
434, 435, 0.521335
434, 436, 0.581907
435, 582, 0.521335
436, 437, 0.610698
436, 438, 0.625446
437, 438, 0.594498
437, 580, 0.594498
437, 581, 0.610698
438, 441, 0.641317
439, 440, 0.658589
439, 441, 0.658589
440, 441, 0.658589
442, 443, 0.560725
442, 444, 0.521335
442, 559, 0.521335
443, 444, 0.521335
443, 528, 0.521335
444, 445, 0.581907
444, 448, 0.581907
445, 446, 0.610698
445, 447, 0.625446
445, 448, 0.625546
446, 447, 0.594498
446, 526, 0.594498
446, 527, 0.610698
447, 451, 0.641430
447, 469, 0.641317
448, 449, 0.625446
448, 450, 0.610698
449, 450, 0.594498
449, 468, 0.641430
449, 471, 0.641317
450, 560, 0.610698
450, 561, 0.594498
451, 452, 0.594498
451, 453, 0.625446
451, 469, 0.641317
452, 453, 0.610698
452, 524, 0.610698
452, 525, 0.594498
453, 454, 0.581907
453, 457, 0.625546
454, 455, 0.521335
454, 456, 0.521335
454, 457, 0.581907
455, 456, 0.560725
455, 523, 0.521335
456, 490, 0.521335
456, 491, 0.560725
457, 458, 0.610698
457, 459, 0.625446
458, 459, 0.594498
458, 488, 0.594498
458, 489, 0.610698
459, 460, 0.641430
459, 470, 0.641317
460, 461, 0.594498
460, 462, 0.625446
460, 470, 0.641317
461, 462, 0.610698
461, 486, 0.610698
461, 487, 0.594498
462, 463, 0.581907
462, 466, 0.625546
463, 464, 0.521335
463, 465, 0.521335
463, 466, 0.581907
464, 465, 0.560725
464, 484, 0.521335
464, 485, 0.560725
465, 564, 0.521335
466, 467, 0.610698
466, 468, 0.625446
467, 468, 0.594498
467, 562, 0.594498
467, 563, 0.610698
468, 471, 0.641317
469, 470, 0.658589
469, 471, 0.658589
470, 471, 0.658589
472, 473, 0.560725
472, 474, 0.521335
472, 631, 0.521335
473, 474, 0.521335
473, 600, 0.521335
474, 475, 0.581907
474, 478, 0.581907
475, 476, 0.610698
475, 477, 0.625446
475, 478, 0.625546
476, 477, 0.594498
476, 598, 0.594498
476, 599, 0.610698
477, 481, 0.641430
477, 495, 0.641317
478, 479, 0.625446
478, 480, 0.610698
479, 480, 0.594498
479, 494, 0.641430
479, 497, 0.641317
480, 632, 0.610698
480, 633, 0.594498
481, 482, 0.594498
481, 483, 0.625446
481, 495, 0.641317
482, 483, 0.610698
482, 596, 0.610698
482, 597, 0.594498
483, 484, 0.581907
483, 486, 0.625546
484, 485, 0.521335
484, 486, 0.581907
485, 595, 0.521335
486, 487, 0.625446
487, 488, 0.641430
487, 496, 0.641317
488, 489, 0.625446
488, 496, 0.641317
489, 490, 0.581907
489, 492, 0.625546
490, 491, 0.521335
490, 492, 0.581907
491, 636, 0.521335
492, 493, 0.610698
492, 494, 0.625446
493, 494, 0.594498
493, 634, 0.594498
493, 635, 0.610698
494, 497, 0.641317
495, 496, 0.658589
495, 497, 0.658589
496, 497, 0.658589
498, 499, 0.581907
498, 501, 0.581907
499, 500, 0.625446
499, 501, 0.625546
500, 503, 0.641430
500, 513, 0.641317
501, 502, 0.625446
502, 512, 0.641430
502, 515, 0.641317
503, 504, 0.625446
503, 513, 0.641317
504, 505, 0.581907
504, 506, 0.625546
505, 506, 0.581907
506, 507, 0.625446
507, 508, 0.641430
507, 514, 0.641317
508, 509, 0.625446
508, 514, 0.641317
509, 510, 0.581907
509, 511, 0.625546
510, 511, 0.581907
511, 512, 0.625446
512, 515, 0.641317
513, 514, 0.658588
513, 515, 0.658588
514, 515, 0.658588
516, 517, 0.581907
516, 519, 0.581907
517, 518, 0.625446
517, 519, 0.625546
518, 521, 0.641430
518, 531, 0.641317
519, 520, 0.625446
520, 530, 0.641430
520, 533, 0.641317
521, 522, 0.625446
521, 531, 0.641317
522, 523, 0.581907
522, 524, 0.625546
523, 524, 0.581907
524, 525, 0.625446
525, 526, 0.641430
525, 532, 0.641317
526, 527, 0.625446
526, 532, 0.641317
527, 528, 0.581907
527, 529, 0.625546
528, 529, 0.581907
529, 530, 0.625446
530, 533, 0.641317
531, 532, 0.658588
531, 533, 0.658588
532, 533, 0.658588
534, 535, 0.581907
534, 537, 0.581907
535, 536, 0.625446
535, 537, 0.625546
536, 539, 0.641430
536, 549, 0.641317
537, 538, 0.625446
538, 548, 0.641430
538, 551, 0.641317
539, 540, 0.625446
539, 549, 0.641317
540, 541, 0.581907
540, 542, 0.625546
541, 542, 0.581907
542, 543, 0.625446
543, 544, 0.641430
543, 550, 0.641317
544, 545, 0.625446
544, 550, 0.641317
545, 546, 0.581907
545, 547, 0.625546
546, 547, 0.581907
547, 548, 0.625446
548, 551, 0.641317
549, 550, 0.658588
549, 551, 0.658588
550, 551, 0.658588
552, 553, 0.581907
552, 555, 0.581907
553, 554, 0.625446
553, 555, 0.625546
554, 557, 0.641430
554, 567, 0.641317
555, 556, 0.625446
556, 566, 0.641430
556, 569, 0.641317
557, 558, 0.625446
557, 567, 0.641317
558, 559, 0.581907
558, 560, 0.625546
559, 560, 0.581907
560, 561, 0.625446
561, 562, 0.641430
561, 568, 0.641317
562, 563, 0.625446
562, 568, 0.641317
563, 564, 0.581907
563, 565, 0.625546
564, 565, 0.581907
565, 566, 0.625446
566, 569, 0.641317
567, 568, 0.658588
567, 569, 0.658588
568, 569, 0.658588
570, 571, 0.581907
570, 573, 0.581907
571, 572, 0.625446
571, 573, 0.625546
572, 575, 0.641430
572, 585, 0.641317
573, 574, 0.625446
574, 584, 0.641430
574, 587, 0.641317
575, 576, 0.625446
575, 585, 0.641317
576, 577, 0.581907
576, 578, 0.625546
577, 578, 0.581907
578, 579, 0.625446
579, 580, 0.641430
579, 586, 0.641317
580, 581, 0.625446
580, 586, 0.641317
581, 582, 0.581907
581, 583, 0.625546
582, 583, 0.581907
583, 584, 0.625446
584, 587, 0.641317
585, 586, 0.658588
585, 587, 0.658588
586, 587, 0.658588
588, 589, 0.581907
588, 591, 0.581907
589, 590, 0.625446
589, 591, 0.625546
590, 593, 0.641430
590, 603, 0.641317
591, 592, 0.625446
592, 602, 0.641430
592, 605, 0.641317
593, 594, 0.625446
593, 603, 0.641317
594, 595, 0.581907
594, 596, 0.625546
595, 596, 0.581907
596, 597, 0.625446
597, 598, 0.641430
597, 604, 0.641317
598, 599, 0.625446
598, 604, 0.641317
599, 600, 0.581907
599, 601, 0.625546
600, 601, 0.581907
601, 602, 0.625446
602, 605, 0.641317
603, 604, 0.658588
603, 605, 0.658588
604, 605, 0.658588
606, 607, 0.581907
606, 609, 0.581907
607, 608, 0.625446
607, 609, 0.625546
608, 611, 0.641430
608, 621, 0.641317
609, 610, 0.625446
610, 620, 0.641430
610, 623, 0.641317
611, 612, 0.625446
611, 621, 0.641317
612, 613, 0.581907
612, 614, 0.625546
613, 614, 0.581907
614, 615, 0.625446
615, 616, 0.641430
615, 622, 0.641317
616, 617, 0.625446
616, 622, 0.641317
617, 618, 0.581907
617, 619, 0.625546
618, 619, 0.581907
619, 620, 0.625446
620, 623, 0.641317
621, 622, 0.658588
621, 623, 0.658588
622, 623, 0.658588
624, 625, 0.581907
624, 627, 0.581907
625, 626, 0.625446
625, 627, 0.625546
626, 629, 0.641430
626, 639, 0.641317
627, 628, 0.625446
628, 638, 0.641430
628, 641, 0.641317
629, 630, 0.625446
629, 639, 0.641317
630, 631, 0.581907
630, 632, 0.625546
631, 632, 0.581907
632, 633, 0.625446
633, 634, 0.641430
633, 640, 0.641317
634, 635, 0.625446
634, 640, 0.641317
635, 636, 0.581907
635, 637, 0.625546
636, 637, 0.581907
637, 638, 0.625446
638, 641, 0.641317
639, 640, 0.658588
639, 641, 0.658588
640, 641, 0.658588
