source_idx: 167
h_value: 2.401347

points:
0.000000, 8.411698, -13.610415, 7.822318
0.000000, 8.411698, 13.610415, 25.132742
0.000000, -8.411698, 13.610415, 42.443164
-8.411698, 13.610415, 0.000000, 10.334689
-8.411698, -13.610415, 0.000000, 36.036309
8.411698, 13.610415, 0.000000, 14.229173
8.411698, -13.610415, 0.000000, 39.930794
0.000000, -8.411698, -13.610415, 25.132741
13.610415, 0.000000, 8.411698, 31.878406
-13.610415, 0.000000, 8.411698, 27.322098
-13.610415, 0.000000, -8.411698, 18.387076
13.610415, 0.000000, -8.411698, 22.943384
4.944272, 12.944271, -8.000000, 7.603393
-4.944272, 12.944271, -8.000000, 2.449704
0.000000, 15.999999, 0.000000, 9.186745
-4.944272, 12.944271, 8.000000, 17.315426
4.944272, 12.944271, 8.000000, 19.063980
0.000000, 0.000000, 15.999999, 33.862277
-8.000000, 4.944272, 12.944271, 26.416980
-8.000000, -4.944272, 12.944271, 35.410894
8.000000, 4.944272, 12.944271, 29.019433
8.000000, -4.944272, 12.944271, 38.932558
0.000000, 0.000000, -15.999999, 16.403205
8.000000, 4.944272, -12.944271, 14.854589
8.000000, -4.944272, -12.944271, 23.848503
-8.000000, 4.944272, -12.944271, 11.332925
-8.000000, -4.944272, -12.944271, 21.246050
4.944272, -12.944271, 8.000000, 47.815779
-4.944272, -12.944271, 8.000000, 42.662090
0.000000, -15.999999, 0.000000, 41.078737
-4.944272, -12.944271, -8.000000, 31.201503
4.944272, -12.944271, -8.000000, 32.950056
-12.944271, 8.000000, 4.944272, 18.736608
-12.944271, 8.000000, -4.944272, 12.502800
-15.999999, 0.000000, 0.000000, 22.555897
-12.944271, -8.000000, -4.944272, 27.214319
-12.944271, -8.000000, 4.944272, 32.608993
12.944271, 8.000000, -4.944272, 17.656489
12.944271, 8.000000, 4.944272, 23.051164
15.999999, 0.000000, 0.000000, 27.709586
12.944271, -8.000000, 4.944272, 37.762682
12.944271, -8.000000, -4.944272, 31.528874
2.361934, 10.907493, -11.465070, 6.419980
-2.361934, 10.907493, -11.465070, 4.063798
0.000000, 13.610413, -8.411697, 2.576844
-2.599358, 15.216905, -4.205849, 4.482783
-7.085803, 13.827004, -3.821690, 6.419980
-4.723869, 15.286760, 0.000000, 8.890403
2.599358, 15.216905, -4.205849, 6.882367
4.723869, 15.286760, 0.000000, 11.445467
7.085803, 13.827004, -3.821690, 10.855330
-2.361934, 10.907493, 11.465070, 21.514370
2.361934, 10.907493, 11.465070, 22.287672
0.000000, 13.610413, 8.411697, 17.817741
2.599358, 15.216905, 4.205849, 14.102064
7.085803, 13.827004, 3.821690, 16.182983
-2.599358, 15.216905, 4.205849, 12.988858
-7.085803, 13.827004, 3.821690, 13.327622
0.000000, 4.723869, 15.286760, 29.140893
-3.821690, 7.085803, 13.827004, 25.745728
-4.205849, 2.599358, 15.216905, 30.259523
-8.411697, 0.000000, 13.610413, 30.975688
-11.465070, 2.361934, 10.907493, 26.975321
-11.465070, -2.361934, 10.907493, 31.073151
-4.205849, -2.599358, 15.216905, 35.185838
-3.821690, -7.085803, 13.827004, 39.498506
0.000000, -4.723869, 15.286760, 38.549978
3.821690, 7.085803, 13.827004, 26.975321
4.205849, 2.599358, 15.216905, 31.704335
4.205849, -2.599358, 15.216905, 36.925188
3.821690, -7.085803, 13.827004, 41.653248
8.411697, 0.000000, 13.610413, 33.989931
11.465070, -2.361934, 10.907493, 35.281627
11.465070, 2.361934, 10.907493, 30.763798
0.000000, 4.723869, -15.286760, 11.715505
3.821690, 7.085803, -13.827004, 10.766977
4.205849, 2.599358, -15.216905, 15.079644
8.411697, 0.000000, -13.610413, 19.289795
11.465070, 2.361934, -10.907493, 19.192331
11.465070, -2.361934, -10.907493, 23.290162
4.205849, -2.599358, -15.216905, 20.005960
3.821690, -7.085803, -13.827004, 24.519755
0.000000, -4.723869, -15.286760, 21.124589
-3.821690, 7.085803, -13.827004, 8.612234
-4.205849, 2.599358, -15.216905, 13.340294
-4.205849, -2.599358, -15.216905, 18.561148
-3.821690, -7.085803, -13.827004, 23.290161
-8.411697, 0.000000, -13.610413, 16.275551
-11.465070, -2.361934, -10.907493, 19.501684
-11.465070, 2.361934, -10.907493, 14.983855
2.361934, -10.907493, 11.465070, 46.201684
-2.361934, -10.907493, 11.465070, 43.845503
0.000000, -13.610413, 8.411697, 47.688638
-2.599358, -15.216905, 4.205849, 43.383115
-7.085803, -13.827004, 3.821690, 39.410153
-4.723869, -15.286760, 0.000000, 38.820016
2.599358, -15.216905, 4.205849, 45.782699
4.723869, -15.286760, 0.000000, 41.375079
7.085803, -13.827004, 3.821690, 43.845502
-2.361934, -10.907493, -11.465070, 27.977810
2.361934, -10.907493, -11.465070, 28.751112
0.000000, -13.610413, -8.411697, 32.447741
2.599358, -15.216905, -4.205849, 37.276624
7.085803, -13.827004, -3.821690, 36.937860
-2.599358, -15.216905, -4.205849, 36.163418
-7.085803, -13.827004, -3.821690, 34.082499
-10.907493, 11.465070, 2.361934, 14.137564
-10.907493, 11.465070, -2.361934, 10.622707
-13.610413, 8.411697, 0.000000, 15.275577
-15.216905, 4.205849, -2.599358, 17.529349
-13.827004, 3.821690, -7.085803, 15.449163
-15.286760, 0.000000, -4.723869, 20.149893
-15.216905, 4.205849, 2.599358, 20.443212
-15.286760, 0.000000, 4.723869, 25.132741
-13.827004, 3.821690, 7.085803, 23.380141
-10.907493, -11.465070, -2.361934, 31.992787
-10.907493, -11.465070, 2.361934, 34.816320
-13.610413, -8.411697, 0.000000, 30.092059
-15.216905, -4.205849, 2.599358, 27.582445
-13.827004, -3.821690, 7.085803, 29.870274
-15.216905, -4.205849, -2.599358, 24.875117
-13.827004, -3.821690, -7.085803, 22.434542
10.907493, 11.465070, -2.361934, 15.449163
10.907493, 11.465070, 2.361934, 18.272695
13.610413, 8.411697, 0.000000, 20.173424
15.216905, 4.205849, 2.599358, 25.390365
13.827004, 3.821690, 7.085803, 27.830941
15.286760, 0.000000, 4.723869, 30.115589
15.216905, 4.205849, -2.599358, 22.683038
15.286760, 0.000000, -4.723869, 25.132741
13.827004, 3.821690, -7.085803, 20.395209
10.907493, -11.465070, 2.361934, 39.642776
10.907493, -11.465070, -2.361934, 36.127919
13.610413, -8.411697, 0.000000, 34.989905
15.216905, -4.205849, -2.599358, 29.822271
13.827004, -3.821690, -7.085803, 26.885342
15.216905, -4.205849, 2.599358, 32.736134
13.827004, -3.821690, 7.085803, 34.816320
-6.805206, 9.404564, 11.011055, 21.835660
-9.404564, 11.011055, 6.805206, 17.639814
-11.011055, 6.805206, 9.404564, 22.521812
6.805206, 9.404564, 11.011055, 24.040628
11.011055, 6.805206, 9.404564, 26.065321
9.404564, 11.011055, 6.805206, 20.876885
-6.805206, 9.404564, -11.011055, 6.490042
-11.011055, 6.805206, -9.404564, 11.008546
-9.404564, 11.011055, -6.805206, 7.476252
6.805206, 9.404564, -11.011055, 10.755377
9.404564, 11.011055, -6.805206, 12.629941
11.011055, 6.805206, -9.404564, 15.780735
-6.805206, -9.404564, -11.011055, 26.224855
-9.404564, -11.011055, -6.805206, 29.388597
-11.011055, -6.805206, -9.404564, 24.200161
6.805206, -9.404564, -11.011055, 28.429823
11.011055, -6.805206, -9.404564, 27.743671
9.404564, -11.011055, -6.805206, 32.625668
-6.805206, -9.404564, 11.011055, 39.510106
-11.011055, -6.805206, 9.404564, 34.484747
-9.404564, -11.011055, 6.805206, 37.635541
6.805206, -9.404564, 11.011055, 43.775440
9.404564, -11.011055, 6.805206, 42.789230
11.011055, -6.805206, 9.404564, 39.256936
1.121450, 9.664696, -12.701812, 6.920845
-1.121450, 9.664696, -12.701812, 6.005673
0.000000, 11.028319, -11.592073, 4.834027
-1.251092, 12.328384, -10.121544, 2.504341
-3.664718, 12.037502, -9.882731, 2.380184
-2.565719, 13.434280, -8.302842, 0.000000
1.251092, 12.328384, -10.121544, 4.383909
2.565719, 13.434280, -8.302842, 5.153689
3.664718, 12.037502, -9.882731, 6.624866
-3.848579, 14.227133, -6.227132, 2.568477
-6.107864, 13.547449, -5.929639, 4.277903
-5.004366, 14.648036, -4.048618, 5.072817
-5.970246, 14.718135, -1.932012, 7.402504
-7.850151, 13.823262, -1.814545, 8.475780
-6.728701, 14.516356, 0.000000, 9.489322
-3.753275, 15.421255, -2.024309, 6.741417
-2.443146, 15.812370, 0.000000, 8.746048
-1.282860, 15.812833, -2.075711, 6.840227
1.282860, 15.812833, -2.075711, 7.773383
2.443146, 15.812370, 0.000000, 10.153567
3.753275, 15.421255, -2.024309, 9.255258
5.970246, 14.718135, -1.932012, 10.940277
6.728701, 14.516356, 0.000000, 12.852547
7.850151, 13.823262, -1.814545, 12.600731
5.004366, 14.648036, -4.048618, 8.881593
6.107864, 13.547449, -5.929639, 9.115902
3.848579, 14.227133, -6.227132, 6.840227
-1.317177, 14.607720, -6.393713, 2.568022
0.000000, 15.421779, -4.262475, 5.205361
1.317177, 14.607720, -6.393713, 4.497945
-1.121450, 9.664696, 12.701812, 23.426106
1.121450, 9.664696, 12.701812, 23.787421
0.000000, 11.028319, 11.592073, 21.865687
1.251092, 12.328384, 10.121544, 20.154333
3.664718, 12.037502, 9.882731, 20.684550
2.565719, 13.434280, 8.302842, 18.373491
-1.251092, 12.328384, 10.121544, 19.731000
-2.565719, 13.434280, 8.302842, 17.459072
-3.664718, 12.037502, 9.882731, 19.447413
3.848579, 14.227133, 6.227132, 16.642781
6.107864, 13.547449, 5.929639, 17.531499
5.004366, 14.648036, 4.048618, 15.090613
5.970246, 14.718135, 1.932012, 13.813990
7.850151, 13.823262, 1.814545, 15.077683
3.753275, 15.421255, 2.024309, 12.591386
1.282860, 15.812833, 2.075711, 11.572412
-1.282860, 15.812833, 2.075711, 10.936277
-3.753275, 15.421255, 2.024309, 10.786509
-5.970246, 14.718135, 1.932012, 11.082608
-7.850151, 13.823262, 1.814545, 11.678469
-5.004366, 14.648036, 4.048618, 13.003176
-6.107864, 13.547449, 5.929639, 15.236270
-3.848579, 14.227133, 6.227132, 15.169868
1.317177, 14.607720, 6.393713, 15.891222
0.000000, 15.421779, 4.262475, 13.362666
-1.317177, 14.607720, 6.393713, 15.381611
0.000000, 6.728701, 14.516356, 27.020352
-1.814545, 7.850151, 13.823262, 25.423734
-1.932012, 5.970246, 14.718135, 27.455857
-4.048618, 5.004366, 14.648036, 27.896633
-5.929639, 6.107864, 13.547449, 26.084164
-6.227131, 3.848579, 14.227131, 28.306365
-2.024309, 3.753275, 15.421253, 29.721898
-2.075711, 1.282860, 15.812833, 32.151400
0.000000, 2.443146, 15.812370, 31.449682
-8.302842, 2.565719, 13.434280, 28.646630
-9.882731, 3.664718, 12.037502, 26.720114
-10.121544, 1.251092, 12.328384, 28.891217
-11.592073, 0.000000, 11.028319, 29.035347
-12.701812, 1.121450, 9.664696, 27.175113
-12.701812, -1.121450, 9.664696, 29.093123
-10.121544, -1.251092, 12.328384, 31.094698
-9.882731, -3.664718, 12.037502, 33.210407
-8.302842, -2.565719, 13.434280, 33.273782
-6.227131, -3.848579, 14.227131, 35.448412
-5.929639, -6.107864, 13.547449, 37.549896
-4.048618, -5.004366, 14.648036, 37.474710
-1.932012, -5.970246, 14.718135, 39.226693
-1.814545, -7.850151, 13.823262, 41.151417
0.000000, -6.728701, 14.516356, 40.625304
-2.024309, -3.753275, 15.421253, 37.027950
0.000000, -2.443146, 15.812370, 36.266648
-2.075711, -1.282860, 15.812833, 34.630852
-6.393713, 1.317177, 14.607720, 30.693102
-6.393713, -1.317177, 14.607720, 33.121599
-4.262475, 0.000000, 15.421779, 32.734825
1.814545, 7.850151, 13.823262, 26.006103
1.932012, 5.970246, 14.718135, 28.084036
2.024309, 3.753275, 15.421253, 30.403261
2.075711, 1.282860, 15.812833, 32.895109
4.048618, 5.004366, 14.648036, 29.225859
6.227131, 3.848579, 14.227131, 30.376076
5.929639, 6.107864, 13.547449, 28.000659
2.075711, -1.282860, 15.812833, 35.448412
2.024309, -3.753275, 15.421253, 37.933948
1.932012, -5.970246, 14.718135, 40.239741
1.814545, -7.850151, 13.823262, 42.295252
4.048618, -5.004366, 14.648036, 39.403328
5.929639, -6.107864, 13.547449, 40.496866
6.227131, -3.848579, 14.227131, 38.127959
8.302842, -2.565719, 13.434280, 36.529421
9.882731, -3.664718, 12.037502, 37.135742
10.121544, -1.251092, 12.328384, 34.777366
11.592073, 0.000000, 11.028319, 33.031463
12.701812, -1.121450, 9.664696, 33.503077
12.701812, 1.121450, 9.664696, 31.402459
10.121544, 1.251092, 12.328384, 32.344612
9.882731, 3.664718, 12.037502, 29.959949
8.302842, 2.565719, 13.434280, 31.443668
4.262475, 0.000000, 15.421779, 34.314815
6.393713, -1.317177, 14.607720, 35.568704
6.393713, 1.317177, 14.607720, 32.938371
0.000000, 6.728701, -14.516356, 9.640179
1.814545, 7.850151, -13.823262, 9.114065
1.932012, 5.970246, -14.718135, 11.038789
4.048618, 5.004366, -14.648036, 12.790773
5.929639, 6.107864, -13.547449, 12.715586
6.227131, 3.848579, -14.227131, 14.817070
2.024309, 3.753275, -15.421253, 13.237533
2.075711, 1.282860, -15.812833, 15.634630
0.000000, 2.443146, -15.812370, 13.998834
8.302842, 2.565719, -13.434280, 16.991700
9.882731, 3.664718, -12.037502, 17.055075
10.121544, 1.251092, -12.328384, 19.170784
11.592073, 0.000000, -11.028319, 21.230135
12.701812, 1.121450, -9.664696, 21.172359
12.701812, -1.121450, -9.664696, 23.090369
10.121544, -1.251092, -12.328384, 21.374266
9.882731, -3.664718, -12.037502, 23.545369
8.302842, -2.565719, -13.434280, 21.618852
6.227131, -3.848579, -14.227131, 21.959118
5.929639, -6.107864, -13.547449, 24.181319
4.048618, -5.004366, -14.648036, 22.368850
1.932012, -5.970246, -14.718135, 22.809625
1.814545, -7.850151, -13.823262, 24.841749
0.000000, -6.728701, -14.516356, 23.245131
2.024309, -3.753275, -15.421253, 20.543584
0.000000, -2.443146, -15.812370, 18.815801
2.075711, -1.282860, -15.812833, 18.114082
6.393713, 1.317177, -14.607720, 17.143884
6.393713, -1.317177, -14.607720, 19.572380
4.262475, 0.000000, -15.421779, 17.530657
-1.814545, 7.850151, -13.823262, 7.970231
-1.932012, 5.970246, -14.718135, 10.025741
-2.024309, 3.753275, -15.421253, 12.331535
-2.075711, 1.282860, -15.812833, 14.817070
-4.048618, 5.004366, -14.648036, 10.862154
-6.227131, 3.848579, -14.227131, 12.137523
-5.929639, 6.107864, -13.547449, 9.768617
-2.075711, -1.282860, -15.812833, 17.370373
-2.024309, -3.753275, -15.421253, 19.862222
-1.932012, -5.970246, -14.718135, 22.181447
-1.814545, -7.850151, -13.823262, 24.259380
-4.048618, -5.004366, -14.648036, 21.039624
-5.929639, -6.107864, -13.547449, 22.264824
-6.227131, -3.848579, -14.227131, 19.889406
-8.302842, -2.565719, -13.434280, 18.821815
-9.882731, -3.664718, -12.037502, 20.305533
-10.121544, -1.251092, -12.328384, 17.920871
-11.592073, 0.000000, -11.028319, 17.234020
-12.701812, -1.121450, -9.664696, 18.863023
-12.701812, 1.121450, -9.664696, 16.762406
-10.121544, 1.251092, -12.328384, 15.488116
-9.882731, 3.664718, -12.037502, 13.129741
-8.302842, 2.565719, -13.434280, 13.736062
-4.262475, 0.000000, -15.421779, 15.950667
-6.393713, -1.317177, -14.607720, 17.327111
-6.393713, 1.317177, -14.607720, 14.696779
1.121450, -9.664696, 12.701812, 44.259810
-1.121450, -9.664696, 12.701812, 43.344637
0.000000, -11.028319, 11.592073, 45.431455
-1.251092, -12.328384, 10.121544, 45.881573
-3.664718, -12.037502, 9.882731, 43.640617
-2.565719, -13.434280, 8.302842, 45.111794
1.251092, -12.328384, 10.121544, 47.761142
2.565719, -13.434280, 8.302842, 50.265482
3.664718, -12.037502, 9.882731, 47.885298
-3.848579, -14.227133, 6.227132, 43.425255
-6.107864, -13.547449, 5.929639, 41.149581
-5.004366, -14.648036, 4.048618, 41.383890
-5.970246, -14.718135, 1.932012, 39.325205
-7.850151, -13.823262, 1.814545, 37.664751
-6.728701, -14.516356, 0.000000, 37.412936
-3.753275, -15.421255, 2.024309, 41.010225
-2.443146, -15.812370, 0.000000, 40.111915
-1.282860, -15.812833, 2.075711, 42.492100
1.282860, -15.812833, 2.075711, 43.425255
2.443146, -15.812370, 0.000000, 41.519435
3.753275, -15.421255, 2.024309, 43.524066
5.970246, -14.718135, 1.932012, 42.862979
6.728701, -14.516356, 0.000000, 40.776161
7.850151, -13.823262, 1.814545, 41.789702
5.004366, -14.648036, 4.048618, 45.192665
6.107864, -13.547449, 5.929639, 45.987580
3.848579, -14.227133, 6.227132, 47.697006
-1.317177, -14.607720, 6.393713, 45.767537
0.000000, -15.421779, 4.262475, 45.060121
1.317177, -14.607720, 6.393713, 47.697460
-1.121450, -9.664696, -12.701812, 26.478061
1.121450, -9.664696, -12.701812, 26.839377
0.000000, -11.028319, -11.592073, 28.399795
1.251092, -12.328384, -10.121544, 30.534482
3.664718, -12.037502, -9.882731, 30.818069
2.565719, -13.434280, -8.302842, 32.806411
-1.251092, -12.328384, -10.121544, 30.111149
-2.565719, -13.434280, -8.302842, 31.891992
-3.664718, -12.037502, -9.882731, 29.580932
3.848579, -14.227133, -6.227132, 35.095614
6.107864, -13.547449, -5.929639, 35.029212
5.004366, -14.648036, -4.048618, 37.262306
5.970246, -14.718135, -1.932012, 39.182874
7.850151, -13.823262, -1.814545, 38.587013
3.753275, -15.421255, -2.024309, 39.478973
1.282860, -15.812833, -2.075711, 39.329205
-1.282860, -15.812833, -2.075711, 38.693071
-3.753275, -15.421255, -2.024309, 37.674096
-5.970246, -14.718135, -1.932012, 36.451492
-7.850151, -13.823262, -1.814545, 35.187799
-5.004366, -14.648036, -4.048618, 35.174869
-6.107864, -13.547449, -5.929639, 32.733983
-3.848579, -14.227133, -6.227132, 33.622702
1.317177, -14.607720, -6.393713, 34.883871
0.000000, -15.421779, -4.262475, 36.902816
-1.317177, -14.607720, -6.393713, 34.374260
-9.664696, 12.701812, 1.121450, 12.108442
-9.664696, 12.701812, -1.121450, 10.301452
-11.028319, 11.592073, 0.000000, 12.298293
-12.328384, 10.121544, -1.251092, 12.831548
-12.037502, 9.882731, -3.664718, 11.365831
-13.434280, 8.302842, -2.565719, 13.736062
-12.328384, 10.121544, 1.251092, 14.552057
-13.434280, 8.302842, 2.565719, 16.991700
-12.037502, 9.882731, 3.664718, 16.375467
-14.227131, 6.227131, -3.848579, 14.952504
-13.547449, 5.929639, -6.107864, 13.915386
-14.648036, 4.048618, -5.004366, 16.353585
-14.718135, 1.932012, -5.970246, 17.798045
-13.823262, 1.814545, -7.850151, 16.969239
-14.516356, 0.000000, -6.728701, 19.176614
-15.421255, 2.024309, -3.753275, 18.852421
-15.812370, 0.000000, -2.443146, 21.292530
-15.812833, 2.075711, -1.282860, 20.106193
-15.812833, 2.075711, 1.282860, 21.488464
-15.812370, 0.000000, 2.443146, 23.863595
-15.421255, 2.024309, 3.753275, 22.900577
-14.718135, 1.932012, 5.970246, 24.248054
-14.516356, 0.000000, 6.728701, 26.297673
-13.823262, 1.814545, 7.850151, 25.466194
-14.648036, 4.048618, 5.004366, 21.960591
-13.547449, 5.929639, 6.107864, 21.108783
-14.227131, 6.227131, 3.848579, 19.504530
-14.607718, 6.393713, -1.317177, 16.295867
-15.421779, 4.262475, 0.000000, 18.926310
-14.607718, 6.393713, 1.317177, 17.857224
-9.664696, -12.701812, -1.121450, 34.133192
-9.664696, -12.701812, 1.121450, 35.550516
-11.028319, -11.592073, 0.000000, 33.469619
-12.328384, -10.121544, 1.251092, 32.568258
-12.037502, -9.882731, 3.664718, 33.823163
-13.434280, -8.302842, 2.565719, 31.443668
-12.328384, -10.121544, -1.251092, 31.145580
-13.434280, -8.302842, -2.565719, 28.646630
-12.037502, -9.882731, -3.664718, 29.658798
-14.227131, -6.227131, 3.848579, 30.159290
-13.547449, -5.929639, 6.107864, 31.257082
-14.648036, -4.048618, 5.004366, 28.812468
-14.718135, -1.932012, 5.970246, 27.501548
-13.823262, -1.814545, 7.850151, 28.538979
-15.421255, -2.024309, 3.753275, 26.308260
-15.812833, -2.075711, 1.282860, 25.005601
-15.812833, -2.075711, -1.282860, 23.672151
-15.421255, -2.024309, -3.753275, 22.398558
-14.718135, -1.932012, -5.970246, 21.258917
-13.823262, -1.814545, -7.850151, 20.292498
-14.648036, -4.048618, -5.004366, 23.583889
-13.547449, -5.929639, -6.107864, 24.769513
-14.227131, -6.227131, -3.848579, 26.083304
-14.607718, -6.393713, 1.317177, 28.876300
-15.421779, -4.262475, 0.000000, 26.239582
-14.607718, -6.393713, -1.317177, 27.483648
9.664696, 12.701812, -1.121450, 14.714966
9.664696, 12.701812, 1.121450, 16.132291
11.028319, 11.592073, 0.000000, 16.795863
12.328384, 10.121544, 1.251092, 19.119902
12.037502, 9.882731, 3.664718, 20.606685
13.434280, 8.302842, 2.565719, 21.618852
12.328384, 10.121544, -1.251092, 17.697224
13.434280, 8.302842, -2.565719, 18.821815
12.037502, 9.882731, -3.664718, 16.442320
14.227131, 6.227131, 3.848579, 24.182178
13.547449, 5.929639, 6.107864, 25.495969
14.648036, 4.048618, 5.004366, 26.681593
14.718135, 1.932012, 5.970246, 29.006566
13.823262, 1.814545, 7.850151, 29.972985
14.516356, 0.000000, 6.728701, 31.088869
15.421255, 2.024309, 3.753275, 27.866924
15.812370, 0.000000, 2.443146, 28.972952
15.812833, 2.075711, 1.282860, 26.593331
15.812833, 2.075711, -1.282860, 25.259882
15.812370, 0.000000, -2.443146, 26.401887
15.421255, 2.024309, -3.753275, 23.957223
14.718135, 1.932012, -5.970246, 22.763934
14.516356, 0.000000, -6.728701, 23.967809
13.823262, 1.814545, -7.850151, 21.726504
14.648036, 4.048618, -5.004366, 21.453014
13.547449, 5.929639, -6.107864, 19.008401
14.227131, 6.227131, -3.848579, 20.106193
14.607718, 6.393713, 1.317177, 22.781834
15.421779, 4.262475, 0.000000, 24.025900
14.607718, 6.393713, -1.317177, 21.389182
9.664696, -12.701812, 1.121450, 39.964030
9.664696, -12.701812, -1.121450, 38.157041
11.028319, -11.592073, 0.000000, 37.967190
12.328384, -10.121544, -1.251092, 35.713426
12.037502, -9.882731, -3.664718, 33.890016
13.434280, -8.302842, -2.565719, 33.273782
12.328384, -10.121544, 1.251092, 37.433934
13.434280, -8.302842, 2.565719, 36.529421
12.037502, -9.882731, 3.664718, 38.899651
14.227131, -6.227131, -3.848579, 30.760952
13.547449, -5.929639, -6.107864, 29.156699
14.648036, -4.048618, -5.004366, 28.304891
14.718135, -1.932012, -5.970246, 26.017429
13.823262, -1.814545, -7.850151, 24.799289
15.421255, -2.024309, -3.753275, 27.364906
15.812833, -2.075711, -1.282860, 28.777018
15.812833, -2.075711, 1.282860, 30.159289
15.421255, -2.024309, 3.753275, 31.413061
14.718135, -1.932012, 5.970246, 32.467438
13.823262, -1.814545, 7.850151, 33.296243
14.648036, -4.048618, 5.004366, 33.911897
13.547449, -5.929639, 6.107864, 36.350096
14.227131, -6.227131, 3.848579, 35.312979
14.607718, -6.393713, -1.317177, 32.408259
15.421779, -4.262475, 0.000000, 31.339172
14.607718, -6.393713, 1.317177, 33.969616
-3.126061, 9.096308, 12.786122, 23.626656
-4.526492, 10.304076, 11.372636, 21.628777
-5.924289, 11.358570, 9.585701, 19.504530
-5.299709, 8.279767, 12.623728, 23.880372
-7.509991, 7.207149, 12.151421, 24.182178
-7.207149, 12.151421, 7.509991, 17.370374
-8.279768, 12.623729, 5.299710, 15.359199
-9.096308, 12.786122, 3.126061, 13.583350
-10.304076, 11.372636, 4.526492, 15.752134
-11.358570, 9.585701, 5.924289, 18.114083
-12.151421, 7.509991, 7.207149, 20.556305
-12.623729, 5.299710, 8.279768, 22.948392
-12.786122, 3.126061, 9.096308, 25.177943
-11.372636, 4.526492, 10.304076, 24.855475
-9.585701, 5.924289, 11.358570, 24.515440
-8.214007, 10.345244, 9.028068, 19.711006
-10.345244, 9.028068, 8.214007, 20.071967
-9.028068, 8.214007, 10.345244, 22.139192
3.126061, 9.096308, 12.786122, 24.631372
5.299709, 8.279767, 12.623728, 25.581405
7.509991, 7.207149, 12.151421, 26.593331
4.526492, 10.304076, 11.372636, 23.102992
5.924289, 11.358570, 9.585701, 21.488464
9.585701, 5.924289, 11.358570, 27.599633
11.372636, 4.526492, 10.304076, 28.528294
12.786122, 3.126061, 9.096308, 29.326497
12.623729, 5.299710, 8.279768, 27.008080
12.151421, 7.509991, 7.207149, 24.515440
11.358570, 9.585701, 5.924289, 21.959118
10.304076, 11.372636, 4.526492, 19.467407
9.096308, 12.786122, 3.126061, 17.150850
8.279768, 12.623729, 5.299710, 18.415628
7.207149, 12.151421, 7.509991, 19.889407
9.028068, 8.214007, 10.345244, 25.052062
10.345244, 9.028068, 8.214007, 23.470817
8.214007, 10.345244, 9.028068, 22.435772
-3.126061, 9.096308, -12.786122, 6.304229
-5.299709, 8.279767, -12.623728, 7.324206
-7.509991, 7.207149, -12.151421, 8.949945
-4.526492, 10.304076, -11.372636, 4.820970
-5.924289, 11.358570, -9.585701, 4.163155
-9.585701, 5.924289, -11.358570, 10.936277
-11.372636, 4.526492, -10.304076, 13.043437
-12.786122, 3.126061, -9.096308, 15.090908
-12.623729, 5.299710, -8.279768, 13.316877
-12.151421, 7.509991, -7.207149, 11.572411
-11.358570, 9.585701, -5.924289, 10.053097
-10.304076, 11.372636, -4.526492, 8.971054
-9.096308, 12.786122, -3.126061, 8.456789
-8.279768, 12.623729, -5.299710, 6.551529
-7.207149, 12.151421, -7.509991, 4.899408
-9.028068, 8.214007, -10.345244, 8.660125
-10.345244, 9.028068, -8.214007, 9.061746
-8.214007, 10.345244, -9.028068, 6.523616
3.126061, 9.096308, -12.786122, 8.545997
4.526492, 10.304076, -11.372636, 8.435293
5.924289, 11.358570, -9.585701, 8.949945
5.299709, 8.279767, -12.623728, 10.538577
7.509991, 7.207149, -12.151421, 12.792266
7.207149, 12.151421, -7.509991, 10.053096
8.279768, 12.623729, -5.299710, 11.530656
9.096308, 12.786122, -3.126061, 13.142181
10.304076, 11.372636, -4.526492, 14.013563
11.358570, 9.585701, -5.924289, 15.206786
12.151421, 7.509991, -7.207149, 16.642780
12.623729, 5.299710, -8.279768, 18.195243
12.786122, 3.126061, -9.096308, 19.736256
11.372636, 4.526492, -10.304076, 17.525314
9.585701, 5.924289, -11.358570, 15.169868
8.214007, 10.345244, -9.028068, 11.481803
10.345244, 9.028068, -8.214007, 14.093658
9.028068, 8.214007, -10.345244, 13.253510
-3.126061, -9.096308, -12.786122, 25.634111
-4.526492, -10.304076, -11.372636, 27.162490
-5.924289, -11.358570, -9.585701, 28.777019
-5.299709, -8.279767, -12.623728, 24.684078
-7.509991, -7.207149, -12.151421, 23.672151
-7.207149, -12.151421, -7.509991, 30.376076
-8.279768, -12.623729, -5.299710, 31.849854
-9.096308, -12.786122, -3.126061, 33.114633
-10.304076, -11.372636, -4.526492, 30.798075
-11.358570, -9.585701, -5.924289, 28.306364
-12.151421, -7.509991, -7.207149, 25.750043
-12.623729, -5.299710, -8.279768, 23.257403
-12.786122, -3.126061, -9.096308, 20.938985
-11.372636, -4.526492, -10.304076, 21.737189
-9.585701, -5.924289, -11.358570, 22.665850
-8.214007, -10.345244, -9.028068, 27.829711
-10.345244, -9.028068, -8.214007, 26.794665
-9.028068, -8.214007, -10.345244, 25.213420
3.126061, -9.096308, -12.786122, 26.638826
5.299709, -8.279767, -12.623728, 26.385111
7.509991, -7.207149, -12.151421, 26.083304
4.526492, -10.304076, -11.372636, 28.636705
5.924289, -11.358570, -9.585701, 30.760953
9.585701, -5.924289, -11.358570, 25.750042
11.372636, -4.526492, -10.304076, 25.410007
12.786122, -3.126061, -9.096308, 25.087540
12.623729, -5.299710, -8.279768, 27.317090
12.151421, -7.509991, -7.207149, 29.709178
11.358570, -9.585701, -5.924289, 32.151400
10.304076, -11.372636, -4.526492, 34.513348
9.096308, -12.786122, -3.126061, 36.682132
8.279768, -12.623729, -5.299710, 34.906284
7.207149, -12.151421, -7.509991, 32.895108
9.028068, -8.214007, -10.345244, 28.126290
10.345244, -9.028068, -8.214007, 30.193515
8.214007, -10.345244, -9.028068, 30.554476
-3.126061, -9.096308, 12.786122, 41.719485
-5.299709, -8.279767, 12.623728, 39.726905
-7.509991, -7.207149, 12.151421, 37.473217
-4.526492, -10.304076, 11.372636, 41.830189
-5.924289, -11.358570, 9.585701, 41.315538
-9.585701, -5.924289, 11.358570, 35.095615
-11.372636, -4.526492, 10.304076, 32.740168
-12.786122, -3.126061, 9.096308, 30.529226
-12.623729, -5.299710, 8.279768, 32.070239
-12.151421, -7.509991, 7.207149, 33.622702
-11.358570, -9.585701, 5.924289, 35.058696
-10.304076, -11.372636, 4.526492, 36.251920
-9.096308, -12.786122, 3.126061, 37.123301
-8.279768, -12.623729, 5.299710, 38.734827
-7.207149, -12.151421, 7.509991, 40.212386
-9.028068, -8.214007, 10.345244, 37.011973
-10.345244, -9.028068, 8.214007, 36.171825
-8.214007, -10.345244, 9.028068, 38.783679
3.126061, -9.096308, 12.786122, 43.961253
4.526492, -10.304076, 11.372636, 45.444512
5.924289, -11.358570, 9.585701, 46.102328
5.299709, -8.279767, 12.623728, 42.941276
7.509991, -7.207149, 12.151421, 41.315538
7.207149, -12.151421, 7.509991, 45.366075
8.279768, -12.623729, 5.299710, 43.713954
9.096308, -12.786122, 3.126061, 41.808694
10.304076, -11.372636, 4.526492, 41.294429
11.358570, -9.585701, 5.924289, 40.212385
12.151421, -7.509991, 7.207149, 38.693071
12.623729, -5.299710, 8.279768, 36.948606
12.786122, -3.126061, 9.096308, 35.174575
11.372636, -4.526492, 10.304076, 37.222046
9.585701, -5.924289, 11.358570, 39.329206
8.214007, -10.345244, 9.028068, 43.741867
10.345244, -9.028068, 8.214007, 41.203736
9.028068, -8.214007, 10.345244, 41.605357

graph:
0, 162, 1.911338
0, 163, 1.911338
0, 274, 1.911337
0, 275, 1.911338
0, 304, 1.911338
1, 192, 1.911338
1, 193, 1.911338
1, 218, 1.911337
1, 219, 1.911338
1, 248, 1.911338
2, 240, 1.911338
2, 241, 1.911337
2, 258, 1.911338
2, 330, 1.911338
2, 331, 1.911338
3, 175, 1.911338
3, 176, 1.911337
3, 211, 1.911338
3, 386, 1.911338
3, 387, 1.911338
4, 343, 1.911338
4, 344, 1.911337
4, 379, 1.911338
4, 416, 1.911338
4, 417, 1.911338
5, 184, 1.911337
5, 185, 1.911338
5, 205, 1.911338
5, 442, 1.911338
5, 443, 1.911338
6, 352, 1.911337
6, 353, 1.911338
6, 373, 1.911338
6, 472, 1.911338
6, 473, 1.911338
7, 296, 1.911338
7, 297, 1.911337
7, 314, 1.911338
7, 360, 1.911338
7, 361, 1.911338
8, 266, 1.911338
8, 267, 1.911338
8, 455, 1.911338
8, 456, 1.911337
8, 491, 1.911338
9, 231, 1.911338
9, 232, 1.911338
9, 408, 1.911337
9, 409, 1.911338
9, 429, 1.911338
10, 322, 1.911338
10, 323, 1.911338
10, 399, 1.911338
10, 400, 1.911337
10, 435, 1.911338
11, 287, 1.911338
11, 288, 1.911338
11, 464, 1.911337
11, 465, 1.911338
11, 485, 1.911338
12, 169, 2.447312
12, 170, 2.450340
12, 187, 2.450340
12, 188, 2.447312
12, 554, 2.447311
12, 557, 2.447312
13, 166, 2.450340
13, 167, 2.447312
13, 171, 2.447312
13, 172, 2.450340
13, 538, 2.447311
13, 548, 2.447312
14, 178, 2.450340
14, 179, 2.447312
14, 180, 2.447312
14, 181, 2.450340
14, 207, 2.447312
14, 208, 2.447312
15, 199, 2.447312
15, 200, 2.450340
15, 213, 2.450340
15, 214, 2.447312
15, 500, 2.447311
15, 503, 2.447312
16, 196, 2.450340
16, 197, 2.447312
16, 201, 2.447312
16, 202, 2.450340
16, 520, 2.447311
16, 530, 2.447312
17, 225, 2.447312
17, 226, 2.450340
17, 243, 2.450340
17, 244, 2.447312
17, 251, 2.447312
17, 255, 2.447312
18, 222, 2.450340
18, 223, 2.447311
18, 227, 2.447312
18, 228, 2.450340
18, 502, 2.447312
18, 512, 2.447311
19, 234, 2.450340
19, 235, 2.447312
19, 236, 2.447311
19, 237, 2.450340
19, 608, 2.447312
19, 611, 2.447311
20, 253, 2.447311
20, 254, 2.450340
20, 269, 2.450340
20, 270, 2.447312
20, 518, 2.447312
20, 521, 2.447311
21, 260, 2.450340
21, 261, 2.447311
21, 262, 2.447312
21, 263, 2.450340
21, 628, 2.447312
21, 638, 2.447311
22, 281, 2.447312
22, 282, 2.450340
22, 299, 2.450340
22, 300, 2.447312
22, 307, 2.447312
22, 311, 2.447312
23, 278, 2.450340
23, 279, 2.447311
23, 283, 2.447312
23, 284, 2.450340
23, 556, 2.447312
23, 566, 2.447311
24, 290, 2.450340
24, 291, 2.447312
24, 292, 2.447311
24, 293, 2.450340
24, 590, 2.447312
24, 593, 2.447311
25, 309, 2.447311
25, 310, 2.450340
25, 325, 2.450340
25, 326, 2.447312
25, 536, 2.447312
25, 539, 2.447311
26, 316, 2.450340
26, 317, 2.447311
26, 318, 2.447312
26, 319, 2.450340
26, 574, 2.447312
26, 584, 2.447311
27, 337, 2.447312
27, 338, 2.450340
27, 355, 2.450340
27, 356, 2.447312
27, 626, 2.447311
27, 629, 2.447312
28, 334, 2.450340
28, 335, 2.447312
28, 339, 2.447312
28, 340, 2.450340
28, 610, 2.447311
28, 620, 2.447312
29, 346, 2.450340
29, 347, 2.447312
29, 348, 2.447312
29, 349, 2.450340
29, 375, 2.447312
29, 376, 2.447312
30, 367, 2.447312
30, 368, 2.450340
30, 381, 2.450340
30, 382, 2.447312
30, 572, 2.447311
30, 575, 2.447312
31, 364, 2.450340
31, 365, 2.447312
31, 369, 2.447312
31, 370, 2.450340
31, 592, 2.447311
31, 602, 2.447312
32, 393, 2.447312
32, 394, 2.450340
32, 411, 2.450340
32, 412, 2.447311
32, 507, 2.447311
32, 508, 2.447312
33, 390, 2.450340
33, 391, 2.447312
33, 395, 2.447311
33, 396, 2.450340
33, 543, 2.447312
33, 544, 2.447311
34, 402, 2.450340
34, 403, 2.447312
34, 404, 2.447312
34, 405, 2.450340
34, 431, 2.447312
34, 432, 2.447312
35, 423, 2.447312
35, 424, 2.450340
35, 437, 2.450340
35, 438, 2.447311
35, 579, 2.447311
35, 580, 2.447312
36, 420, 2.450340
36, 421, 2.447312
36, 425, 2.447311
36, 426, 2.450340
36, 615, 2.447312
36, 616, 2.447311
37, 449, 2.447312
37, 450, 2.450340
37, 467, 2.450340
37, 468, 2.447311
37, 561, 2.447311
37, 562, 2.447312
38, 446, 2.450340
38, 447, 2.447312
38, 451, 2.447311
38, 452, 2.450340
38, 525, 2.447312
38, 526, 2.447311
39, 458, 2.450340
39, 459, 2.447312
39, 460, 2.447312
39, 461, 2.450340
39, 487, 2.447312
39, 488, 2.447312
40, 479, 2.447312
40, 480, 2.450340
40, 493, 2.450340
40, 494, 2.447311
40, 633, 2.447311
40, 634, 2.447312
41, 476, 2.450340
41, 477, 2.447312
41, 481, 2.447311
41, 482, 2.450340
41, 597, 2.447312
41, 598, 2.447311
42, 162, 2.147761
42, 164, 2.368431
42, 168, 2.248992
42, 170, 2.340505
42, 552, 2.368430
42, 553, 2.248992
43, 163, 2.147761
43, 164, 2.368431
43, 165, 2.248992
43, 166, 2.340505
43, 534, 2.368430
43, 537, 2.248992
44, 165, 2.476369
44, 167, 2.574060
44, 168, 2.476369
44, 169, 2.574060
44, 189, 2.608034
44, 191, 2.608034
45, 171, 2.574061
45, 173, 2.476368
45, 177, 2.476368
45, 179, 2.574060
45, 189, 2.608034
45, 190, 2.608034
46, 172, 2.340505
46, 173, 2.248992
46, 174, 2.368431
46, 175, 2.147760
46, 546, 2.368431
46, 547, 2.248992
47, 174, 2.368430
47, 176, 2.147760
47, 177, 2.248993
47, 178, 2.340505
47, 209, 2.248993
47, 210, 2.368430
48, 180, 2.574060
48, 182, 2.476368
48, 186, 2.476368
48, 188, 2.574061
48, 190, 2.608034
48, 191, 2.608034
49, 181, 2.340505
49, 182, 2.248993
49, 183, 2.368430
49, 184, 2.147760
49, 204, 2.368430
49, 206, 2.248993
50, 183, 2.368431
50, 185, 2.147760
50, 186, 2.248992
50, 187, 2.340505
50, 558, 2.248992
50, 559, 2.368431
51, 192, 2.147761
51, 194, 2.368431
51, 198, 2.248992
51, 200, 2.340505
51, 498, 2.368430
51, 499, 2.248992
52, 193, 2.147761
52, 194, 2.368431
52, 195, 2.248992
52, 196, 2.340505
52, 516, 2.368430
52, 519, 2.248992
53, 195, 2.476369
53, 197, 2.574060
53, 198, 2.476369
53, 199, 2.574060
53, 215, 2.608034
53, 217, 2.608034
54, 201, 2.574061
54, 203, 2.476368
54, 206, 2.476368
54, 207, 2.574060
54, 215, 2.608034
54, 216, 2.608034
55, 202, 2.340505
55, 203, 2.248992
55, 204, 2.368431
55, 205, 2.147760
55, 528, 2.368431
55, 529, 2.248992
56, 208, 2.574060
56, 209, 2.476368
56, 212, 2.476368
56, 214, 2.574061
56, 216, 2.608034
56, 217, 2.608034
57, 210, 2.368431
57, 211, 2.147760
57, 212, 2.248992
57, 213, 2.340505
57, 504, 2.248992
57, 505, 2.368431
58, 218, 2.147760
58, 220, 2.368430
58, 224, 2.248992
58, 226, 2.340505
58, 249, 2.368430
58, 250, 2.248992
59, 219, 2.147760
59, 220, 2.368431
59, 221, 2.248992
59, 222, 2.340505
59, 498, 2.368431
59, 501, 2.248992
60, 221, 2.476368
60, 223, 2.574061
60, 224, 2.476368
60, 225, 2.574060
60, 245, 2.608034
60, 247, 2.608034
61, 227, 2.574060
61, 229, 2.476368
61, 233, 2.476368
61, 235, 2.574060
61, 245, 2.608034
61, 246, 2.608034
62, 228, 2.340505
62, 229, 2.248992
62, 230, 2.368431
62, 231, 2.147761
62, 510, 2.368430
62, 511, 2.248992
63, 230, 2.368431
63, 232, 2.147761
63, 233, 2.248992
63, 234, 2.340505
63, 612, 2.248992
63, 613, 2.368430
64, 236, 2.574061
64, 238, 2.476368
64, 242, 2.476368
64, 244, 2.574060
64, 246, 2.608034
64, 247, 2.608034
65, 237, 2.340505
65, 238, 2.248992
65, 239, 2.368431
65, 240, 2.147760
65, 606, 2.368431
65, 607, 2.248992
66, 239, 2.368430
66, 241, 2.147760
66, 242, 2.248992
66, 243, 2.340505
66, 256, 2.248992
66, 257, 2.368430
67, 248, 2.147760
67, 249, 2.368431
67, 252, 2.248992
67, 254, 2.340505
67, 516, 2.368431
67, 517, 2.248992
68, 250, 2.476368
68, 251, 2.574060
68, 252, 2.476368
68, 253, 2.574061
68, 271, 2.608034
68, 273, 2.608034
69, 255, 2.574060
69, 256, 2.476368
69, 259, 2.476368
69, 261, 2.574061
69, 271, 2.608034
69, 272, 2.608034
70, 257, 2.368431
70, 258, 2.147760
70, 259, 2.248992
70, 260, 2.340505
70, 624, 2.368431
70, 627, 2.248992
71, 262, 2.574060
71, 264, 2.476368
71, 268, 2.476368
71, 270, 2.574060
71, 272, 2.608034
71, 273, 2.608034
72, 263, 2.340505
72, 264, 2.248992
72, 265, 2.368431
72, 266, 2.147761
72, 636, 2.368430
72, 637, 2.248992
73, 265, 2.368431
73, 267, 2.147761
73, 268, 2.248992
73, 269, 2.340505
73, 522, 2.248992
73, 523, 2.368430
74, 274, 2.147760
74, 276, 2.368430
74, 280, 2.248992
74, 282, 2.340505
74, 305, 2.368430
74, 306, 2.248992
75, 275, 2.147760
75, 276, 2.368431
75, 277, 2.248992
75, 278, 2.340505
75, 552, 2.368431
75, 555, 2.248992
76, 277, 2.476368
76, 279, 2.574061
76, 280, 2.476368
76, 281, 2.574060
76, 301, 2.608034
76, 303, 2.608034
77, 283, 2.574060
77, 285, 2.476368
77, 289, 2.476368
77, 291, 2.574060
77, 301, 2.608034
77, 302, 2.608034
78, 284, 2.340505
78, 285, 2.248992
78, 286, 2.368431
78, 287, 2.147761
78, 564, 2.368430
78, 565, 2.248992
79, 286, 2.368431
79, 288, 2.147761
79, 289, 2.248992
79, 290, 2.340505
79, 594, 2.248992
79, 595, 2.368430
80, 292, 2.574061
80, 294, 2.476368
80, 298, 2.476368
80, 300, 2.574060
80, 302, 2.608034
80, 303, 2.608034
81, 293, 2.340505
81, 294, 2.248992
81, 295, 2.368431
81, 296, 2.147760
81, 588, 2.368431
81, 589, 2.248992
82, 295, 2.368430
82, 297, 2.147760
82, 298, 2.248992
82, 299, 2.340505
82, 312, 2.248992
82, 313, 2.368430
83, 304, 2.147760
83, 305, 2.368431
83, 308, 2.248992
83, 310, 2.340505
83, 534, 2.368431
83, 535, 2.248992
84, 306, 2.476368
84, 307, 2.574060
84, 308, 2.476368
84, 309, 2.574061
84, 327, 2.608034
84, 329, 2.608034
85, 311, 2.574060
85, 312, 2.476368
85, 315, 2.476368
85, 317, 2.574061
85, 327, 2.608034
85, 328, 2.608034
86, 313, 2.368431
86, 314, 2.147760
86, 315, 2.248992
86, 316, 2.340505
86, 570, 2.368431
86, 573, 2.248992
87, 318, 2.574060
87, 320, 2.476368
87, 324, 2.476368
87, 326, 2.574060
87, 328, 2.608034
87, 329, 2.608034
88, 319, 2.340505
88, 320, 2.248992
88, 321, 2.368431
88, 322, 2.147761
88, 582, 2.368430
88, 583, 2.248992
89, 321, 2.368431
89, 323, 2.147761
89, 324, 2.248992
89, 325, 2.340505
89, 540, 2.248992
89, 541, 2.368430
90, 330, 2.147761
90, 332, 2.368431
90, 336, 2.248992
90, 338, 2.340505
90, 624, 2.368430
90, 625, 2.248992
91, 331, 2.147761
91, 332, 2.368431
91, 333, 2.248992
91, 334, 2.340505
91, 606, 2.368430
91, 609, 2.248992
92, 333, 2.476369
92, 335, 2.574060
92, 336, 2.476369
92, 337, 2.574060
92, 357, 2.608034
92, 359, 2.608034
93, 339, 2.574061
93, 341, 2.476368
93, 345, 2.476368
93, 347, 2.574060
93, 357, 2.608034
93, 358, 2.608034
94, 340, 2.340505
94, 341, 2.248992
94, 342, 2.368431
94, 343, 2.147760
94, 618, 2.368431
94, 619, 2.248992
95, 342, 2.368430
95, 344, 2.147760
95, 345, 2.248993
95, 346, 2.340505
95, 377, 2.248993
95, 378, 2.368430
96, 348, 2.574060
96, 350, 2.476368
96, 354, 2.476368
96, 356, 2.574061
96, 358, 2.608034
96, 359, 2.608034
97, 349, 2.340505
97, 350, 2.248993
97, 351, 2.368430
97, 352, 2.147760
97, 372, 2.368430
97, 374, 2.248993
98, 351, 2.368431
98, 353, 2.147760
98, 354, 2.248992
98, 355, 2.340505
98, 630, 2.248992
98, 631, 2.368431
99, 360, 2.147761
99, 362, 2.368431
99, 366, 2.248992
99, 368, 2.340505
99, 570, 2.368430
99, 571, 2.248992
100, 361, 2.147761
100, 362, 2.368431
100, 363, 2.248992
100, 364, 2.340505
100, 588, 2.368430
100, 591, 2.248992
101, 363, 2.476369
101, 365, 2.574060
101, 366, 2.476369
101, 367, 2.574060
101, 383, 2.608034
101, 385, 2.608034
102, 369, 2.574061
102, 371, 2.476368
102, 374, 2.476368
102, 375, 2.574060
102, 383, 2.608034
102, 384, 2.608034
103, 370, 2.340505
103, 371, 2.248992
103, 372, 2.368431
103, 373, 2.147760
103, 600, 2.368431
103, 601, 2.248992
104, 376, 2.574060
104, 377, 2.476368
104, 380, 2.476368
104, 382, 2.574061
104, 384, 2.608034
104, 385, 2.608034
105, 378, 2.368431
105, 379, 2.147760
105, 380, 2.248992
105, 381, 2.340505
105, 576, 2.248992
105, 577, 2.368431
106, 386, 2.147761
106, 388, 2.368431
106, 392, 2.248992
106, 394, 2.340505
106, 505, 2.368430
106, 506, 2.248992
107, 387, 2.147761
107, 388, 2.368431
107, 389, 2.248992
107, 390, 2.340505
107, 545, 2.248992
107, 546, 2.368430
108, 389, 2.476369
108, 391, 2.574060
108, 392, 2.476369
108, 393, 2.574060
108, 413, 2.608033
108, 415, 2.608033
109, 395, 2.574061
109, 397, 2.476368
109, 401, 2.476368
109, 403, 2.574060
109, 413, 2.608034
109, 414, 2.608034
110, 396, 2.340505
110, 397, 2.248992
110, 398, 2.368431
110, 399, 2.147760
110, 541, 2.368431
110, 542, 2.248992
111, 398, 2.368430
111, 400, 2.147760
111, 401, 2.248993
111, 402, 2.340505
111, 433, 2.248993
111, 434, 2.368430
112, 404, 2.574060
112, 406, 2.476368
112, 410, 2.476368
112, 412, 2.574061
112, 414, 2.608034
112, 415, 2.608034
113, 405, 2.340505
113, 406, 2.248993
113, 407, 2.368430
113, 408, 2.147760
113, 428, 2.368430
113, 430, 2.248993
114, 407, 2.368431
114, 409, 2.147760
114, 410, 2.248992
114, 411, 2.340505
114, 509, 2.248992
114, 510, 2.368431
115, 416, 2.147761
115, 418, 2.368431
115, 422, 2.248992
115, 424, 2.340505
115, 577, 2.368430
115, 578, 2.248992
116, 417, 2.147761
116, 418, 2.368431
116, 419, 2.248992
116, 420, 2.340505
116, 617, 2.248992
116, 618, 2.368430
117, 419, 2.476369
117, 421, 2.574060
117, 422, 2.476369
117, 423, 2.574060
117, 439, 2.608033
117, 441, 2.608033
118, 425, 2.574061
118, 427, 2.476368
118, 430, 2.476368
118, 431, 2.574060
118, 439, 2.608034
118, 440, 2.608034
119, 426, 2.340505
119, 427, 2.248992
119, 428, 2.368431
119, 429, 2.147760
119, 613, 2.368431
119, 614, 2.248992
120, 432, 2.574060
120, 433, 2.476368
120, 436, 2.476368
120, 438, 2.574061
120, 440, 2.608034
120, 441, 2.608034
121, 434, 2.368431
121, 435, 2.147760
121, 436, 2.248992
121, 437, 2.340505
121, 581, 2.248992
121, 582, 2.368431
122, 442, 2.147761
122, 444, 2.368431
122, 448, 2.248992
122, 450, 2.340505
122, 559, 2.368430
122, 560, 2.248992
123, 443, 2.147761
123, 444, 2.368431
123, 445, 2.248992
123, 446, 2.340505
123, 527, 2.248992
123, 528, 2.368430
124, 445, 2.476369
124, 447, 2.574060
124, 448, 2.476369
124, 449, 2.574060
124, 469, 2.608033
124, 471, 2.608033
125, 451, 2.574061
125, 453, 2.476368
125, 457, 2.476368
125, 459, 2.574060
125, 469, 2.608034
125, 470, 2.608034
126, 452, 2.340505
126, 453, 2.248992
126, 454, 2.368431
126, 455, 2.147760
126, 523, 2.368431
126, 524, 2.248992
127, 454, 2.368430
127, 456, 2.147760
127, 457, 2.248993
127, 458, 2.340505
127, 489, 2.248993
127, 490, 2.368430
128, 460, 2.574060
128, 462, 2.476368
128, 466, 2.476368
128, 468, 2.574061
128, 470, 2.608034
128, 471, 2.608034
129, 461, 2.340505
129, 462, 2.248993
129, 463, 2.368430
129, 464, 2.147760
129, 484, 2.368430
129, 486, 2.248993
130, 463, 2.368431
130, 465, 2.147760
130, 466, 2.248992
130, 467, 2.340505
130, 563, 2.248992
130, 564, 2.368431
131, 472, 2.147761
131, 474, 2.368431
131, 478, 2.248992
131, 480, 2.340505
131, 631, 2.368430
131, 632, 2.248992
132, 473, 2.147761
132, 474, 2.368431
132, 475, 2.248992
132, 476, 2.340505
132, 599, 2.248992
132, 600, 2.368430
133, 475, 2.476369
133, 477, 2.574060
133, 478, 2.476369
133, 479, 2.574060
133, 495, 2.608033
133, 497, 2.608033
134, 481, 2.574061
134, 483, 2.476368
134, 486, 2.476368
134, 487, 2.574060
134, 495, 2.608034
134, 496, 2.608034
135, 482, 2.340505
135, 483, 2.248992
135, 484, 2.368431
135, 485, 2.147760
135, 595, 2.368431
135, 596, 2.248992
136, 488, 2.574060
136, 489, 2.476368
136, 492, 2.476368
136, 494, 2.574061
136, 496, 2.608034
136, 497, 2.608034
137, 490, 2.368431
137, 491, 2.147760
137, 492, 2.248992
137, 493, 2.340505
137, 635, 2.248992
137, 636, 2.368431
138, 499, 2.476369
138, 500, 2.574061
138, 501, 2.476369
138, 502, 2.574060
138, 513, 2.608034
138, 515, 2.608034
139, 503, 2.574060
139, 504, 2.476369
139, 506, 2.476369
139, 507, 2.574061
139, 513, 2.608034
139, 514, 2.608033
140, 508, 2.574060
140, 509, 2.476369
140, 511, 2.476369
140, 512, 2.574061
140, 514, 2.608034
140, 515, 2.608034
141, 517, 2.476369
141, 518, 2.574060
141, 519, 2.476369
141, 520, 2.574061
141, 531, 2.608034
141, 533, 2.608034
142, 521, 2.574061
142, 522, 2.476369
142, 524, 2.476369
142, 525, 2.574060
142, 531, 2.608034
142, 532, 2.608034
143, 526, 2.574061
143, 527, 2.476369
143, 529, 2.476369
143, 530, 2.574060
143, 532, 2.608033
143, 533, 2.608034
144, 535, 2.476369
144, 536, 2.574060
144, 537, 2.476369
144, 538, 2.574061
144, 549, 2.608034
144, 551, 2.608034
145, 539, 2.574061
145, 540, 2.476369
145, 542, 2.476369
145, 543, 2.574060
145, 549, 2.608034
145, 550, 2.608034
146, 544, 2.574061
146, 545, 2.476369
146, 547, 2.476369
146, 548, 2.574060
146, 550, 2.608033
146, 551, 2.608034
147, 553, 2.476369
147, 554, 2.574061
147, 555, 2.476369
147, 556, 2.574060
147, 567, 2.608034
147, 569, 2.608034
148, 557, 2.574060
148, 558, 2.476369
148, 560, 2.476369
148, 561, 2.574061
148, 567, 2.608034
148, 568, 2.608033
149, 562, 2.574060
149, 563, 2.476369
149, 565, 2.476369
149, 566, 2.574061
149, 568, 2.608034
149, 569, 2.608034
150, 571, 2.476369
150, 572, 2.574061
150, 573, 2.476369
150, 574, 2.574060
150, 585, 2.608034
150, 587, 2.608034
151, 575, 2.574060
151, 576, 2.476369
151, 578, 2.476369
151, 579, 2.574061
151, 585, 2.608034
151, 586, 2.608033
152, 580, 2.574060
152, 581, 2.476369
152, 583, 2.476369
152, 584, 2.574061
152, 586, 2.608034
152, 587, 2.608034
153, 589, 2.476369
153, 590, 2.574060
153, 591, 2.476369
153, 592, 2.574061
153, 603, 2.608034
153, 605, 2.608034
154, 593, 2.574061
154, 594, 2.476369
154, 596, 2.476369
154, 597, 2.574060
154, 603, 2.608034
154, 604, 2.608034
155, 598, 2.574061
155, 599, 2.476369
155, 601, 2.476369
155, 602, 2.574060
155, 604, 2.608033
155, 605, 2.608034
156, 607, 2.476369
156, 608, 2.574060
156, 609, 2.476369
156, 610, 2.574061
156, 621, 2.608034
156, 623, 2.608034
157, 611, 2.574061
157, 612, 2.476369
157, 614, 2.476369
157, 615, 2.574060
157, 621, 2.608034
157, 622, 2.608034
158, 616, 2.574061
158, 617, 2.476369
158, 619, 2.476369
158, 620, 2.574060
158, 622, 2.608033
158, 623, 2.608034
159, 625, 2.476369
159, 626, 2.574061
159, 627, 2.476369
159, 628, 2.574060
159, 639, 2.608034
159, 641, 2.608034
160, 629, 2.574060
160, 630, 2.476369
160, 632, 2.476369
160, 633, 2.574061
160, 639, 2.608034
160, 640, 2.608033
161, 634, 2.574060
161, 635, 2.476369
161, 637, 2.476369
161, 638, 2.574061
161, 640, 2.608034
161, 641, 2.608034
162, 163, 2.242900
162, 164, 2.085339
162, 275, 2.242901
162, 552, 2.085339
163, 164, 2.085339
163, 304, 2.242901
163, 534, 2.085339
164, 165, 2.327629
164, 168, 2.327629
165, 166, 2.442793
165, 167, 2.501785
165, 168, 2.502183
166, 167, 2.377990
166, 537, 2.442793
166, 538, 2.377990
167, 171, 2.565720
167, 189, 2.565266
168, 169, 2.501785
168, 170, 2.442793
169, 170, 2.377990
169, 188, 2.565720
169, 191, 2.565266
170, 553, 2.442793
170, 554, 2.377990
171, 172, 2.377991
171, 173, 2.501785
171, 189, 2.565266
172, 173, 2.442793
172, 547, 2.442793
172, 548, 2.377990
173, 174, 2.327629
173, 177, 2.502183
174, 175, 2.085339
174, 176, 2.085339
174, 177, 2.327629
175, 176, 2.242900
175, 387, 2.242901
175, 546, 2.085340
176, 210, 2.085339
176, 211, 2.242900
177, 178, 2.442793
177, 179, 2.501785
178, 179, 2.377990
178, 208, 2.377990
178, 209, 2.442793
179, 180, 2.565719
179, 190, 2.565266
180, 181, 2.377990
180, 182, 2.501785
180, 190, 2.565266
181, 182, 2.442793
181, 206, 2.442793
181, 207, 2.377990
182, 183, 2.327629
182, 186, 2.502183
183, 184, 2.085339
183, 185, 2.085339
183, 186, 2.327629
184, 185, 2.242900
184, 204, 2.085339
184, 205, 2.242900
185, 442, 2.242901
185, 559, 2.085340
186, 187, 2.442793
186, 188, 2.501785
187, 188, 2.377991
187, 557, 2.377990
187, 558, 2.442793
188, 191, 2.565266
189, 190, 2.634354
189, 191, 2.634355
190, 191, 2.634354
192, 193, 2.242900
192, 194, 2.085339
192, 219, 2.242901
192, 498, 2.085339
193, 194, 2.085339
193, 248, 2.242901
193, 516, 2.085339
194, 195, 2.327629
194, 198, 2.327629
195, 196, 2.442793
195, 197, 2.501785
195, 198, 2.502183
196, 197, 2.377990
196, 519, 2.442793
196, 520, 2.377990
197, 201, 2.565720
197, 215, 2.565266
198, 199, 2.501785
198, 200, 2.442793
199, 200, 2.377990
199, 214, 2.565720
199, 217, 2.565266
200, 499, 2.442793
200, 500, 2.377990
201, 202, 2.377991
201, 203, 2.501785
201, 215, 2.565266
202, 203, 2.442793
202, 529, 2.442793
202, 530, 2.377990
203, 204, 2.327629
203, 206, 2.502183
204, 205, 2.085339
204, 206, 2.327629
205, 443, 2.242901
205, 528, 2.085340
206, 207, 2.501785
207, 208, 2.565719
207, 216, 2.565266
208, 209, 2.501785
208, 216, 2.565266
209, 210, 2.327629
209, 212, 2.502183
210, 211, 2.085339
210, 212, 2.327629
211, 386, 2.242901
211, 505, 2.085340
212, 213, 2.442793
212, 214, 2.501785
213, 214, 2.377991
213, 503, 2.377990
213, 504, 2.442793
214, 217, 2.565266
215, 216, 2.634354
215, 217, 2.634355
216, 217, 2.634354
218, 219, 2.242900
218, 220, 2.085339
218, 248, 2.242900
218, 249, 2.085339
219, 220, 2.085339
219, 498, 2.085340
220, 221, 2.327629
220, 224, 2.327628
221, 222, 2.442793
221, 223, 2.501785
221, 224, 2.502183
222, 223, 2.377990
222, 501, 2.442792
222, 502, 2.377990
223, 227, 2.565719
223, 245, 2.565266
224, 225, 2.501785
224, 226, 2.442793
225, 226, 2.377990
225, 244, 2.565719
225, 247, 2.565266
226, 250, 2.442793
226, 251, 2.377990
227, 228, 2.377990
227, 229, 2.501785
227, 245, 2.565266
228, 229, 2.442793
228, 511, 2.442793
228, 512, 2.377990
229, 230, 2.327629
229, 233, 2.502183
230, 231, 2.085339
230, 232, 2.085339
230, 233, 2.327629
231, 232, 2.242900
231, 409, 2.242901
231, 510, 2.085339
232, 429, 2.242901
232, 613, 2.085339
233, 234, 2.442793
233, 235, 2.501785
234, 235, 2.377990
234, 611, 2.377990
234, 612, 2.442793
235, 236, 2.565719
235, 246, 2.565266
236, 237, 2.377990
236, 238, 2.501785
236, 246, 2.565266
237, 238, 2.442793
237, 607, 2.442792
237, 608, 2.377990
238, 239, 2.327629
238, 242, 2.502183
239, 240, 2.085339
239, 241, 2.085339
239, 242, 2.327628
240, 241, 2.242900
240, 331, 2.242901
240, 606, 2.085340
241, 257, 2.085339
241, 258, 2.242900
242, 243, 2.442793
242, 244, 2.501785
243, 244, 2.377990
243, 255, 2.377990
243, 256, 2.442793
244, 247, 2.565266
245, 246, 2.634355
245, 247, 2.634354
246, 247, 2.634354
248, 249, 2.085339
248, 516, 2.085340
249, 250, 2.327628
249, 252, 2.327629
250, 251, 2.501785
250, 252, 2.502183
251, 255, 2.565719
251, 271, 2.565266
252, 253, 2.501785
252, 254, 2.442793
253, 254, 2.377990
253, 270, 2.565719
253, 273, 2.565266
254, 517, 2.442792
254, 518, 2.377990
255, 256, 2.501785
255, 271, 2.565266
256, 257, 2.327628
256, 259, 2.502183
257, 258, 2.085339
257, 259, 2.327629
258, 330, 2.242901
258, 624, 2.085340
259, 260, 2.442793
259, 261, 2.501785
260, 261, 2.377990
260, 627, 2.442792
260, 628, 2.377990
261, 262, 2.565719
261, 272, 2.565266
262, 263, 2.377990
262, 264, 2.501785
262, 272, 2.565266
263, 264, 2.442793
263, 637, 2.442793
263, 638, 2.377990
264, 265, 2.327629
264, 268, 2.502183
265, 266, 2.085339
265, 267, 2.085339
265, 268, 2.327629
266, 267, 2.242900
266, 491, 2.242901
266, 636, 2.085339
267, 455, 2.242901
267, 523, 2.085339
268, 269, 2.442793
268, 270, 2.501785
269, 270, 2.377990
269, 521, 2.377990
269, 522, 2.442793
270, 273, 2.565266
271, 272, 2.634354
271, 273, 2.634354
272, 273, 2.634355
274, 275, 2.242900
274, 276, 2.085339
274, 304, 2.242900
274, 305, 2.085339
275, 276, 2.085339
275, 552, 2.085340
276, 277, 2.327629
276, 280, 2.327628
277, 278, 2.442793
277, 279, 2.501785
277, 280, 2.502183
278, 279, 2.377990
278, 555, 2.442792
278, 556, 2.377990
279, 283, 2.565719
279, 301, 2.565266
280, 281, 2.501785
280, 282, 2.442793
281, 282, 2.377990
281, 300, 2.565719
281, 303, 2.565266
282, 306, 2.442793
282, 307, 2.377990
283, 284, 2.377990
283, 285, 2.501785
283, 301, 2.565266
284, 285, 2.442793
284, 565, 2.442793
284, 566, 2.377990
285, 286, 2.327629
285, 289, 2.502183
286, 287, 2.085339
286, 288, 2.085339
286, 289, 2.327629
287, 288, 2.242900
287, 465, 2.242901
287, 564, 2.085339
288, 485, 2.242901
288, 595, 2.085339
289, 290, 2.442793
289, 291, 2.501785
290, 291, 2.377990
290, 593, 2.377990
290, 594, 2.442793
291, 292, 2.565719
291, 302, 2.565266
292, 293, 2.377990
292, 294, 2.501785
292, 302, 2.565266
293, 294, 2.442793
293, 589, 2.442792
293, 590, 2.377990
294, 295, 2.327629
294, 298, 2.502183
295, 296, 2.085339
295, 297, 2.085339
295, 298, 2.327628
296, 297, 2.242900
296, 361, 2.242901
296, 588, 2.085340
297, 313, 2.085339
297, 314, 2.242900
298, 299, 2.442793
298, 300, 2.501785
299, 300, 2.377990
299, 311, 2.377990
299, 312, 2.442793
300, 303, 2.565266
301, 302, 2.634355
301, 303, 2.634354
302, 303, 2.634354
304, 305, 2.085339
304, 534, 2.085340
305, 306, 2.327628
305, 308, 2.327629
306, 307, 2.501785
306, 308, 2.502183
307, 311, 2.565719
307, 327, 2.565266
308, 309, 2.501785
308, 310, 2.442793
309, 310, 2.377990
309, 326, 2.565719
309, 329, 2.565266
310, 535, 2.442792
310, 536, 2.377990
311, 312, 2.501785
311, 327, 2.565266
312, 313, 2.327628
312, 315, 2.502183
313, 314, 2.085339
313, 315, 2.327629
314, 360, 2.242901
314, 570, 2.085340
315, 316, 2.442793
315, 317, 2.501785
316, 317, 2.377990
316, 573, 2.442792
316, 574, 2.377990
317, 318, 2.565719
317, 328, 2.565266
318, 319, 2.377990
318, 320, 2.501785
318, 328, 2.565266
319, 320, 2.442793
319, 583, 2.442793
319, 584, 2.377990
320, 321, 2.327629
320, 324, 2.502183
321, 322, 2.085339
321, 323, 2.085339
321, 324, 2.327629
322, 323, 2.242900
322, 435, 2.242901
322, 582, 2.085339
323, 399, 2.242901
323, 541, 2.085339
324, 325, 2.442793
324, 326, 2.501785
325, 326, 2.377990
325, 539, 2.377990
325, 540, 2.442793
326, 329, 2.565266
327, 328, 2.634354
327, 329, 2.634354
328, 329, 2.634355
330, 331, 2.242900
330, 332, 2.085339
330, 624, 2.085339
331, 332, 2.085339
331, 606, 2.085339
332, 333, 2.327629
332, 336, 2.327629
333, 334, 2.442793
333, 335, 2.501785
333, 336, 2.502183
334, 335, 2.377990
334, 609, 2.442793
334, 610, 2.377990
335, 339, 2.565720
335, 357, 2.565266
336, 337, 2.501785
336, 338, 2.442793
337, 338, 2.377990
337, 356, 2.565720
337, 359, 2.565266
338, 625, 2.442793
338, 626, 2.377990
339, 340, 2.377991
339, 341, 2.501785
339, 357, 2.565266
340, 341, 2.442793
340, 619, 2.442793
340, 620, 2.377990
341, 342, 2.327629
341, 345, 2.502183
342, 343, 2.085339
342, 344, 2.085339
342, 345, 2.327629
343, 344, 2.242900
343, 417, 2.242901
343, 618, 2.085340
344, 378, 2.085339
344, 379, 2.242900
345, 346, 2.442793
345, 347, 2.501785
346, 347, 2.377990
346, 376, 2.377990
346, 377, 2.442793
347, 348, 2.565719
347, 358, 2.565266
348, 349, 2.377990
348, 350, 2.501785
348, 358, 2.565266
349, 350, 2.442793
349, 374, 2.442793
349, 375, 2.377990
350, 351, 2.327629
350, 354, 2.502183
351, 352, 2.085339
351, 353, 2.085339
351, 354, 2.327629
352, 353, 2.242900
352, 372, 2.085339
352, 373, 2.242900
353, 472, 2.242901
353, 631, 2.085340
354, 355, 2.442793
354, 356, 2.501785
355, 356, 2.377991
355, 629, 2.377990
355, 630, 2.442793
356, 359, 2.565266
357, 358, 2.634354
357, 359, 2.634355
358, 359, 2.634354
360, 361, 2.242900
360, 362, 2.085339
360, 570, 2.085339
361, 362, 2.085339
361, 588, 2.085339
362, 363, 2.327629
362, 366, 2.327629
363, 364, 2.442793
363, 365, 2.501785
363, 366, 2.502183
364, 365, 2.377990
364, 591, 2.442793
364, 592, 2.377990
365, 369, 2.565720
365, 383, 2.565266
366, 367, 2.501785
366, 368, 2.442793
367, 368, 2.377990
367, 382, 2.565720
367, 385, 2.565266
368, 571, 2.442793
368, 572, 2.377990
369, 370, 2.377991
369, 371, 2.501785
369, 383, 2.565266
370, 371, 2.442793
370, 601, 2.442793
370, 602, 2.377990
371, 372, 2.327629
371, 374, 2.502183
372, 373, 2.085339
372, 374, 2.327629
373, 473, 2.242901
373, 600, 2.085340
374, 375, 2.501785
375, 376, 2.565719
375, 384, 2.565266
376, 377, 2.501785
376, 384, 2.565266
377, 378, 2.327629
377, 380, 2.502183
378, 379, 2.085339
378, 380, 2.327629
379, 416, 2.242901
379, 577, 2.085340
380, 381, 2.442793
380, 382, 2.501785
381, 382, 2.377991
381, 575, 2.377990
381, 576, 2.442793
382, 385, 2.565266
383, 384, 2.634354
383, 385, 2.634355
384, 385, 2.634354
386, 387, 2.242900
386, 388, 2.085339
386, 505, 2.085339
387, 388, 2.085339
387, 546, 2.085339
388, 389, 2.327629
388, 392, 2.327629
389, 390, 2.442793
389, 391, 2.501785
389, 392, 2.502183
390, 391, 2.377990
390, 544, 2.377990
390, 545, 2.442792
391, 395, 2.565719
391, 413, 2.565266
392, 393, 2.501785
392, 394, 2.442793
393, 394, 2.377990
393, 412, 2.565719
393, 415, 2.565266
394, 506, 2.442792
394, 507, 2.377990
395, 396, 2.377990
395, 397, 2.501785
395, 413, 2.565266
396, 397, 2.442793
396, 542, 2.442793
396, 543, 2.377990
397, 398, 2.327629
397, 401, 2.502183
398, 399, 2.085339
398, 400, 2.085339
398, 401, 2.327629
399, 400, 2.242900
399, 541, 2.085340
400, 434, 2.085339
400, 435, 2.242900
401, 402, 2.442793
401, 403, 2.501785
402, 403, 2.377990
402, 432, 2.377990
402, 433, 2.442793
403, 404, 2.565719
403, 414, 2.565266
404, 405, 2.377990
404, 406, 2.501785
404, 414, 2.565266
405, 406, 2.442793
405, 430, 2.442793
405, 431, 2.377990
406, 407, 2.327629
406, 410, 2.502183
407, 408, 2.085339
407, 409, 2.085339
407, 410, 2.327629
408, 409, 2.242900
408, 428, 2.085339
408, 429, 2.242900
409, 510, 2.085340
410, 411, 2.442793
410, 412, 2.501785
411, 412, 2.377990
411, 508, 2.377990
411, 509, 2.442793
412, 415, 2.565266
413, 414, 2.634354
413, 415, 2.634354
414, 415, 2.634354
416, 417, 2.242900
416, 418, 2.085339
416, 577, 2.085339
417, 418, 2.085339
417, 618, 2.085339
418, 419, 2.327629
418, 422, 2.327629
419, 420, 2.442793
419, 421, 2.501785
419, 422, 2.502183
420, 421, 2.377990
420, 616, 2.377990
420, 617, 2.442792
421, 425, 2.565719
421, 439, 2.565266
422, 423, 2.501785
422, 424, 2.442793
423, 424, 2.377990
423, 438, 2.565719
423, 441, 2.565266
424, 578, 2.442792
424, 579, 2.377990
425, 426, 2.377990
425, 427, 2.501785
425, 439, 2.565266
426, 427, 2.442793
426, 614, 2.442793
426, 615, 2.377990
427, 428, 2.327629
427, 430, 2.502183
428, 429, 2.085339
428, 430, 2.327629
429, 613, 2.085340
430, 431, 2.501785
431, 432, 2.565719
431, 440, 2.565266
432, 433, 2.501785
432, 440, 2.565266
433, 434, 2.327629
433, 436, 2.502183
434, 435, 2.085339
434, 436, 2.327629
435, 582, 2.085340
436, 437, 2.442793
436, 438, 2.501785
437, 438, 2.377990
437, 580, 2.377990
437, 581, 2.442793
438, 441, 2.565266
439, 440, 2.634354
439, 441, 2.634354
440, 441, 2.634354
442, 443, 2.242900
442, 444, 2.085339
442, 559, 2.085339
443, 444, 2.085339
443, 528, 2.085339
444, 445, 2.327629
444, 448, 2.327629
445, 446, 2.442793
445, 447, 2.501785
445, 448, 2.502183
446, 447, 2.377990
446, 526, 2.377990
446, 527, 2.442792
447, 451, 2.565719
447, 469, 2.565266
448, 449, 2.501785
448, 450, 2.442793
449, 450, 2.377990
449, 468, 2.565719
449, 471, 2.565266
450, 560, 2.442792
450, 561, 2.377990
451, 452, 2.377990
451, 453, 2.501785
451, 469, 2.565266
452, 453, 2.442793
452, 524, 2.442793
452, 525, 2.377990
453, 454, 2.327629
453, 457, 2.502183
454, 455, 2.085339
454, 456, 2.085339
454, 457, 2.327629
455, 456, 2.242900
455, 523, 2.085340
456, 490, 2.085339
456, 491, 2.242900
457, 458, 2.442793
457, 459, 2.501785
458, 459, 2.377990
458, 488, 2.377990
458, 489, 2.442793
459, 460, 2.565719
459, 470, 2.565266
460, 461, 2.377990
460, 462, 2.501785
460, 470, 2.565266
461, 462, 2.442793
461, 486, 2.442793
461, 487, 2.377990
462, 463, 2.327629
462, 466, 2.502183
463, 464, 2.085339
463, 465, 2.085339
463, 466, 2.327629
464, 465, 2.242900
464, 484, 2.085339
464, 485, 2.242900
465, 564, 2.085340
466, 467, 2.442793
466, 468, 2.501785
467, 468, 2.377990
467, 562, 2.377990
467, 563, 2.442793
468, 471, 2.565266
469, 470, 2.634354
469, 471, 2.634354
470, 471, 2.634354
472, 473, 2.242900
472, 474, 2.085339
472, 631, 2.085339
473, 474, 2.085339
473, 600, 2.085339
474, 475, 2.327629
474, 478, 2.327629
475, 476, 2.442793
475, 477, 2.501785
475, 478, 2.502183
476, 477, 2.377990
476, 598, 2.377990
476, 599, 2.442792
477, 481, 2.565719
477, 495, 2.565266
478, 479, 2.501785
478, 480, 2.442793
479, 480, 2.377990
479, 494, 2.565719
479, 497, 2.565266
480, 632, 2.442792
480, 633, 2.377990
481, 482, 2.377990
481, 483, 2.501785
481, 495, 2.565266
482, 483, 2.442793
482, 596, 2.442793
482, 597, 2.377990
483, 484, 2.327629
483, 486, 2.502183
484, 485, 2.085339
484, 486, 2.327629
485, 595, 2.085340
486, 487, 2.501785
487, 488, 2.565719
487, 496, 2.565266
488, 489, 2.501785
488, 496, 2.565266
489, 490, 2.327629
489, 492, 2.502183
490, 491, 2.085339
490, 492, 2.327629
491, 636, 2.085340
492, 493, 2.442793
492, 494, 2.501785
493, 494, 2.377990
493, 634, 2.377990
493, 635, 2.442793
494, 497, 2.565266
495, 496, 2.634354
495, 497, 2.634354
496, 497, 2.634354
498, 499, 2.327629
498, 501, 2.327629
499, 500, 2.501786
499, 501, 2.502184
500, 503, 2.565719
500, 513, 2.565267
501, 502, 2.501785
502, 512, 2.565719
502, 515, 2.565266
503, 504, 2.501786
503, 513, 2.565266
504, 505, 2.327629
504, 506, 2.502184
505, 506, 2.327629
506, 507, 2.501786
507, 508, 2.565719
507, 514, 2.565267
508, 509, 2.501785
508, 514, 2.565267
509, 510, 2.327629
509, 511, 2.502183
510, 511, 2.327629
511, 512, 2.501786
512, 515, 2.565267
513, 514, 2.634354
513, 515, 2.634354
514, 515, 2.634354
516, 517, 2.327629
516, 519, 2.327629
517, 518, 2.501785
517, 519, 2.502184
518, 521, 2.565719
518, 531, 2.565266
519, 520, 2.501786
520, 530, 2.565719
520, 533, 2.565267
521, 522, 2.501786
521, 531, 2.565267
522, 523, 2.327629
522, 524, 2.502183
523, 524, 2.327629
524, 525, 2.501785
525, 526, 2.565719
525, 532, 2.565267
526, 527, 2.501786
526, 532, 2.565267
527, 528, 2.327629
527, 529, 2.502184
528, 529, 2.327629
529, 530, 2.501786
530, 533, 2.565266
531, 532, 2.634354
531, 533, 2.634354
532, 533, 2.634354
534, 535, 2.327629
534, 537, 2.327629
535, 536, 2.501785
535, 537, 2.502184
536, 539, 2.565719
536, 549, 2.565266
537, 538, 2.501786
538, 548, 2.565719
538, 551, 2.565267
539, 540, 2.501786
539, 549, 2.565267
540, 541, 2.327629
540, 542, 2.502183
541, 542, 2.327629
542, 543, 2.501785
543, 544, 2.565719
543, 550, 2.565267
544, 545, 2.501786
544, 550, 2.565267
545, 546, 2.327629
545, 547, 2.502184
546, 547, 2.327629
547, 548, 2.501786
548, 551, 2.565266
549, 550, 2.634354
549, 551, 2.634354
550, 551, 2.634354
552, 553, 2.327629
552, 555, 2.327629
553, 554, 2.501786
553, 555, 2.502184
554, 557, 2.565719
554, 567, 2.565267
555, 556, 2.501785
556, 566, 2.565719
556, 569, 2.565266
557, 558, 2.501786
557, 567, 2.565266
558, 559, 2.327629
558, 560, 2.502184
559, 560, 2.327629
560, 561, 2.501786
561, 562, 2.565719
561, 568, 2.565267
562, 563, 2.501785
562, 568, 2.565267
563, 564, 2.327629
563, 565, 2.502183
564, 565, 2.327629
565, 566, 2.501786
566, 569, 2.565267
567, 568, 2.634354
567, 569, 2.634354
568, 569, 2.634354
570, 571, 2.327629
570, 573, 2.327629
571, 572, 2.501786
571, 573, 2.502184
572, 575, 2.565719
572, 585, 2.565267
573, 574, 2.501785
574, 584, 2.565719
574, 587, 2.565266
575, 576, 2.501786
575, 585, 2.565266
576, 577, 2.327629
576, 578, 2.502184
577, 578, 2.327629
578, 579, 2.501786
579, 580, 2.565719
579, 586, 2.565267
580, 581, 2.501785
580, 586, 2.565267
581, 582, 2.327629
581, 583, 2.502183
582, 583, 2.327629
583, 584, 2.501786
584, 587, 2.565267
585, 586, 2.634354
585, 587, 2.634354
586, 587, 2.634354
588, 589, 2.327629
588, 591, 2.327629
589, 590, 2.501785
589, 591, 2.502184
590, 593, 2.565719
590, 603, 2.565266
591, 592, 2.501786
592, 602, 2.565719
592, 605, 2.565267
593, 594, 2.501786
593, 603, 2.565267
594, 595, 2.327629
594, 596, 2.502183
595, 596, 2.327629
596, 597, 2.501785
597, 598, 2.565719
597, 604, 2.565267
598, 599, 2.501786
598, 604, 2.565267
599, 600, 2.327629
599, 601, 2.502184
600, 601, 2.327629
601, 602, 2.501786
602, 605, 2.565266
603, 604, 2.634354
603, 605, 2.634354
604, 605, 2.634354
606, 607, 2.327629
606, 609, 2.327629
607, 608, 2.501785
607, 609, 2.502184
608, 611, 2.565719
608, 621, 2.565266
609, 610, 2.501786
610, 620, 2.565719
610, 623, 2.565267
611, 612, 2.501786
611, 621, 2.565267
612, 613, 2.327629
612, 614, 2.502183
613, 614, 2.327629
614, 615, 2.501785
615, 616, 2.565719
615, 622, 2.565267
616, 617, 2.501786
616, 622, 2.565267
617, 618, 2.327629
617, 619, 2.502184
618, 619, 2.327629
619, 620, 2.501786
620, 623, 2.565266
621, 622, 2.634354
621, 623, 2.634354
622, 623, 2.634354
624, 625, 2.327629
624, 627, 2.327629
625, 626, 2.501786
625, 627, 2.502184
626, 629, 2.565719
626, 639, 2.565267
627, 628, 2.501785
628, 638, 2.565719
628, 641, 2.565266
629, 630, 2.501786
629, 639, 2.565266
630, 631, 2.327629
630, 632, 2.502184
631, 632, 2.327629
632, 633, 2.501786
633, 634, 2.565719
633, 640, 2.565267
634, 635, 2.501785
634, 640, 2.565267
635, 636, 2.327629
635, 637, 2.502183
636, 637, 2.327629
637, 638, 2.501786
638, 641, 2.565267
639, 640, 2.634354
639, 641, 2.634354
640, 641, 2.634354
