source_idx: 46
h_value: 1.801010

points:
0.000000, 6.308774, -10.207810, 10.239396
0.000000, 6.308774, 10.207810, 15.803167
0.000000, -6.308774, 10.207810, 27.459716
-6.308774, 10.207810, 0.000000, 3.046389
-6.308774, -10.207810, 0.000000, 25.164572
6.308774, 10.207810, 0.000000, 12.534540
6.308774, -10.207810, 0.000000, 34.652723
0.000000, -6.308774, -10.207810, 21.895945
10.207810, 0.000000, 6.308774, 25.164571
-10.207810, 0.000000, 6.308774, 15.803167
-10.207810, 0.000000, -6.308774, 12.534541
10.207810, 0.000000, -6.308774, 21.895945
3.708204, 9.708204, -6.000000, 9.848250
-3.708204, 9.708204, -6.000000, 3.596503
0.000000, 12.000000, 0.000000, 6.327147
-3.708204, 9.708204, 6.000000, 9.263140
3.708204, 9.708204, 6.000000, 13.344087
0.000000, 0.000000, 12.000000, 21.743802
-6.000000, 3.708204, 9.708204, 15.253053
-6.000000, -3.708204, 9.708204, 21.743803
6.000000, 3.708204, 9.708204, 20.627504
6.000000, -3.708204, 9.708204, 27.850861
0.000000, 0.000000, -12.000000, 15.955310
6.000000, 3.708204, -9.708204, 15.955309
6.000000, -3.708204, -9.708204, 22.446059
-6.000000, 3.708204, -9.708204, 9.848251
-6.000000, -3.708204, -9.708204, 17.071608
3.708204, -9.708204, 6.000000, 34.102609
-3.708204, -9.708204, 6.000000, 27.850862
0.000000, -12.000000, 0.000000, 31.371964
-3.708204, -9.708204, -6.000000, 24.355025
3.708204, -9.708204, -6.000000, 28.435972
-9.708204, 6.000000, 3.708204, 9.263141
-9.708204, 6.000000, -3.708204, 6.327148
-12.000000, 0.000000, 0.000000, 13.344088
-9.708204, -6.000000, -3.708204, 18.849556
-9.708204, -6.000000, 3.708204, 20.627505
9.708204, 6.000000, -3.708204, 17.071607
9.708204, 6.000000, 3.708204, 18.849556
12.000000, 0.000000, 0.000000, 24.355024
9.708204, -6.000000, 3.708204, 31.371964
9.708204, -6.000000, -3.708204, 28.435971
1.771451, 8.180620, -8.598804, 9.629970
-1.771451, 8.180620, -8.598804, 7.193007
0.000000, 10.207808, -6.308773, 6.409936
-1.949518, 11.412678, -3.154387, 3.547271
-5.314353, 10.370255, -2.866268, 0.000000
-3.542902, 11.465071, 0.000000, 3.555897
1.949518, 11.412678, -3.154387, 7.463666
3.542902, 11.465071, 0.000000, 9.629969
5.314353, 10.370255, -2.866268, 11.010937
-1.771451, 8.180620, 8.598804, 12.795794
1.771451, 8.180620, 8.598804, 14.525368
0.000000, 10.207808, 6.308773, 10.983669
1.949518, 11.412678, 3.154387, 9.758731
5.314353, 10.370255, 2.866268, 12.654295
-1.949518, 11.412678, 3.154387, 7.077599
-5.314353, 10.370255, 2.866268, 5.788493
0.000000, 3.542902, 11.465071, 18.526281
-2.866268, 5.314353, 10.370255, 15.418010
-3.154387, 1.949518, 11.412678, 18.493776
-6.308773, 0.000000, 10.207808, 18.493776
-8.598804, 1.771451, 8.180620, 15.418010
-8.598804, -1.771451, 8.180620, 18.526281
-3.154387, -1.949518, 11.412678, 21.895945
-2.866268, -5.314353, 10.370255, 24.903318
0.000000, -3.542902, 11.465071, 24.903318
2.866268, 5.314353, 10.370255, 18.002611
3.154387, 1.949518, 11.412678, 21.304844
3.154387, -1.949518, 11.412678, 24.911845
2.866268, -5.314353, 10.370255, 28.069142
6.308773, 0.000000, 10.207808, 24.263472
8.598804, -1.771451, 8.180620, 26.688174
8.598804, 1.771451, 8.180620, 23.173744
0.000000, 3.542902, -11.465071, 12.795794
2.866268, 5.314353, -10.370255, 12.795794
3.154387, 1.949518, -11.412678, 15.803167
6.308773, 0.000000, -10.207808, 19.205336
8.598804, 1.771451, -8.180620, 19.172831
8.598804, -1.771451, -8.180620, 22.281102
3.154387, -1.949518, -11.412678, 19.205336
2.866268, -5.314353, -10.370255, 22.281102
0.000000, -3.542902, -11.465071, 19.172831
-2.866268, 5.314353, -10.370255, 9.629970
-3.154387, 1.949518, -11.412678, 12.787267
-3.154387, -1.949518, -11.412678, 16.394267
-2.866268, -5.314353, -10.370255, 19.696501
-6.308773, 0.000000, -10.207808, 13.435640
-8.598804, -1.771451, -8.180620, 14.525368
-8.598804, 1.771451, -8.180620, 11.010938
1.771451, -8.180620, 8.598804, 30.506105
-1.771451, -8.180620, 8.598804, 28.069142
0.000000, -10.207808, 6.308773, 31.289176
-1.949518, -11.412678, 3.154387, 30.235446
-5.314353, -10.370255, 2.866268, 26.688175
-3.542902, -11.465071, 0.000000, 28.069142
1.949518, -11.412678, 3.154387, 34.151841
3.542902, -11.465071, 0.000000, 34.143215
5.314353, -10.370255, 2.866268, 37.699112
-1.771451, -8.180620, -8.598804, 23.173744
1.771451, -8.180620, -8.598804, 24.903318
0.000000, -10.207808, -6.308773, 26.715443
1.949518, -11.412678, -3.154387, 30.621512
5.314353, -10.370255, -2.866268, 31.910619
-1.949518, -11.412678, -3.154387, 27.940381
-5.314353, -10.370255, -2.866268, 25.044817
-8.180620, 8.598804, 1.771451, 5.788493
-8.180620, 8.598804, -1.771451, 3.555897
-10.207808, 6.308773, 0.000000, 7.077600
-11.412678, 3.154387, -1.949518, 9.758732
-10.370255, 2.866268, -5.314353, 9.629970
-11.465071, 0.000000, -3.542902, 12.654296
-11.412678, 3.154387, 1.949518, 10.983669
-11.465071, 0.000000, 3.542902, 14.525368
-10.370255, 2.866268, 5.314353, 12.795794
-8.180620, -8.598804, -1.771451, 22.281103
-8.180620, -8.598804, 1.771451, 23.173745
-10.207808, -6.308773, 0.000000, 19.781801
-11.412678, -3.154387, 1.949518, 16.979381
-10.370255, -2.866268, 5.314353, 18.002611
-11.412678, -3.154387, -1.949518, 16.029757
-10.370255, -2.866268, -5.314353, 15.418010
8.180620, 8.598804, -1.771451, 14.525367
8.180620, 8.598804, 1.771451, 15.418009
10.207808, 6.308773, 0.000000, 17.917311
11.412678, 3.154387, 1.949518, 21.669355
10.370255, 2.866268, 5.314353, 22.281102
11.465071, 0.000000, 3.542902, 25.044816
11.412678, 3.154387, -1.949518, 20.719731
11.465071, 0.000000, -3.542902, 23.173744
10.370255, 2.866268, -5.314353, 19.696501
8.180620, -8.598804, 1.771451, 34.143215
8.180620, -8.598804, -1.771451, 31.910619
10.207808, -6.308773, 0.000000, 30.621512
11.412678, -3.154387, -1.949518, 26.715443
10.370255, -2.866268, -5.314353, 24.903318
11.412678, -3.154387, 1.949518, 27.940380
10.370255, -2.866268, 5.314353, 28.069142
-5.103904, 7.053422, 8.258291, 12.118886
-7.053422, 8.258291, 5.103904, 8.610160
-8.258292, 5.103905, 7.053423, 12.118886
5.103904, 7.053422, 8.258291, 16.979381
8.258292, 5.103905, 7.053423, 19.781800
7.053422, 8.258291, 5.103904, 16.029756
-5.103904, 7.053422, -8.258291, 6.409936
-8.258292, 5.103905, -7.053423, 7.463666
-7.053422, 8.258291, -5.103904, 3.547271
5.103904, 7.053422, -8.258291, 12.787266
7.053422, 8.258291, -5.103904, 13.435640
8.258292, 5.103905, -7.053423, 16.394267
-5.103904, -7.053422, -8.258291, 20.719731
-7.053422, -8.258291, -5.103904, 21.669356
-8.258292, -5.103905, -7.053423, 17.917312
5.103904, -7.053422, -8.258291, 25.580226
8.258292, -5.103905, -7.053423, 25.580226
7.053422, -8.258291, -5.103904, 29.088952
-5.103904, -7.053422, 8.258291, 24.911845
-8.258292, -5.103905, 7.053423, 21.304845
-7.053422, -8.258291, 5.103904, 24.263472
5.103904, -7.053422, 8.258291, 31.289175
7.053422, -8.258291, 5.103904, 34.151841
8.258292, -5.103905, 7.053423, 30.235446
0.841088, 7.248521, -9.526359, 9.866824
-0.841088, 7.248521, -9.526359, 8.805039
0.000000, 8.271239, -8.694055, 8.327680
-0.938319, 9.246289, -7.591159, 6.621065
-2.748538, 9.028127, -7.412048, 5.436059
-1.924289, 10.075711, -6.227132, 4.814985
0.938319, 9.246289, -7.591159, 8.068436
1.924289, 10.075711, -6.227132, 8.141497
2.748538, 9.028127, -7.412048, 9.607384
-2.886435, 10.670350, -4.670349, 3.047849
-4.580898, 10.160586, -4.447229, 1.756948
-3.753275, 10.986028, -3.036463, 1.688136
-4.477684, 11.038601, -1.449009, 1.777948
-5.887613, 10.367446, -1.360908, 1.612032
-5.046525, 10.887267, 0.000000, 2.932100
-2.814957, 11.565942, -1.518232, 3.089736
-1.832359, 11.859277, 0.000000, 4.780975
-0.962145, 11.859626, -1.556783, 4.814985
0.962145, 11.859626, -1.556783, 6.667802
1.832359, 11.859277, 0.000000, 7.989462
2.814957, 11.565942, -1.518232, 8.503415
4.477684, 11.038601, -1.449009, 10.222966
5.046525, 10.887267, 0.000000, 11.160352
5.887613, 10.367446, -1.360908, 11.768659
3.753275, 10.986028, -3.036463, 9.322801
4.580898, 10.160586, -4.447229, 10.339854
2.886435, 10.670350, -4.670349, 8.584099
-0.987883, 10.955791, -4.795285, 4.805119
0.000000, 11.566335, -3.196856, 5.505468
0.987883, 10.955791, -4.795285, 6.703635
-0.841088, 7.248521, 9.526359, 14.386207
0.841088, 7.248521, 9.526359, 15.176286
0.000000, 8.271239, 8.694055, 13.613721
0.938319, 9.246289, 7.591159, 12.839655
2.748538, 9.028127, 7.412048, 13.895678
1.924289, 10.075711, 6.227132, 12.137237
-0.938319, 9.246289, 7.591159, 11.869701
-1.924289, 10.075711, 6.227132, 9.995716
-2.748538, 9.028127, 7.412048, 11.066409
2.886435, 10.670350, 4.670349, 11.586872
4.580898, 10.160586, 4.447229, 12.921688
3.753275, 10.986028, 3.036463, 11.243959
4.477684, 11.038601, 1.449009, 11.114636
5.887613, 10.367446, 1.360908, 12.535221
2.814957, 11.565942, 1.518232, 9.564558
0.962145, 11.859626, 1.556783, 7.967030
-0.962145, 11.859626, 1.556783, 6.459175
-2.814957, 11.565942, 1.518232, 5.227811
-4.477684, 11.038601, 1.449009, 4.471990
-5.887613, 10.367446, 1.360908, 4.288658
-3.753275, 10.986028, 3.036463, 6.205557
-4.580898, 10.160586, 4.447229, 7.473363
-2.886435, 10.670350, 4.670349, 8.075232
0.987883, 10.955791, 4.795285, 10.246262
0.000000, 11.566335, 3.196856, 8.316151
-0.987883, 10.955791, 4.795285, 9.029727
0.000000, 5.046525, 10.887267, 17.082516
-1.360908, 5.887613, 10.367446, 15.595443
-1.449009, 4.477684, 11.038601, 16.967205
-3.036463, 3.753275, 10.986028, 16.876481
-4.447229, 4.580898, 10.160586, 15.296514
-4.670349, 2.886434, 10.670349, 16.825906
-1.518232, 2.814956, 11.565941, 18.507080
-1.556783, 0.962145, 11.859626, 20.164006
0.000000, 1.832359, 11.859277, 20.100976
-6.227132, 1.924289, 10.075711, 16.825906
-7.412048, 2.748538, 9.028127, 15.296514
-7.591159, 0.938319, 9.246289, 16.876481
-8.694055, 0.000000, 8.271239, 16.967205
-9.526359, 0.841088, 7.248521, 15.595443
-9.526359, -0.841088, 7.248521, 17.082516
-7.591159, -0.938319, 9.246289, 18.507080
-7.412048, -2.748538, 9.028127, 20.100976
-6.227132, -1.924289, 10.075711, 20.164006
-4.670349, -2.886434, 10.670349, 21.855670
-4.447229, -4.580898, 10.160586, 23.372012
-3.036463, -3.753275, 10.986028, 23.487001
-1.449009, -4.477684, 11.038601, 24.976837
-1.360908, -5.887613, 10.367446, 26.276303
0.000000, -5.046525, 10.887267, 26.276302
-1.518232, -2.814956, 11.565941, 23.487001
0.000000, -1.832359, 11.859277, 23.372011
-1.556783, -0.962145, 11.859626, 21.855670
-4.795285, 0.987883, 10.955791, 18.488985
-4.795285, -0.987883, 10.955791, 20.199316
-3.196856, 0.000000, 11.566335, 20.199316
1.360908, 5.887613, 10.367446, 16.831065
1.449009, 4.477684, 11.038601, 18.258100
1.518232, 2.814956, 11.565941, 19.853032
1.556783, 0.962145, 11.859626, 21.563334
3.036463, 3.753275, 10.986028, 19.575274
4.670349, 2.886434, 10.670349, 20.983357
4.447229, 4.580898, 10.160586, 19.287322
1.556783, -0.962145, 11.859626, 23.304863
1.518232, -2.814956, 11.565941, 24.980424
1.449009, -4.477684, 11.038601, 26.506582
1.360908, -5.887613, 10.367446, 27.832289
3.036463, -3.753275, 10.986028, 26.587009
4.447229, -4.580898, 10.160586, 28.091727
4.670349, -2.886434, 10.670349, 26.461220
6.227132, -1.924289, 10.075711, 26.112239
7.412048, -2.748538, 9.028127, 27.359257
7.591159, -0.938319, 9.246289, 25.577842
8.694055, 0.000000, 8.271239, 24.932667
9.526359, -0.841088, 7.248521, 25.930452
9.526359, 0.841088, 7.248521, 24.253749
7.591159, 0.938319, 9.246289, 23.743589
7.412048, 2.748538, 9.028127, 21.947540
6.227132, 1.924289, 10.075711, 22.402705
3.196856, 0.000000, 11.566335, 23.117415
4.795285, -0.987883, 10.955791, 24.669240
4.795285, 0.987883, 10.955791, 22.807729
0.000000, 5.046525, -10.887267, 11.422809
1.360908, 5.887613, -10.367446, 11.422809
1.449009, 4.477684, -11.038601, 12.722275
3.036463, 3.753275, -10.986028, 14.212111
4.447229, 4.580898, -10.160586, 14.327100
4.670349, 2.886434, -10.670349, 15.843442
1.518232, 2.814956, -11.565941, 14.212111
1.556783, 0.962145, -11.859626, 15.843442
0.000000, 1.832359, -11.859277, 14.327100
6.227132, 1.924289, -10.075711, 17.535105
7.412048, 2.748538, -9.028127, 17.598136
7.591159, 0.938319, -9.246289, 19.192032
8.694055, 0.000000, -8.271239, 20.731906
9.526359, 0.841088, -7.248521, 20.616596
9.526359, -0.841088, -7.248521, 22.103669
7.591159, -0.938319, -9.246289, 20.822631
7.412048, -2.748538, -9.028127, 22.402598
6.227132, -1.924289, -10.075711, 20.873205
4.670349, -2.886434, -10.670349, 20.873205
4.447229, -4.580898, -10.160586, 22.402598
3.036463, -3.753275, -10.986028, 20.822631
1.449009, -4.477684, -11.038601, 20.731907
1.360908, -5.887613, -10.367446, 22.103669
0.000000, -5.046525, -10.887267, 20.616596
1.518232, -2.814956, -11.565941, 19.192032
0.000000, -1.832359, -11.859277, 17.598136
1.556783, -0.962145, -11.859626, 17.535105
4.795285, 0.987883, -10.955791, 17.499796
4.795285, -0.987883, -10.955791, 19.210127
3.196856, 0.000000, -11.566335, 17.499796
-1.360908, 5.887613, -10.367446, 9.866823
-1.449009, 4.477684, -11.038601, 11.192530
-1.518232, 2.814956, -11.565941, 12.718688
-1.556783, 0.962145, -11.859626, 14.394249
-3.036463, 3.753275, -10.986028, 11.112103
-4.670349, 2.886434, -10.670349, 11.237892
-4.447229, 4.580898, -10.160586, 9.607384
-1.556783, -0.962145, -11.859626, 16.135778
-1.518232, -2.814956, -11.565941, 17.846080
-1.449009, -4.477684, -11.038601, 19.441012
-1.360908, -5.887613, -10.367446, 20.868046
-3.036463, -3.753275, -10.986028, 18.123837
-4.447229, -4.580898, -10.160586, 18.411790
-4.670349, -2.886434, -10.670349, 16.715754
-6.227132, -1.924289, -10.075711, 15.296407
-7.412048, -2.748538, -9.028127, 15.751572
-7.591159, -0.938319, -9.246289, 13.955523
-8.694055, 0.000000, -8.271239, 12.766445
-9.526359, -0.841088, -7.248521, 13.445363
-9.526359, 0.841088, -7.248521, 11.768660
-7.591159, 0.938319, -9.246289, 12.121270
-7.412048, 2.748538, -9.028127, 10.339855
-6.227132, 1.924289, -10.075711, 11.586873
-3.196856, 0.000000, -11.566335, 14.581697
-4.795285, -0.987883, -10.955791, 14.891382
-4.795285, 0.987883, -10.955791, 13.029871
0.841088, -7.248521, 9.526359, 28.894073
-0.841088, -7.248521, 9.526359, 27.832288
0.000000, -8.271239, 8.694055, 29.371431
-0.938319, -9.246289, 7.591159, 29.630676
-2.748538, -9.028127, 7.412048, 28.091728
-1.924289, -10.075711, 6.227132, 29.557615
0.938319, -9.246289, 7.591159, 31.078047
1.924289, -10.075711, 6.227132, 32.884127
2.748538, -9.028127, 7.412048, 32.263053
-2.886435, -10.670350, 4.670349, 29.115012
-4.580898, -10.160586, 4.447229, 27.359258
-3.753275, -10.986028, 3.036463, 28.376311
-4.477684, -11.038601, 1.449009, 27.476146
-5.887613, -10.367446, 1.360908, 25.930452
-5.046525, -10.887267, 0.000000, 26.538760
-2.814957, -11.565942, 1.518232, 29.195697
-1.832359, -11.859277, 0.000000, 29.709650
-0.962145, -11.859626, 1.556783, 31.031310
0.962145, -11.859626, 1.556783, 32.884127
1.832359, -11.859277, 0.000000, 32.918137
2.814957, -11.565942, 1.518232, 34.609375
4.477684, -11.038601, 1.449009, 35.921163
5.046525, -10.887267, 0.000000, 34.767012
5.887613, -10.367446, 1.360908, 36.087080
3.753275, -10.986028, 3.036463, 36.010976
4.580898, -10.160586, 4.447229, 35.942164
2.886435, -10.670350, 4.670349, 34.651263
-0.987883, -10.955791, 4.795285, 30.995477
0.000000, -11.566335, 3.196856, 32.193643
0.987883, -10.955791, 4.795285, 32.893993
-0.841088, -7.248521, -9.526359, 22.522826
0.841088, -7.248521, -9.526359, 23.312905
0.000000, -8.271239, -8.694055, 24.085391
0.938319, -9.246289, -7.591159, 25.829411
2.748538, -9.028127, -7.412048, 26.632703
1.924289, -10.075711, -6.227132, 27.703396
-0.938319, -9.246289, -7.591159, 24.859457
-1.924289, -10.075711, -6.227132, 25.561875
-2.748538, -9.028127, -7.412048, 23.803434
2.886435, -10.670350, -4.670349, 29.623879
4.580898, -10.160586, -4.447229, 30.225749
3.753275, -10.986028, -3.036463, 31.493554
4.477684, -11.038601, -1.449009, 33.227122
5.887613, -10.367446, -1.360908, 33.410454
2.814957, -11.565942, -1.518232, 32.471301
0.962145, -11.859626, -1.556783, 31.239936
-0.962145, -11.859626, -1.556783, 29.732082
-2.814957, -11.565942, -1.518232, 28.134553
-4.477684, -11.038601, -1.449009, 26.584476
-5.887613, -10.367446, -1.360908, 25.163891
-3.753275, -10.986028, -3.036463, 26.455153
-4.580898, -10.160586, -4.447229, 24.777424
-2.886435, -10.670350, -4.670349, 26.112240
0.987883, -10.955791, -4.795285, 28.669385
0.000000, -11.566335, -3.196856, 29.382961
-0.987883, -10.955791, -4.795285, 27.452850
-7.248521, 9.526359, 0.841088, 4.288658
-7.248521, 9.526359, -0.841088, 2.932100
-8.271239, 8.694055, 0.000000, 4.471990
-9.246289, 7.591159, -0.938319, 5.227811
-9.028127, 7.412048, -2.748538, 4.780975
-10.075711, 6.227132, -1.924289, 6.459176
-9.246289, 7.591159, 0.938319, 6.205558
-10.075711, 6.227132, 1.924289, 8.075233
-9.028127, 7.412048, 2.748538, 7.473363
-10.670349, 4.670349, -2.886434, 7.967031
-10.160586, 4.447229, -4.580898, 7.989463
-10.986028, 3.036463, -3.753275, 9.564559
-11.038601, 1.449009, -4.477684, 11.114636
-10.367446, 1.360908, -5.887613, 11.160353
-10.887267, 0.000000, -5.046525, 12.535222
-11.565942, 1.518232, -2.814957, 11.243959
-11.859277, 0.000000, -1.832359, 12.921688
-11.859626, 1.556783, -0.962145, 11.586872
-11.859626, 1.556783, 0.962145, 12.137238
-11.859277, 0.000000, 1.832359, 13.895679
-11.565942, 1.518232, 2.814957, 12.839655
-11.038601, 1.449009, 4.477684, 13.613721
-10.887267, 0.000000, 5.046525, 15.176286
-10.367446, 1.360908, 5.887613, 14.386207
-10.986028, 3.036463, 3.753275, 11.869701
-10.160586, 4.447229, 4.580898, 11.066409
-10.670349, 4.670349, 2.886434, 9.995717
-10.955790, 4.795284, -0.987883, 8.316151
-11.566335, 3.196856, 0.000000, 10.246263
-10.955790, 4.795284, 0.987883, 9.029728
-7.248521, -9.526359, -0.841088, 23.811298
-7.248521, -9.526359, 0.841088, 24.253749
-8.271239, -8.694055, 0.000000, 22.769155
-9.246289, -7.591159, 0.938319, 21.562070
-9.028127, -7.412048, 2.748538, 21.947540
-10.075711, -6.227132, 1.924289, 20.231491
-9.246289, -7.591159, -0.938319, 21.104023
-10.075711, -6.227132, -1.924289, 19.309296
-9.028127, -7.412048, -2.748538, 20.606504
-10.670349, -4.670349, 2.886434, 18.849556
-10.160586, -4.447229, 4.580898, 19.287323
-10.986028, -3.036463, 3.753275, 17.501989
-11.038601, -1.449009, 4.477684, 16.262719
-10.367446, -1.360908, 5.887613, 16.831066
-11.565942, -1.518232, 2.814957, 15.674937
-11.859626, -1.556783, 0.962145, 15.112420
-11.859626, -1.556783, -0.962145, 14.626263
-11.565942, -1.518232, -2.814957, 14.255715
-11.038601, -1.449009, -4.477684, 14.013848
-10.367446, -1.360908, -5.887613, 13.887815
-10.986028, -3.036463, -3.753275, 15.674937
-10.160586, -4.447229, -4.580898, 17.092609
-10.670349, -4.670349, -2.886434, 17.467621
-10.955790, -4.795284, 0.987883, 18.377511
-11.566335, -3.196856, 0.000000, 16.474465
-10.955790, -4.795284, -0.987883, 17.904735
7.248521, 9.526359, -0.841088, 13.445362
7.248521, 9.526359, 0.841088, 13.887814
8.271239, 8.694055, 0.000000, 14.929957
9.246289, 7.591159, 0.938319, 16.595089
9.028127, 7.412048, 2.748538, 17.092608
10.075711, 6.227132, 1.924289, 18.389816
9.246289, 7.591159, -0.938319, 16.137042
10.075711, 6.227132, -1.924289, 17.467621
9.028127, 7.412048, -2.748538, 15.751572
10.670349, 4.670349, 2.886434, 20.231491
10.160586, 4.447229, 4.580898, 20.606503
10.986028, 3.036463, 3.753275, 22.024175
11.038601, 1.449009, 4.477684, 23.685264
10.367446, 1.360908, 5.887613, 23.811297
10.887267, 0.000000, 5.046525, 25.163890
11.565942, 1.518232, 2.814957, 23.443397
11.859277, 0.000000, 1.832359, 24.777424
11.859626, 1.556783, 0.962145, 23.072848
11.859626, 1.556783, -0.962145, 22.586692
11.859277, 0.000000, -1.832359, 23.803433
11.565942, 1.518232, -2.814957, 22.024175
11.038601, 1.449009, -4.477684, 21.436393
10.887267, 0.000000, -5.046525, 22.522826
10.367446, 1.360908, -5.887613, 20.868046
10.986028, 3.036463, -3.753275, 20.197123
10.160586, 4.447229, -4.580898, 18.411789
10.670349, 4.670349, -2.886434, 18.849556
10.955790, 4.795284, 0.987883, 19.794377
11.566335, 3.196856, 0.000000, 21.224646
10.955790, 4.795284, -0.987883, 19.321600
7.248521, -9.526359, 0.841088, 34.767012
7.248521, -9.526359, -0.841088, 33.410454
8.271239, -8.694055, 0.000000, 33.227121
9.246289, -7.591159, -0.938319, 31.493554
9.028127, -7.412048, -2.748538, 30.225749
10.075711, -6.227132, -1.924289, 29.623879
9.246289, -7.591159, 0.938319, 32.471301
10.075711, -6.227132, 1.924289, 31.239936
9.028127, -7.412048, 2.748538, 32.918136
10.670349, -4.670349, -2.886434, 27.703395
10.160586, -4.447229, -4.580898, 26.632702
10.986028, -3.036463, -3.753275, 25.829411
11.038601, -1.449009, -4.477684, 24.085391
10.367446, -1.360908, -5.887613, 23.312905
11.565942, -1.518232, -2.814957, 24.859456
11.859626, -1.556783, -0.962145, 25.561874
11.859626, -1.556783, 0.962145, 26.112239
11.565942, -1.518232, 2.814957, 26.455153
11.038601, -1.449009, 4.477684, 26.584475
10.367446, -1.360908, 5.887613, 26.538759
10.986028, -3.036463, 3.753275, 28.134553
10.160586, -4.447229, 4.580898, 29.709649
10.670349, -4.670349, 2.886434, 29.732081
10.955790, -4.795284, -0.987883, 28.669384
11.566335, -3.196856, 0.000000, 27.452849
10.955790, -4.795284, 0.987883, 29.382961
-2.344546, 6.822230, 9.589592, 14.081618
-3.394869, 7.728057, 8.529477, 12.398672
-4.443217, 8.518928, 7.189277, 10.603173
-3.974782, 6.209826, 9.467796, 13.840010
-5.632493, 5.405362, 9.113566, 13.704521
-5.405361, 9.113564, 5.632493, 8.786629
-6.209826, 9.467797, 3.974782, 7.059542
-6.822230, 9.589592, 2.344546, 5.529268
-7.728057, 8.529477, 3.394869, 7.059542
-8.518928, 7.189277, 4.443217, 8.786629
-9.113566, 5.632493, 5.405362, 10.603173
-9.467797, 3.974782, 6.209826, 12.398672
-9.589592, 2.344546, 6.822230, 14.081618
-8.529477, 3.394869, 7.728057, 13.840010
-7.189277, 4.443217, 8.518928, 13.704521
-6.160505, 7.758934, 6.771051, 10.337301
-7.758934, 6.771051, 6.160505, 10.337300
-6.771051, 6.160505, 7.758934, 12.017121
2.344546, 6.822230, 9.589592, 16.262719
3.974782, 6.209826, 9.467796, 17.501989
5.632493, 5.405362, 9.113566, 18.849556
3.394869, 7.728057, 8.529477, 15.674936
4.443217, 8.518928, 7.189277, 15.112420
7.189277, 4.443217, 8.518928, 20.231490
8.529477, 3.394869, 7.728057, 21.562069
9.589592, 2.344546, 6.822230, 22.769154
9.467797, 3.974782, 6.209826, 21.104022
9.113566, 5.632493, 5.405362, 19.309296
8.518928, 7.189277, 4.443217, 17.467621
7.728057, 8.529477, 3.394869, 15.674936
6.822230, 9.589592, 2.344546, 14.013847
6.209826, 9.467797, 3.974782, 14.255714
5.405361, 9.113564, 5.632493, 14.626263
6.771051, 6.160505, 7.758934, 18.377511
7.758934, 6.771051, 6.160505, 17.904734
6.160505, 7.758934, 6.771051, 16.474465
-2.344546, 6.822230, -9.589592, 8.327681
-3.974782, 6.209826, -9.467796, 8.068436
-5.632493, 5.405362, -9.113566, 8.141498
-3.394869, 7.728057, -8.529477, 6.621065
-4.443217, 8.518928, -7.189277, 4.814985
-7.189277, 4.443217, -8.518928, 8.584100
-8.529477, 3.394869, -7.728057, 9.322802
-9.589592, 2.344546, -6.822230, 10.222967
-9.467797, 3.974782, -6.209826, 8.503416
-9.113566, 5.632493, -5.405362, 6.667803
-8.518928, 7.189277, -4.443217, 4.814985
-7.728057, 8.529477, -3.394869, 3.089737
-6.822230, 9.589592, -2.344546, 1.777949
-6.209826, 9.467797, -3.974782, 1.688136
-5.405361, 9.113564, -5.632493, 3.047849
-6.771051, 6.160505, -7.758934, 6.703636
-7.758934, 6.771051, -6.160505, 5.505469
-6.160505, 7.758934, -6.771051, 4.805119
2.344546, 6.822230, -9.589592, 11.192530
3.394869, 7.728057, -8.529477, 11.112102
4.443217, 8.518928, -7.189277, 11.237892
3.974782, 6.209826, -9.467796, 12.718688
5.632493, 5.405362, -9.113566, 14.394248
5.405361, 9.113564, -5.632493, 11.586872
6.209826, 9.467797, -3.974782, 12.121269
6.822230, 9.589592, -2.344546, 12.766444
7.728057, 8.529477, -3.394869, 13.955523
8.518928, 7.189277, -4.443217, 15.296406
9.113566, 5.632493, -5.405362, 16.715754
9.467797, 3.974782, -6.209826, 18.123837
9.589592, 2.344546, -6.822230, 19.441012
8.529477, 3.394869, -7.728057, 17.846079
7.189277, 4.443217, -8.518928, 16.135778
6.160505, 7.758934, -6.771051, 13.029871
7.758934, 6.771051, -6.160505, 14.891382
6.771051, 6.160505, -7.758934, 14.581697
-2.344546, -6.822230, -9.589592, 21.436393
-3.394869, -7.728057, -8.529477, 22.024176
-4.443217, -8.518928, -7.189277, 22.586692
-3.974782, -6.209826, -9.467796, 20.197123
-5.632493, -5.405362, -9.113566, 18.849556
-5.405361, -9.113564, -5.632493, 23.072849
-6.209826, -9.467797, -3.974782, 23.443398
-6.822230, -9.589592, -2.344546, 23.685265
-7.728057, -8.529477, -3.394869, 22.024176
-8.518928, -7.189277, -4.443217, 20.231491
-9.113566, -5.632493, -5.405362, 18.389816
-9.467797, -3.974782, -6.209826, 16.595090
-9.589592, -2.344546, -6.822230, 14.929958
-8.529477, -3.394869, -7.728057, 16.137043
-7.189277, -4.443217, -8.518928, 17.467622
-6.160505, -7.758934, -6.771051, 21.224647
-7.758934, -6.771051, -6.160505, 19.794378
-6.771051, -6.160505, -7.758934, 19.321601
2.344546, -6.822230, -9.589592, 23.617494
3.974782, -6.209826, -9.467796, 23.859101
5.632493, -5.405362, -9.113566, 23.994590
3.394869, -7.728057, -8.529477, 25.300440
4.443217, -8.518928, -7.189277, 27.095939
7.189277, -4.443217, -8.518928, 23.994591
8.529477, -3.394869, -7.728057, 23.859102
9.589592, -2.344546, -6.822230, 23.617494
9.467797, -3.974782, -6.209826, 25.300440
9.113566, -5.632493, -5.405362, 27.095939
8.518928, -7.189277, -4.443217, 28.912483
7.728057, -8.529477, -3.394869, 30.639569
6.822230, -9.589592, -2.344546, 32.169844
6.209826, -9.467797, -3.974782, 30.639570
5.405361, -9.113564, -5.632493, 28.912483
6.771051, -6.160505, -7.758934, 25.681991
7.758934, -6.771051, -6.160505, 27.361811
6.160505, -7.758934, -6.771051, 27.361811
-2.344546, -6.822230, 9.589592, 26.506582
-3.974782, -6.209826, 9.467796, 24.980424
-5.632493, -5.405362, 9.113566, 23.304864
-3.394869, -7.728057, 8.529477, 26.587009
-4.443217, -8.518928, 7.189277, 26.461220
-7.189277, -4.443217, 8.518928, 21.563334
-8.529477, -3.394869, 7.728057, 19.853033
-9.589592, -2.344546, 6.822230, 18.258100
-9.467797, -3.974782, 6.209826, 19.575275
-9.113566, -5.632493, 5.405362, 20.983358
-8.518928, -7.189277, 4.443217, 22.402706
-7.728057, -8.529477, 3.394869, 23.743589
-6.822230, -9.589592, 2.344546, 24.932668
-6.209826, -9.467797, 3.974782, 25.577843
-5.405361, -9.113564, 5.632493, 26.112240
-6.771051, -6.160505, 7.758934, 23.117415
-7.758934, -6.771051, 6.160505, 22.807730
-6.160505, -7.758934, 6.771051, 24.669241
2.344546, -6.822230, 9.589592, 29.371431
3.394869, -7.728057, 8.529477, 31.078047
4.443217, -8.518928, 7.189277, 32.884127
3.974782, -6.209826, 9.467796, 29.630676
5.632493, -5.405362, 9.113566, 29.557614
5.405361, -9.113564, 5.632493, 34.651262
6.209826, -9.467797, 3.974782, 36.010976
6.822230, -9.589592, 2.344546, 35.921163
7.728057, -8.529477, 3.394869, 34.609375
8.518928, -7.189277, 4.443217, 32.884127
9.113566, -5.632493, 5.405362, 31.031309
9.467797, -3.974782, 6.209826, 29.195696
9.589592, -2.344546, 6.822230, 27.476145
8.529477, -3.394869, 7.728057, 28.376310
7.189277, -4.443217, 8.518928, 29.115012
6.160505, -7.758934, 6.771051, 32.893993
7.758934, -6.771051, 6.160505, 32.193643
6.771051, -6.160505, 7.758934, 30.995476

graph:
0, 162, 1.433503
0, 163, 1.433503
0, 274, 1.433503
0, 275, 1.433503
0, 304, 1.433503
1, 192, 1.433503
1, 193, 1.433503
1, 218, 1.433503
1, 219, 1.433503
1, 248, 1.433503
2, 240, 1.433503
2, 241, 1.433503
2, 258, 1.433503
2, 330, 1.433503
2, 331, 1.433503
3, 175, 1.433503
3, 176, 1.433503
3, 211, 1.433503
3, 386, 1.433503
3, 387, 1.433503
4, 343, 1.433503
4, 344, 1.433503
4, 379, 1.433503
4, 416, 1.433503
4, 417, 1.433503
5, 184, 1.433503
5, 185, 1.433503
5, 205, 1.433503
5, 442, 1.433503
5, 443, 1.433503
6, 352, 1.433503
6, 353, 1.433503
6, 373, 1.433503
6, 472, 1.433503
6, 473, 1.433503
7, 296, 1.433503
7, 297, 1.433503
7, 314, 1.433503
7, 360, 1.433503
7, 361, 1.433503
8, 266, 1.433503
8, 267, 1.433503
8, 455, 1.433503
8, 456, 1.433503
8, 491, 1.433503
9, 231, 1.433503
9, 232, 1.433503
9, 408, 1.433503
9, 409, 1.433503
9, 429, 1.433503
10, 322, 1.433503
10, 323, 1.433503
10, 399, 1.433503
10, 400, 1.433503
10, 435, 1.433503
11, 287, 1.433503
11, 288, 1.433503
11, 464, 1.433503
11, 465, 1.433503
11, 485, 1.433503
12, 169, 1.835484
12, 170, 1.837755
12, 187, 1.837755
12, 188, 1.835484
12, 554, 1.835484
12, 557, 1.835484
13, 166, 1.837755
13, 167, 1.835484
13, 171, 1.835484
13, 172, 1.837755
13, 538, 1.835484
13, 548, 1.835484
14, 178, 1.837755
14, 179, 1.835484
14, 180, 1.835484
14, 181, 1.837755
14, 207, 1.835484
14, 208, 1.835484
15, 199, 1.835484
15, 200, 1.837755
15, 213, 1.837755
15, 214, 1.835484
15, 500, 1.835484
15, 503, 1.835484
16, 196, 1.837755
16, 197, 1.835484
16, 201, 1.835484
16, 202, 1.837755
16, 520, 1.835484
16, 530, 1.835484
17, 225, 1.835484
17, 226, 1.837755
17, 243, 1.837755
17, 244, 1.835484
17, 251, 1.835484
17, 255, 1.835484
18, 222, 1.837754
18, 223, 1.835484
18, 227, 1.835484
18, 228, 1.837755
18, 502, 1.835484
18, 512, 1.835484
19, 234, 1.837755
19, 235, 1.835484
19, 236, 1.835484
19, 237, 1.837754
19, 608, 1.835484
19, 611, 1.835484
20, 253, 1.835484
20, 254, 1.837754
20, 269, 1.837755
20, 270, 1.835484
20, 518, 1.835484
20, 521, 1.835484
21, 260, 1.837754
21, 261, 1.835484
21, 262, 1.835484
21, 263, 1.837755
21, 628, 1.835484
21, 638, 1.835484
22, 281, 1.835484
22, 282, 1.837755
22, 299, 1.837755
22, 300, 1.835484
22, 307, 1.835484
22, 311, 1.835484
23, 278, 1.837754
23, 279, 1.835484
23, 283, 1.835484
23, 284, 1.837755
23, 556, 1.835484
23, 566, 1.835484
24, 290, 1.837755
24, 291, 1.835484
24, 292, 1.835484
24, 293, 1.837754
24, 590, 1.835484
24, 593, 1.835484
25, 309, 1.835484
25, 310, 1.837754
25, 325, 1.837755
25, 326, 1.835484
25, 536, 1.835484
25, 539, 1.835484
26, 316, 1.837754
26, 317, 1.835484
26, 318, 1.835484
26, 319, 1.837755
26, 574, 1.835484
26, 584, 1.835484
27, 337, 1.835484
27, 338, 1.837755
27, 355, 1.837755
27, 356, 1.835484
27, 626, 1.835484
27, 629, 1.835484
28, 334, 1.837755
28, 335, 1.835484
28, 339, 1.835484
28, 340, 1.837755
28, 610, 1.835484
28, 620, 1.835484
29, 346, 1.837755
29, 347, 1.835484
29, 348, 1.835484
29, 349, 1.837755
29, 375, 1.835484
29, 376, 1.835484
30, 367, 1.835484
30, 368, 1.837755
30, 381, 1.837755
30, 382, 1.835484
30, 572, 1.835484
30, 575, 1.835484
31, 364, 1.837755
31, 365, 1.835484
31, 369, 1.835484
31, 370, 1.837755
31, 592, 1.835484
31, 602, 1.835484
32, 393, 1.835484
32, 394, 1.837755
32, 411, 1.837754
32, 412, 1.835484
32, 507, 1.835484
32, 508, 1.835484
33, 390, 1.837755
33, 391, 1.835484
33, 395, 1.835484
33, 396, 1.837754
33, 543, 1.835484
33, 544, 1.835484
34, 402, 1.837755
34, 403, 1.835484
34, 404, 1.835484
34, 405, 1.837755
34, 431, 1.835484
34, 432, 1.835484
35, 423, 1.835484
35, 424, 1.837755
35, 437, 1.837754
35, 438, 1.835484
35, 579, 1.835484
35, 580, 1.835484
36, 420, 1.837755
36, 421, 1.835484
36, 425, 1.835484
36, 426, 1.837754
36, 615, 1.835484
36, 616, 1.835484
37, 449, 1.835484
37, 450, 1.837755
37, 467, 1.837754
37, 468, 1.835484
37, 561, 1.835484
37, 562, 1.835484
38, 446, 1.837755
38, 447, 1.835484
38, 451, 1.835484
38, 452, 1.837754
38, 525, 1.835484
38, 526, 1.835484
39, 458, 1.837755
39, 459, 1.835484
39, 460, 1.835484
39, 461, 1.837755
39, 487, 1.835484
39, 488, 1.835484
40, 479, 1.835484
40, 480, 1.837755
40, 493, 1.837754
40, 494, 1.835484
40, 633, 1.835484
40, 634, 1.835484
41, 476, 1.837755
41, 477, 1.835484
41, 481, 1.835484
41, 482, 1.837754
41, 597, 1.835484
41, 598, 1.835484
42, 162, 1.610820
42, 164, 1.776323
42, 168, 1.686745
42, 170, 1.755379
42, 552, 1.776323
42, 553, 1.686744
43, 163, 1.610820
43, 164, 1.776323
43, 165, 1.686745
43, 166, 1.755379
43, 534, 1.776323
43, 537, 1.686744
44, 165, 1.857276
44, 167, 1.930545
44, 168, 1.857276
44, 169, 1.930545
44, 189, 1.956026
44, 191, 1.956026
45, 171, 1.930545
45, 173, 1.857277
45, 177, 1.857277
45, 179, 1.930545
45, 189, 1.956025
45, 190, 1.956025
46, 172, 1.755379
46, 173, 1.686744
46, 174, 1.776323
46, 175, 1.610820
46, 546, 1.776323
46, 547, 1.686744
47, 174, 1.776323
47, 176, 1.610820
47, 177, 1.686745
47, 178, 1.755379
47, 209, 1.686745
47, 210, 1.776323
48, 180, 1.930545
48, 182, 1.857277
48, 186, 1.857277
48, 188, 1.930545
48, 190, 1.956025
48, 191, 1.956025
49, 181, 1.755379
49, 182, 1.686745
49, 183, 1.776323
49, 184, 1.610820
49, 204, 1.776323
49, 206, 1.686745
50, 183, 1.776323
50, 185, 1.610820
50, 186, 1.686744
50, 187, 1.755379
50, 558, 1.686744
50, 559, 1.776323
51, 192, 1.610820
51, 194, 1.776323
51, 198, 1.686745
51, 200, 1.755379
51, 498, 1.776323
51, 499, 1.686744
52, 193, 1.610820
52, 194, 1.776323
52, 195, 1.686745
52, 196, 1.755379
52, 516, 1.776323
52, 519, 1.686744
53, 195, 1.857276
53, 197, 1.930545
53, 198, 1.857276
53, 199, 1.930545
53, 215, 1.956026
53, 217, 1.956026
54, 201, 1.930545
54, 203, 1.857277
54, 206, 1.857277
54, 207, 1.930545
54, 215, 1.956025
54, 216, 1.956025
55, 202, 1.755379
55, 203, 1.686744
55, 204, 1.776323
55, 205, 1.610820
55, 528, 1.776323
55, 529, 1.686744
56, 208, 1.930545
56, 209, 1.857277
56, 212, 1.857277
56, 214, 1.930545
56, 216, 1.956025
56, 217, 1.956025
57, 210, 1.776323
57, 211, 1.610820
57, 212, 1.686744
57, 213, 1.755379
57, 504, 1.686744
57, 505, 1.776323
58, 218, 1.610820
58, 220, 1.776323
58, 224, 1.686744
58, 226, 1.755379
58, 249, 1.776323
58, 250, 1.686744
59, 219, 1.610820
59, 220, 1.776323
59, 221, 1.686744
59, 222, 1.755379
59, 498, 1.776323
59, 501, 1.686745
60, 221, 1.857277
60, 223, 1.930545
60, 224, 1.857276
60, 225, 1.930545
60, 245, 1.956025
60, 247, 1.956025
61, 227, 1.930545
61, 229, 1.857276
61, 233, 1.857276
61, 235, 1.930545
61, 245, 1.956026
61, 246, 1.956026
62, 228, 1.755379
62, 229, 1.686745
62, 230, 1.776323
62, 231, 1.610820
62, 510, 1.776323
62, 511, 1.686744
63, 230, 1.776323
63, 232, 1.610820
63, 233, 1.686745
63, 234, 1.755379
63, 612, 1.686744
63, 613, 1.776323
64, 236, 1.930545
64, 238, 1.857277
64, 242, 1.857276
64, 244, 1.930545
64, 246, 1.956025
64, 247, 1.956025
65, 237, 1.755379
65, 238, 1.686744
65, 239, 1.776323
65, 240, 1.610820
65, 606, 1.776323
65, 607, 1.686745
66, 239, 1.776323
66, 241, 1.610820
66, 242, 1.686744
66, 243, 1.755379
66, 256, 1.686744
66, 257, 1.776323
67, 248, 1.610820
67, 249, 1.776323
67, 252, 1.686744
67, 254, 1.755379
67, 516, 1.776323
67, 517, 1.686745
68, 250, 1.857276
68, 251, 1.930545
68, 252, 1.857277
68, 253, 1.930545
68, 271, 1.956025
68, 273, 1.956025
69, 255, 1.930545
69, 256, 1.857276
69, 259, 1.857277
69, 261, 1.930545
69, 271, 1.956025
69, 272, 1.956025
70, 257, 1.776323
70, 258, 1.610820
70, 259, 1.686744
70, 260, 1.755379
70, 624, 1.776323
70, 627, 1.686745
71, 262, 1.930545
71, 264, 1.857276
71, 268, 1.857276
71, 270, 1.930545
71, 272, 1.956026
71, 273, 1.956026
72, 263, 1.755379
72, 264, 1.686745
72, 265, 1.776323
72, 266, 1.610820
72, 636, 1.776323
72, 637, 1.686744
73, 265, 1.776323
73, 267, 1.610820
73, 268, 1.686745
73, 269, 1.755379
73, 522, 1.686744
73, 523, 1.776323
74, 274, 1.610820
74, 276, 1.776323
74, 280, 1.686744
74, 282, 1.755379
74, 305, 1.776323
74, 306, 1.686744
75, 275, 1.610820
75, 276, 1.776323
75, 277, 1.686744
75, 278, 1.755379
75, 552, 1.776323
75, 555, 1.686745
76, 277, 1.857277
76, 279, 1.930545
76, 280, 1.857276
76, 281, 1.930545
76, 301, 1.956025
76, 303, 1.956025
77, 283, 1.930545
77, 285, 1.857276
77, 289, 1.857276
77, 291, 1.930545
77, 301, 1.956026
77, 302, 1.956026
78, 284, 1.755379
78, 285, 1.686745
78, 286, 1.776323
78, 287, 1.610820
78, 564, 1.776323
78, 565, 1.686744
79, 286, 1.776323
79, 288, 1.610820
79, 289, 1.686745
79, 290, 1.755379
79, 594, 1.686744
79, 595, 1.776323
80, 292, 1.930545
80, 294, 1.857277
80, 298, 1.857276
80, 300, 1.930545
80, 302, 1.956025
80, 303, 1.956025
81, 293, 1.755379
81, 294, 1.686744
81, 295, 1.776323
81, 296, 1.610820
81, 588, 1.776323
81, 589, 1.686745
82, 295, 1.776323
82, 297, 1.610820
82, 298, 1.686744
82, 299, 1.755379
82, 312, 1.686744
82, 313, 1.776323
83, 304, 1.610820
83, 305, 1.776323
83, 308, 1.686744
83, 310, 1.755379
83, 534, 1.776323
83, 535, 1.686745
84, 306, 1.857276
84, 307, 1.930545
84, 308, 1.857277
84, 309, 1.930545
84, 327, 1.956025
84, 329, 1.956025
85, 311, 1.930545
85, 312, 1.857276
85, 315, 1.857277
85, 317, 1.930545
85, 327, 1.956025
85, 328, 1.956025
86, 313, 1.776323
86, 314, 1.610820
86, 315, 1.686744
86, 316, 1.755379
86, 570, 1.776323
86, 573, 1.686745
87, 318, 1.930545
87, 320, 1.857276
87, 324, 1.857276
87, 326, 1.930545
87, 328, 1.956026
87, 329, 1.956026
88, 319, 1.755379
88, 320, 1.686745
88, 321, 1.776323
88, 322, 1.610820
88, 582, 1.776323
88, 583, 1.686744
89, 321, 1.776323
89, 323, 1.610820
89, 324, 1.686745
89, 325, 1.755379
89, 540, 1.686744
89, 541, 1.776323
90, 330, 1.610820
90, 332, 1.776323
90, 336, 1.686745
90, 338, 1.755379
90, 624, 1.776323
90, 625, 1.686744
91, 331, 1.610820
91, 332, 1.776323
91, 333, 1.686745
91, 334, 1.755379
91, 606, 1.776323
91, 609, 1.686744
92, 333, 1.857276
92, 335, 1.930545
92, 336, 1.857276
92, 337, 1.930545
92, 357, 1.956026
92, 359, 1.956026
93, 339, 1.930545
93, 341, 1.857277
93, 345, 1.857277
93, 347, 1.930545
93, 357, 1.956025
93, 358, 1.956025
94, 340, 1.755379
94, 341, 1.686744
94, 342, 1.776323
94, 343, 1.610820
94, 618, 1.776323
94, 619, 1.686744
95, 342, 1.776323
95, 344, 1.610820
95, 345, 1.686745
95, 346, 1.755379
95, 377, 1.686745
95, 378, 1.776323
96, 348, 1.930545
96, 350, 1.857277
96, 354, 1.857277
96, 356, 1.930545
96, 358, 1.956025
96, 359, 1.956025
97, 349, 1.755379
97, 350, 1.686745
97, 351, 1.776323
97, 352, 1.610820
97, 372, 1.776323
97, 374, 1.686745
98, 351, 1.776323
98, 353, 1.610820
98, 354, 1.686744
98, 355, 1.755379
98, 630, 1.686744
98, 631, 1.776323
99, 360, 1.610820
99, 362, 1.776323
99, 366, 1.686745
99, 368, 1.755379
99, 570, 1.776323
99, 571, 1.686744
100, 361, 1.610820
100, 362, 1.776323
100, 363, 1.686745
100, 364, 1.755379
100, 588, 1.776323
100, 591, 1.686744
101, 363, 1.857276
101, 365, 1.930545
101, 366, 1.857276
101, 367, 1.930545
101, 383, 1.956026
101, 385, 1.956026
102, 369, 1.930545
102, 371, 1.857277
102, 374, 1.857277
102, 375, 1.930545
102, 383, 1.956025
102, 384, 1.956025
103, 370, 1.755379
103, 371, 1.686744
103, 372, 1.776323
103, 373, 1.610820
103, 600, 1.776323
103, 601, 1.686744
104, 376, 1.930545
104, 377, 1.857277
104, 380, 1.857277
104, 382, 1.930545
104, 384, 1.956025
104, 385, 1.956025
105, 378, 1.776323
105, 379, 1.610820
105, 380, 1.686744
105, 381, 1.755379
105, 576, 1.686744
105, 577, 1.776323
106, 386, 1.610820
106, 388, 1.776323
106, 392, 1.686745
106, 394, 1.755379
106, 505, 1.776323
106, 506, 1.686744
107, 387, 1.610820
107, 388, 1.776323
107, 389, 1.686745
107, 390, 1.755379
107, 545, 1.686744
107, 546, 1.776323
108, 389, 1.857276
108, 391, 1.930545
108, 392, 1.857276
108, 393, 1.930545
108, 413, 1.956026
108, 415, 1.956026
109, 395, 1.930545
109, 397, 1.857277
109, 401, 1.857277
109, 403, 1.930545
109, 413, 1.956025
109, 414, 1.956025
110, 396, 1.755379
110, 397, 1.686744
110, 398, 1.776323
110, 399, 1.610820
110, 541, 1.776323
110, 542, 1.686744
111, 398, 1.776323
111, 400, 1.610820
111, 401, 1.686745
111, 402, 1.755379
111, 433, 1.686745
111, 434, 1.776323
112, 404, 1.930545
112, 406, 1.857277
112, 410, 1.857277
112, 412, 1.930545
112, 414, 1.956025
112, 415, 1.956025
113, 405, 1.755379
113, 406, 1.686745
113, 407, 1.776323
113, 408, 1.610820
113, 428, 1.776323
113, 430, 1.686745
114, 407, 1.776323
114, 409, 1.610820
114, 410, 1.686744
114, 411, 1.755379
114, 509, 1.686744
114, 510, 1.776323
115, 416, 1.610820
115, 418, 1.776323
115, 422, 1.686745
115, 424, 1.755379
115, 577, 1.776323
115, 578, 1.686744
116, 417, 1.610820
116, 418, 1.776323
116, 419, 1.686745
116, 420, 1.755379
116, 617, 1.686744
116, 618, 1.776323
117, 419, 1.857276
117, 421, 1.930545
117, 422, 1.857276
117, 423, 1.930545
117, 439, 1.956026
117, 441, 1.956026
118, 425, 1.930545
118, 427, 1.857277
118, 430, 1.857277
118, 431, 1.930545
118, 439, 1.956025
118, 440, 1.956025
119, 426, 1.755379
119, 427, 1.686744
119, 428, 1.776323
119, 429, 1.610820
119, 613, 1.776323
119, 614, 1.686744
120, 432, 1.930545
120, 433, 1.857277
120, 436, 1.857277
120, 438, 1.930545
120, 440, 1.956025
120, 441, 1.956025
121, 434, 1.776323
121, 435, 1.610820
121, 436, 1.686744
121, 437, 1.755379
121, 581, 1.686744
121, 582, 1.776323
122, 442, 1.610820
122, 444, 1.776323
122, 448, 1.686745
122, 450, 1.755379
122, 559, 1.776323
122, 560, 1.686744
123, 443, 1.610820
123, 444, 1.776323
123, 445, 1.686745
123, 446, 1.755379
123, 527, 1.686744
123, 528, 1.776323
124, 445, 1.857276
124, 447, 1.930545
124, 448, 1.857276
124, 449, 1.930545
124, 469, 1.956026
124, 471, 1.956026
125, 451, 1.930545
125, 453, 1.857277
125, 457, 1.857277
125, 459, 1.930545
125, 469, 1.956025
125, 470, 1.956025
126, 452, 1.755379
126, 453, 1.686744
126, 454, 1.776323
126, 455, 1.610820
126, 523, 1.776323
126, 524, 1.686744
127, 454, 1.776323
127, 456, 1.610820
127, 457, 1.686745
127, 458, 1.755379
127, 489, 1.686745
127, 490, 1.776323
128, 460, 1.930545
128, 462, 1.857277
128, 466, 1.857277
128, 468, 1.930545
128, 470, 1.956025
128, 471, 1.956025
129, 461, 1.755379
129, 462, 1.686745
129, 463, 1.776323
129, 464, 1.610820
129, 484, 1.776323
129, 486, 1.686745
130, 463, 1.776323
130, 465, 1.610820
130, 466, 1.686744
130, 467, 1.755379
130, 563, 1.686744
130, 564, 1.776323
131, 472, 1.610820
131, 474, 1.776323
131, 478, 1.686745
131, 480, 1.755379
131, 631, 1.776323
131, 632, 1.686744
132, 473, 1.610820
132, 474, 1.776323
132, 475, 1.686745
132, 476, 1.755379
132, 599, 1.686744
132, 600, 1.776323
133, 475, 1.857276
133, 477, 1.930545
133, 478, 1.857276
133, 479, 1.930545
133, 495, 1.956026
133, 497, 1.956026
134, 481, 1.930545
134, 483, 1.857277
134, 486, 1.857277
134, 487, 1.930545
134, 495, 1.956025
134, 496, 1.956025
135, 482, 1.755379
135, 483, 1.686744
135, 484, 1.776323
135, 485, 1.610820
135, 595, 1.776323
135, 596, 1.686744
136, 488, 1.930545
136, 489, 1.857277
136, 492, 1.857277
136, 494, 1.930545
136, 496, 1.956025
136, 497, 1.956025
137, 490, 1.776323
137, 491, 1.610820
137, 492, 1.686744
137, 493, 1.755379
137, 635, 1.686744
137, 636, 1.776323
138, 499, 1.857276
138, 500, 1.930545
138, 501, 1.857276
138, 502, 1.930545
138, 513, 1.956025
138, 515, 1.956026
139, 503, 1.930545
139, 504, 1.857276
139, 506, 1.857276
139, 507, 1.930545
139, 513, 1.956026
139, 514, 1.956025
140, 508, 1.930545
140, 509, 1.857277
140, 511, 1.857276
140, 512, 1.930545
140, 514, 1.956026
140, 515, 1.956025
141, 517, 1.857276
141, 518, 1.930545
141, 519, 1.857276
141, 520, 1.930545
141, 531, 1.956026
141, 533, 1.956025
142, 521, 1.930545
142, 522, 1.857276
142, 524, 1.857277
142, 525, 1.930545
142, 531, 1.956025
142, 532, 1.956026
143, 526, 1.930545
143, 527, 1.857276
143, 529, 1.857276
143, 530, 1.930545
143, 532, 1.956025
143, 533, 1.956026
144, 535, 1.857276
144, 536, 1.930545
144, 537, 1.857276
144, 538, 1.930545
144, 549, 1.956026
144, 551, 1.956025
145, 539, 1.930545
145, 540, 1.857276
145, 542, 1.857277
145, 543, 1.930545
145, 549, 1.956025
145, 550, 1.956026
146, 544, 1.930545
146, 545, 1.857276
146, 547, 1.857276
146, 548, 1.930545
146, 550, 1.956025
146, 551, 1.956026
147, 553, 1.857276
147, 554, 1.930545
147, 555, 1.857276
147, 556, 1.930545
147, 567, 1.956025
147, 569, 1.956026
148, 557, 1.930545
148, 558, 1.857276
148, 560, 1.857276
148, 561, 1.930545
148, 567, 1.956026
148, 568, 1.956025
149, 562, 1.930545
149, 563, 1.857277
149, 565, 1.857276
149, 566, 1.930545
149, 568, 1.956026
149, 569, 1.956025
150, 571, 1.857276
150, 572, 1.930545
150, 573, 1.857276
150, 574, 1.930545
150, 585, 1.956025
150, 587, 1.956026
151, 575, 1.930545
151, 576, 1.857276
151, 578, 1.857276
151, 579, 1.930545
151, 585, 1.956026
151, 586, 1.956025
152, 580, 1.930545
152, 581, 1.857277
152, 583, 1.857276
152, 584, 1.930545
152, 586, 1.956026
152, 587, 1.956025
153, 589, 1.857276
153, 590, 1.930545
153, 591, 1.857276
153, 592, 1.930545
153, 603, 1.956026
153, 605, 1.956025
154, 593, 1.930545
154, 594, 1.857276
154, 596, 1.857277
154, 597, 1.930545
154, 603, 1.956025
154, 604, 1.956026
155, 598, 1.930545
155, 599, 1.857276
155, 601, 1.857276
155, 602, 1.930545
155, 604, 1.956025
155, 605, 1.956026
156, 607, 1.857276
156, 608, 1.930545
156, 609, 1.857276
156, 610, 1.930545
156, 621, 1.956026
156, 623, 1.956025
157, 611, 1.930545
157, 612, 1.857276
157, 614, 1.857277
157, 615, 1.930545
157, 621, 1.956025
157, 622, 1.956026
158, 616, 1.930545
158, 617, 1.857276
158, 619, 1.857276
158, 620, 1.930545
158, 622, 1.956025
158, 623, 1.956026
159, 625, 1.857276
159, 626, 1.930545
159, 627, 1.857276
159, 628, 1.930545
159, 639, 1.956025
159, 641, 1.956026
160, 629, 1.930545
160, 630, 1.857276
160, 632, 1.857276
160, 633, 1.930545
160, 639, 1.956026
160, 640, 1.956025
161, 634, 1.930545
161, 635, 1.857277
161, 637, 1.857276
161, 638, 1.930545
161, 640, 1.956026
161, 641, 1.956025
162, 163, 1.682175
162, 164, 1.564005
162, 275, 1.682175
162, 552, 1.564004
163, 164, 1.564005
163, 304, 1.682175
163, 534, 1.564004
164, 165, 1.745721
164, 168, 1.745721
165, 166, 1.832095
165, 167, 1.876339
165, 168, 1.876638
166, 167, 1.783493
166, 537, 1.832095
166, 538, 1.783493
167, 171, 1.924290
167, 189, 1.923950
168, 169, 1.876339
168, 170, 1.832095
169, 170, 1.783493
169, 188, 1.924290
169, 191, 1.923950
170, 553, 1.832095
170, 554, 1.783493
171, 172, 1.783493
171, 173, 1.876339
171, 189, 1.923950
172, 173, 1.832095
172, 547, 1.832094
172, 548, 1.783493
173, 174, 1.745722
173, 177, 1.876638
174, 175, 1.564004
174, 176, 1.564004
174, 177, 1.745722
175, 176, 1.682176
175, 387, 1.682175
175, 546, 1.564004
176, 210, 1.564004
176, 211, 1.682176
177, 178, 1.832095
177, 179, 1.876339
178, 179, 1.783493
178, 208, 1.783493
178, 209, 1.832095
179, 180, 1.924289
179, 190, 1.923950
180, 181, 1.783493
180, 182, 1.876339
180, 190, 1.923950
181, 182, 1.832095
181, 206, 1.832095
181, 207, 1.783493
182, 183, 1.745722
182, 186, 1.876638
183, 184, 1.564004
183, 185, 1.564004
183, 186, 1.745722
184, 185, 1.682176
184, 204, 1.564004
184, 205, 1.682176
185, 442, 1.682175
185, 559, 1.564004
186, 187, 1.832095
186, 188, 1.876339
187, 188, 1.783493
187, 557, 1.783493
187, 558, 1.832094
188, 191, 1.923950
189, 190, 1.975766
189, 191, 1.975766
190, 191, 1.975766
192, 193, 1.682175
192, 194, 1.564005
192, 219, 1.682175
192, 498, 1.564004
193, 194, 1.564005
193, 248, 1.682175
193, 516, 1.564004
194, 195, 1.745721
194, 198, 1.745721
195, 196, 1.832095
195, 197, 1.876339
195, 198, 1.876638
196, 197, 1.783493
196, 519, 1.832095
196, 520, 1.783493
197, 201, 1.924290
197, 215, 1.923950
198, 199, 1.876339
198, 200, 1.832095
199, 200, 1.783493
199, 214, 1.924290
199, 217, 1.923950
200, 499, 1.832095
200, 500, 1.783493
201, 202, 1.783493
201, 203, 1.876339
201, 215, 1.923950
202, 203, 1.832095
202, 529, 1.832094
202, 530, 1.783493
203, 204, 1.745722
203, 206, 1.876638
204, 205, 1.564004
204, 206, 1.745722
205, 443, 1.682175
205, 528, 1.564004
206, 207, 1.876339
207, 208, 1.924289
207, 216, 1.923950
208, 209, 1.876339
208, 216, 1.923950
209, 210, 1.745722
209, 212, 1.876638
210, 211, 1.564004
210, 212, 1.745722
211, 386, 1.682175
211, 505, 1.564004
212, 213, 1.832095
212, 214, 1.876339
213, 214, 1.783493
213, 503, 1.783493
213, 504, 1.832094
214, 217, 1.923950
215, 216, 1.975766
215, 217, 1.975766
216, 217, 1.975766
218, 219, 1.682176
218, 220, 1.564004
218, 248, 1.682176
218, 249, 1.564004
219, 220, 1.564004
219, 498, 1.564004
220, 221, 1.745722
220, 224, 1.745722
221, 222, 1.832095
221, 223, 1.876339
221, 224, 1.876638
222, 223, 1.783493
222, 501, 1.832094
222, 502, 1.783492
223, 227, 1.924290
223, 245, 1.923950
224, 225, 1.876339
224, 226, 1.832095
225, 226, 1.783493
225, 244, 1.924289
225, 247, 1.923950
226, 250, 1.832095
226, 251, 1.783493
227, 228, 1.783493
227, 229, 1.876339
227, 245, 1.923950
228, 229, 1.832095
228, 511, 1.832095
228, 512, 1.783493
229, 230, 1.745722
229, 233, 1.876638
230, 231, 1.564005
230, 232, 1.564005
230, 233, 1.745722
231, 232, 1.682175
231, 409, 1.682175
231, 510, 1.564004
232, 429, 1.682175
232, 613, 1.564004
233, 234, 1.832095
233, 235, 1.876339
234, 235, 1.783493
234, 611, 1.783493
234, 612, 1.832095
235, 236, 1.924290
235, 246, 1.923950
236, 237, 1.783493
236, 238, 1.876339
236, 246, 1.923950
237, 238, 1.832095
237, 607, 1.832094
237, 608, 1.783492
238, 239, 1.745722
238, 242, 1.876638
239, 240, 1.564004
239, 241, 1.564004
239, 242, 1.745722
240, 241, 1.682176
240, 331, 1.682175
240, 606, 1.564004
241, 257, 1.564004
241, 258, 1.682176
242, 243, 1.832095
242, 244, 1.876339
243, 244, 1.783493
243, 255, 1.783493
243, 256, 1.832095
244, 247, 1.923950
245, 246, 1.975766
245, 247, 1.975766
246, 247, 1.975766
248, 249, 1.564004
248, 516, 1.564004
249, 250, 1.745722
249, 252, 1.745722
250, 251, 1.876339
250, 252, 1.876638
251, 255, 1.924289
251, 271, 1.923950
252, 253, 1.876339
252, 254, 1.832095
253, 254, 1.783493
253, 270, 1.924290
253, 273, 1.923950
254, 517, 1.832094
254, 518, 1.783492
255, 256, 1.876339
255, 271, 1.923950
256, 257, 1.745722
256, 259, 1.876638
257, 258, 1.564004
257, 259, 1.745722
258, 330, 1.682175
258, 624, 1.564004
259, 260, 1.832095
259, 261, 1.876339
260, 261, 1.783493
260, 627, 1.832094
260, 628, 1.783492
261, 262, 1.924290
261, 272, 1.923950
262, 263, 1.783493
262, 264, 1.876339
262, 272, 1.923950
263, 264, 1.832095
263, 637, 1.832095
263, 638, 1.783493
264, 265, 1.745722
264, 268, 1.876638
265, 266, 1.564005
265, 267, 1.564005
265, 268, 1.745722
266, 267, 1.682175
266, 491, 1.682175
266, 636, 1.564004
267, 455, 1.682175
267, 523, 1.564004
268, 269, 1.832095
268, 270, 1.876339
269, 270, 1.783493
269, 521, 1.783493
269, 522, 1.832095
270, 273, 1.923950
271, 272, 1.975766
271, 273, 1.975766
272, 273, 1.975766
274, 275, 1.682176
274, 276, 1.564004
274, 304, 1.682176
274, 305, 1.564004
275, 276, 1.564004
275, 552, 1.564004
276, 277, 1.745722
276, 280, 1.745722
277, 278, 1.832095
277, 279, 1.876339
277, 280, 1.876638
278, 279, 1.783493
278, 555, 1.832094
278, 556, 1.783492
279, 283, 1.924290
279, 301, 1.923950
280, 281, 1.876339
280, 282, 1.832095
281, 282, 1.783493
281, 300, 1.924289
281, 303, 1.923950
282, 306, 1.832095
282, 307, 1.783493
283, 284, 1.783493
283, 285, 1.876339
283, 301, 1.923950
284, 285, 1.832095
284, 565, 1.832095
284, 566, 1.783493
285, 286, 1.745722
285, 289, 1.876638
286, 287, 1.564005
286, 288, 1.564005
286, 289, 1.745722
287, 288, 1.682175
287, 465, 1.682175
287, 564, 1.564004
288, 485, 1.682175
288, 595, 1.564004
289, 290, 1.832095
289, 291, 1.876339
290, 291, 1.783493
290, 593, 1.783493
290, 594, 1.832095
291, 292, 1.924290
291, 302, 1.923950
292, 293, 1.783493
292, 294, 1.876339
292, 302, 1.923950
293, 294, 1.832095
293, 589, 1.832094
293, 590, 1.783492
294, 295, 1.745722
294, 298, 1.876638
295, 296, 1.564004
295, 297, 1.564004
295, 298, 1.745722
296, 297, 1.682176
296, 361, 1.682175
296, 588, 1.564004
297, 313, 1.564004
297, 314, 1.682176
298, 299, 1.832095
298, 300, 1.876339
299, 300, 1.783493
299, 311, 1.783493
299, 312, 1.832095
300, 303, 1.923950
301, 302, 1.975766
301, 303, 1.975766
302, 303, 1.975766
304, 305, 1.564004
304, 534, 1.564004
305, 306, 1.745722
305, 308, 1.745722
306, 307, 1.876339
306, 308, 1.876638
307, 311, 1.924289
307, 327, 1.923950
308, 309, 1.876339
308, 310, 1.832095
309, 310, 1.783493
309, 326, 1.924290
309, 329, 1.923950
310, 535, 1.832094
310, 536, 1.783492
311, 312, 1.876339
311, 327, 1.923950
312, 313, 1.745722
312, 315, 1.876638
313, 314, 1.564004
313, 315, 1.745722
314, 360, 1.682175
314, 570, 1.564004
315, 316, 1.832095
315, 317, 1.876339
316, 317, 1.783493
316, 573, 1.832094
316, 574, 1.783492
317, 318, 1.924290
317, 328, 1.923950
318, 319, 1.783493
318, 320, 1.876339
318, 328, 1.923950
319, 320, 1.832095
319, 583, 1.832095
319, 584, 1.783493
320, 321, 1.745722
320, 324, 1.876638
321, 322, 1.564005
321, 323, 1.564005
321, 324, 1.745722
322, 323, 1.682175
322, 435, 1.682175
322, 582, 1.564004
323, 399, 1.682175
323, 541, 1.564004
324, 325, 1.832095
324, 326, 1.876339
325, 326, 1.783493
325, 539, 1.783493
325, 540, 1.832095
326, 329, 1.923950
327, 328, 1.975766
327, 329, 1.975766
328, 329, 1.975766
330, 331, 1.682175
330, 332, 1.564005
330, 624, 1.564004
331, 332, 1.564005
331, 606, 1.564004
332, 333, 1.745721
332, 336, 1.745721
333, 334, 1.832095
333, 335, 1.876339
333, 336, 1.876638
334, 335, 1.783493
334, 609, 1.832095
334, 610, 1.783493
335, 339, 1.924290
335, 357, 1.923950
336, 337, 1.876339
336, 338, 1.832095
337, 338, 1.783493
337, 356, 1.924290
337, 359, 1.923950
338, 625, 1.832095
338, 626, 1.783493
339, 340, 1.783493
339, 341, 1.876339
339, 357, 1.923950
340, 341, 1.832095
340, 619, 1.832094
340, 620, 1.783493
341, 342, 1.745722
341, 345, 1.876638
342, 343, 1.564004
342, 344, 1.564004
342, 345, 1.745722
343, 344, 1.682176
343, 417, 1.682175
343, 618, 1.564004
344, 378, 1.564004
344, 379, 1.682176
345, 346, 1.832095
345, 347, 1.876339
346, 347, 1.783493
346, 376, 1.783493
346, 377, 1.832095
347, 348, 1.924289
347, 358, 1.923950
348, 349, 1.783493
348, 350, 1.876339
348, 358, 1.923950
349, 350, 1.832095
349, 374, 1.832095
349, 375, 1.783493
350, 351, 1.745722
350, 354, 1.876638
351, 352, 1.564004
351, 353, 1.564004
351, 354, 1.745722
352, 353, 1.682176
352, 372, 1.564004
352, 373, 1.682176
353, 472, 1.682175
353, 631, 1.564004
354, 355, 1.832095
354, 356, 1.876339
355, 356, 1.783493
355, 629, 1.783493
355, 630, 1.832094
356, 359, 1.923950
357, 358, 1.975766
357, 359, 1.975766
358, 359, 1.975766
360, 361, 1.682175
360, 362, 1.564005
360, 570, 1.564004
361, 362, 1.564005
361, 588, 1.564004
362, 363, 1.745721
362, 366, 1.745721
363, 364, 1.832095
363, 365, 1.876339
363, 366, 1.876638
364, 365, 1.783493
364, 591, 1.832095
364, 592, 1.783493
365, 369, 1.924290
365, 383, 1.923950
366, 367, 1.876339
366, 368, 1.832095
367, 368, 1.783493
367, 382, 1.924290
367, 385, 1.923950
368, 571, 1.832095
368, 572, 1.783493
369, 370, 1.783493
369, 371, 1.876339
369, 383, 1.923950
370, 371, 1.832095
370, 601, 1.832094
370, 602, 1.783493
371, 372, 1.745722
371, 374, 1.876638
372, 373, 1.564004
372, 374, 1.745722
373, 473, 1.682175
373, 600, 1.564004
374, 375, 1.876339
375, 376, 1.924289
375, 384, 1.923950
376, 377, 1.876339
376, 384, 1.923950
377, 378, 1.745722
377, 380, 1.876638
378, 379, 1.564004
378, 380, 1.745722
379, 416, 1.682175
379, 577, 1.564004
380, 381, 1.832095
380, 382, 1.876339
381, 382, 1.783493
381, 575, 1.783493
381, 576, 1.832094
382, 385, 1.923950
383, 384, 1.975766
383, 385, 1.975766
384, 385, 1.975766
386, 387, 1.682175
386, 388, 1.564005
386, 505, 1.564004
387, 388, 1.564005
387, 546, 1.564004
388, 389, 1.745721
388, 392, 1.745721
389, 390, 1.832095
389, 391, 1.876339
389, 392, 1.876638
390, 391, 1.783493
390, 544, 1.783493
390, 545, 1.832095
391, 395, 1.924290
391, 413, 1.923950
392, 393, 1.876339
392, 394, 1.832095
393, 394, 1.783493
393, 412, 1.924290
393, 415, 1.923950
394, 506, 1.832095
394, 507, 1.783493
395, 396, 1.783493
395, 397, 1.876339
395, 413, 1.923950
396, 397, 1.832095
396, 542, 1.832094
396, 543, 1.783492
397, 398, 1.745722
397, 401, 1.876638
398, 399, 1.564004
398, 400, 1.564004
398, 401, 1.745722
399, 400, 1.682176
399, 541, 1.564004
400, 434, 1.564004
400, 435, 1.682176
401, 402, 1.832095
401, 403, 1.876339
402, 403, 1.783493
402, 432, 1.783493
402, 433, 1.832095
403, 404, 1.924289
403, 414, 1.923950
404, 405, 1.783493
404, 406, 1.876339
404, 414, 1.923950
405, 406, 1.832095
405, 430, 1.832095
405, 431, 1.783493
406, 407, 1.745722
406, 410, 1.876638
407, 408, 1.564004
407, 409, 1.564004
407, 410, 1.745722
408, 409, 1.682176
408, 428, 1.564004
408, 429, 1.682176
409, 510, 1.564004
410, 411, 1.832095
410, 412, 1.876339
411, 412, 1.783493
411, 508, 1.783492
411, 509, 1.832094
412, 415, 1.923950
413, 414, 1.975766
413, 415, 1.975766
414, 415, 1.975766
416, 417, 1.682175
416, 418, 1.564005
416, 577, 1.564004
417, 418, 1.564005
417, 618, 1.564004
418, 419, 1.745721
418, 422, 1.745721
419, 420, 1.832095
419, 421, 1.876339
419, 422, 1.876638
420, 421, 1.783493
420, 616, 1.783493
420, 617, 1.832095
421, 425, 1.924290
421, 439, 1.923950
422, 423, 1.876339
422, 424, 1.832095
423, 424, 1.783493
423, 438, 1.924290
423, 441, 1.923950
424, 578, 1.832095
424, 579, 1.783493
425, 426, 1.783493
425, 427, 1.876339
425, 439, 1.923950
426, 427, 1.832095
426, 614, 1.832094
426, 615, 1.783492
427, 428, 1.745722
427, 430, 1.876638
428, 429, 1.564004
428, 430, 1.745722
429, 613, 1.564004
430, 431, 1.876339
431, 432, 1.924289
431, 440, 1.923950
432, 433, 1.876339
432, 440, 1.923950
433, 434, 1.745722
433, 436, 1.876638
434, 435, 1.564004
434, 436, 1.745722
435, 582, 1.564004
436, 437, 1.832095
436, 438, 1.876339
437, 438, 1.783493
437, 580, 1.783492
437, 581, 1.832094
438, 441, 1.923950
439, 440, 1.975766
439, 441, 1.975766
440, 441, 1.975766
442, 443, 1.682175
442, 444, 1.564005
442, 559, 1.564004
443, 444, 1.564005
443, 528, 1.564004
444, 445, 1.745721
444, 448, 1.745721
445, 446, 1.832095
445, 447, 1.876339
445, 448, 1.876638
446, 447, 1.783493
446, 526, 1.783493
446, 527, 1.832095
447, 451, 1.924290
447, 469, 1.923950
448, 449, 1.876339
448, 450, 1.832095
449, 450, 1.783493
449, 468, 1.924290
449, 471, 1.923950
450, 560, 1.832095
450, 561, 1.783493
451, 452, 1.783493
451, 453, 1.876339
451, 469, 1.923950
452, 453, 1.832095
452, 524, 1.832094
452, 525, 1.783492
453, 454, 1.745722
453, 457, 1.876638
454, 455, 1.564004
454, 456, 1.564004
454, 457, 1.745722
455, 456, 1.682176
455, 523, 1.564004
456, 490, 1.564004
456, 491, 1.682176
457, 458, 1.832095
457, 459, 1.876339
458, 459, 1.783493
458, 488, 1.783493
458, 489, 1.832095
459, 460, 1.924289
459, 470, 1.923950
460, 461, 1.783493
460, 462, 1.876339
460, 470, 1.923950
461, 462, 1.832095
461, 486, 1.832095
461, 487, 1.783493
462, 463, 1.745722
462, 466, 1.876638
463, 464, 1.564004
463, 465, 1.564004
463, 466, 1.745722
464, 465, 1.682176
464, 484, 1.564004
464, 485, 1.682176
465, 564, 1.564004
466, 467, 1.832095
466, 468, 1.876339
467, 468, 1.783493
467, 562, 1.783492
467, 563, 1.832094
468, 471, 1.923950
469, 470, 1.975766
469, 471, 1.975766
470, 471, 1.975766
472, 473, 1.682175
472, 474, 1.564005
472, 631, 1.564004
473, 474, 1.564005
473, 600, 1.564004
474, 475, 1.745721
474, 478, 1.745721
475, 476, 1.832095
475, 477, 1.876339
475, 478, 1.876638
476, 477, 1.783493
476, 598, 1.783493
476, 599, 1.832095
477, 481, 1.924290
477, 495, 1.923950
478, 479, 1.876339
478, 480, 1.832095
479, 480, 1.783493
479, 494, 1.924290
479, 497, 1.923950
480, 632, 1.832095
480, 633, 1.783493
481, 482, 1.783493
481, 483, 1.876339
481, 495, 1.923950
482, 483, 1.832095
482, 596, 1.832094
482, 597, 1.783492
483, 484, 1.745722
483, 486, 1.876638
484, 485, 1.564004
484, 486, 1.745722
485, 595, 1.564004
486, 487, 1.876339
487, 488, 1.924289
487, 496, 1.923950
488, 489, 1.876339
488, 496, 1.923950
489, 490, 1.745722
489, 492, 1.876638
490, 491, 1.564004
490, 492, 1.745722
491, 636, 1.564004
492, 493, 1.832095
492, 494, 1.876339
493, 494, 1.783493
493, 634, 1.783492
493, 635, 1.832094
494, 497, 1.923950
495, 496, 1.975766
495, 497, 1.975766
496, 497, 1.975766
498, 499, 1.745722
498, 501, 1.745721
499, 500, 1.876339
499, 501, 1.876638
500, 503, 1.924289
500, 513, 1.923949
501, 502, 1.876339
502, 512, 1.924290
502, 515, 1.923950
503, 504, 1.876339
503, 513, 1.923950
504, 505, 1.745722
504, 506, 1.876638
505, 506, 1.745722
506, 507, 1.876338
507, 508, 1.924290
507, 514, 1.923950
508, 509, 1.876339
508, 514, 1.923950
509, 510, 1.745722
509, 511, 1.876638
510, 511, 1.745722
511, 512, 1.876339
512, 515, 1.923949
513, 514, 1.975766
513, 515, 1.975766
514, 515, 1.975766
516, 517, 1.745721
516, 519, 1.745722
517, 518, 1.876339
517, 519, 1.876638
518, 521, 1.924290
518, 531, 1.923950
519, 520, 1.876339
520, 530, 1.924289
520, 533, 1.923949
521, 522, 1.876339
521, 531, 1.923949
522, 523, 1.745722
522, 524, 1.876638
523, 524, 1.745722
524, 525, 1.876339
525, 526, 1.924290
525, 532, 1.923950
526, 527, 1.876338
526, 532, 1.923950
527, 528, 1.745722
527, 529, 1.876638
528, 529, 1.745722
529, 530, 1.876339
530, 533, 1.923950
531, 532, 1.975766
531, 533, 1.975766
532, 533, 1.975766
534, 535, 1.745721
534, 537, 1.745722
535, 536, 1.876339
535, 537, 1.876638
536, 539, 1.924290
536, 549, 1.923950
537, 538, 1.876339
538, 548, 1.924289
538, 551, 1.923949
539, 540, 1.876339
539, 549, 1.923949
540, 541, 1.745722
540, 542, 1.876638
541, 542, 1.745722
542, 543, 1.876339
543, 544, 1.924290
543, 550, 1.923950
544, 545, 1.876338
544, 550, 1.923950
545, 546, 1.745722
545, 547, 1.876638
546, 547, 1.745722
547, 548, 1.876339
548, 551, 1.923950
549, 550, 1.975766
549, 551, 1.975766
550, 551, 1.975766
552, 553, 1.745722
552, 555, 1.745721
553, 554, 1.876339
553, 555, 1.876638
554, 557, 1.924289
554, 567, 1.923949
555, 556, 1.876339
556, 566, 1.924290
556, 569, 1.923950
557, 558, 1.876339
557, 567, 1.923950
558, 559, 1.745722
558, 560, 1.876638
559, 560, 1.745722
560, 561, 1.876338
561, 562, 1.924290
561, 568, 1.923950
562, 563, 1.876339
562, 568, 1.923950
563, 564, 1.745722
563, 565, 1.876638
564, 565, 1.745722
565, 566, 1.876339
566, 569, 1.923949
567, 568, 1.975766
567, 569, 1.975766
568, 569, 1.975766
570, 571, 1.745722
570, 573, 1.745721
571, 572, 1.876339
571, 573, 1.876638
572, 575, 1.924289
572, 585, 1.923949
573, 574, 1.876339
574, 584, 1.924290
574, 587, 1.923950
575, 576, 1.876339
575, 585, 1.923950
576, 577, 1.745722
576, 578, 1.876638
577, 578, 1.745722
578, 579, 1.876338
579, 580, 1.924290
579, 586, 1.923950
580, 581, 1.876339
580, 586, 1.923950
581, 582, 1.745722
581, 583, 1.876638
582, 583, 1.745722
583, 584, 1.876339
584, 587, 1.923949
585, 586, 1.975766
585, 587, 1.975766
586, 587, 1.975766
588, 589, 1.745721
588, 591, 1.745722
589, 590, 1.876339
589, 591, 1.876638
590, 593, 1.924290
590, 603, 1.923950
591, 592, 1.876339
592, 602, 1.924289
592, 605, 1.923949
593, 594, 1.876339
593, 603, 1.923949
594, 595, 1.745722
594, 596, 1.876638
595, 596, 1.745722
596, 597, 1.876339
597, 598, 1.924290
597, 604, 1.923950
598, 599, 1.876338
598, 604, 1.923950
599, 600, 1.745722
599, 601, 1.876638
600, 601, 1.745722
601, 602, 1.876339
602, 605, 1.923950
603, 604, 1.975766
603, 605, 1.975766
604, 605, 1.975766
606, 607, 1.745721
606, 609, 1.745722
607, 608, 1.876339
607, 609, 1.876638
608, 611, 1.924290
608, 621, 1.923950
609, 610, 1.876339
610, 620, 1.924289
610, 623, 1.923949
611, 612, 1.876339
611, 621, 1.923949
612, 613, 1.745722
612, 614, 1.876638
613, 614, 1.745722
614, 615, 1.876339
615, 616, 1.924290
615, 622, 1.923950
616, 617, 1.876338
616, 622, 1.923950
617, 618, 1.745722
617, 619, 1.876638
618, 619, 1.745722
619, 620, 1.876339
620, 623, 1.923950
621, 622, 1.975766
621, 623, 1.975766
622, 623, 1.975766
624, 625, 1.745722
624, 627, 1.745721
625, 626, 1.876339
625, 627, 1.876638
626, 629, 1.924289
626, 639, 1.923949
627, 628, 1.876339
628, 638, 1.924290
628, 641, 1.923950
629, 630, 1.876339
629, 639, 1.923950
630, 631, 1.745722
630, 632, 1.876638
631, 632, 1.745722
632, 633, 1.876338
633, 634, 1.924290
633, 640, 1.923950
634, 635, 1.876339
634, 640, 1.923950
635, 636, 1.745722
635, 637, 1.876638
636, 637, 1.745722
637, 638, 1.876339
638, 641, 1.923949
639, 640, 1.975766
639, 641, 1.975766
640, 641, 1.975766
