source_idx: 104
h_value: 0.300168

points:
0.000000, 1.051462, -1.701302, 3.701671
0.000000, 1.051462, 1.701302, 4.759620
0.000000, -1.051462, 1.701302, 2.581515
-1.051462, 1.701302, 0.000000, 4.759620
-1.051462, -1.701302, 0.000000, 0.927295
1.051462, 1.701302, 0.000000, 5.355890
1.051462, -1.701302, 0.000000, 1.523565
0.000000, -1.051462, -1.701302, 1.523565
1.701302, 0.000000, 1.051462, 3.701671
-1.701302, 0.000000, 1.051462, 3.141593
-1.701302, 0.000000, -1.051462, 2.581515
1.701302, 0.000000, -1.051462, 3.141593
0.618034, 1.618034, -1.000000, 4.659578
-0.618034, 1.618034, -1.000000, 4.398230
0.000000, 2.000000, 0.000000, 5.654867
-0.618034, 1.618034, 1.000000, 5.176037
0.618034, 1.618034, 1.000000, 5.654867
0.000000, 0.000000, 2.000000, 3.673575
-1.000000, 0.618034, 1.618034, 4.020235
-1.000000, -0.618034, 1.618034, 2.815226
1.000000, 0.618034, 1.618034, 4.398230
1.000000, -0.618034, 1.618034, 3.141593
0.000000, 0.000000, -2.000000, 2.609611
1.000000, 0.618034, -1.618034, 3.467959
1.000000, -0.618034, -1.618034, 2.262950
-1.000000, 0.618034, -1.618034, 3.141593
-1.000000, -0.618034, -1.618034, 1.884956
0.618034, -1.618034, 1.000000, 1.884956
-0.618034, -1.618034, 1.000000, 1.623607
0.000000, -2.000000, 0.000000, 0.628318
-0.618034, -1.618034, -1.000000, 0.628319
0.618034, -1.618034, -1.000000, 1.107149
-1.618034, 1.000000, 0.618034, 4.020235
-1.618034, 1.000000, -0.618034, 3.673575
-2.000000, 0.000000, 0.000000, 2.815226
-1.618034, -1.000000, -0.618034, 1.623607
-1.618034, -1.000000, 0.618034, 2.034444
1.618034, 1.000000, -0.618034, 4.248741
1.618034, 1.000000, 0.618034, 4.659578
2.000000, 0.000000, 0.000000, 3.467959
1.618034, -1.000000, 0.618034, 2.609611
1.618034, -1.000000, -0.618034, 2.262950
0.295242, 1.363437, -1.433134, 4.151974
-0.295242, 1.363437, -1.433134, 4.043912
0.000000, 1.701302, -1.051462, 4.612222
-0.324920, 1.902113, -0.525731, 5.026548
-0.885725, 1.728376, -0.477711, 4.656730
-0.590484, 1.910845, 0.000000, 5.214863
0.324920, 1.902113, -0.525731, 5.219221
0.590484, 1.910845, 0.000000, 5.691973
0.885725, 1.728376, -0.477711, 5.103585
-0.295242, 1.363437, 1.433134, 5.039241
0.295242, 1.363437, 1.433134, 5.214863
0.000000, 1.701302, 1.051462, 5.630453
0.324920, 1.902113, 0.525731, 6.283185
0.885725, 1.728376, 0.477711, 5.691973
-0.324920, 1.902113, 0.525731, 5.630453
-0.885725, 1.728376, 0.477711, 5.039241
0.000000, 0.590484, 1.910845, 4.263371
-0.477711, 0.885725, 1.728376, 4.452574
-0.525731, 0.324920, 1.902113, 3.881996
-1.051462, 0.000000, 1.701302, 3.418873
-1.433134, 0.295242, 1.363437, 3.550807
-1.433134, -0.295242, 1.363437, 2.986219
-0.525731, -0.324920, 1.902113, 3.247215
-0.477711, -0.885725, 1.728376, 2.671626
0.000000, -0.590484, 1.910845, 3.082296
0.477711, 0.885725, 1.728376, 4.656730
0.525731, 0.324920, 1.902113, 4.068888
0.525731, -0.324920, 1.902113, 3.418873
0.477711, -0.885725, 1.728376, 2.829897
1.051462, 0.000000, 1.701302, 3.769911
1.433134, -0.295242, 1.363437, 3.453288
1.433134, 0.295242, 1.363437, 4.043912
0.000000, 0.590484, -1.910845, 3.200889
0.477711, 0.885725, -1.728376, 3.611559
0.525731, 0.324920, -1.902113, 3.035971
1.051462, 0.000000, -1.701302, 2.864312
1.433134, 0.295242, -1.363437, 3.296967
1.433134, -0.295242, -1.363437, 2.732378
0.525731, -0.324920, -1.902113, 2.401189
0.477711, -0.885725, -1.728376, 1.830612
0.000000, -0.590484, -1.910845, 2.019814
-0.477711, 0.885725, -1.728376, 3.453289
-0.525731, 0.324920, -1.902113, 2.864312
-0.525731, -0.324920, -1.902113, 2.214297
-0.477711, -0.885725, -1.728376, 1.626455
-1.051462, 0.000000, -1.701302, 2.513274
-1.433134, -0.295242, -1.363437, 2.239273
-1.433134, 0.295242, -1.363437, 2.829897
0.295242, -1.363437, 1.433134, 2.239273
-0.295242, -1.363437, 1.433134, 2.131211
0.000000, -1.701302, 1.051462, 1.670964
-0.324920, -1.902113, 0.525731, 1.063964
-0.885725, -1.728376, 0.477711, 1.179600
-0.590484, -1.910845, 0.000000, 0.591212
0.324920, -1.902113, 0.525731, 1.256637
0.590484, -1.910845, 0.000000, 1.068323
0.885725, -1.728376, 0.477711, 1.626455
-0.295242, -1.363437, -1.433134, 1.068323
0.295242, -1.363437, -1.433134, 1.243944
0.000000, -1.701302, -1.051462, 0.652732
0.324920, -1.902113, -0.525731, 0.652732
0.885725, -1.728376, -0.477711, 1.243944
-0.324920, -1.902113, -0.525731, 0.000000
-0.885725, -1.728376, -0.477711, 0.591212
-1.363437, 1.433134, 0.295242, 4.452574
-1.363437, 1.433134, -0.295242, 4.263371
-1.701302, 1.051462, 0.000000, 3.881996
-1.902113, 0.525731, -0.324920, 3.247215
-1.728376, 0.477711, -0.885725, 3.082296
-1.910845, 0.000000, -0.590484, 2.671626
-1.902113, 0.525731, 0.324920, 3.418873
-1.910845, 0.000000, 0.590484, 2.986219
-1.728376, 0.477711, 0.885725, 3.550807
-1.363437, -1.433134, -0.295242, 1.179600
-1.363437, -1.433134, 0.295242, 1.435027
-1.701302, -1.051462, 0.000000, 1.757286
-1.902113, -0.525731, 0.324920, 2.401189
-1.728376, -0.477711, 0.885725, 2.633861
-1.902113, -0.525731, -0.324920, 2.214297
-1.728376, -0.477711, -0.885725, 2.131211
1.363437, 1.433134, -0.295242, 4.848159
1.363437, 1.433134, 0.295242, 5.103585
1.701302, 1.051462, 0.000000, 4.525900
1.902113, 0.525731, 0.324920, 4.068888
1.728376, 0.477711, 0.885725, 4.151974
1.910845, 0.000000, 0.590484, 3.611559
1.902113, 0.525731, -0.324920, 3.881996
1.910845, 0.000000, -0.590484, 3.296967
1.728376, 0.477711, -0.885725, 3.649324
1.363437, -1.433134, 0.295242, 2.019814
1.363437, -1.433134, -0.295242, 1.830611
1.701302, -1.051462, 0.000000, 2.401189
1.902113, -0.525731, -0.324920, 2.864312
1.728376, -0.477711, -0.885725, 2.732378
1.902113, -0.525731, 0.324920, 3.035971
1.728376, -0.477711, 0.885725, 3.200889
-0.850651, 1.175570, 1.376382, 4.612222
-1.175570, 1.376382, 0.850651, 4.612222
-1.376382, 0.850651, 1.175570, 4.068888
0.850651, 1.175570, 1.376382, 5.026548
1.376382, 0.850651, 1.175570, 4.612222
1.175570, 1.376382, 0.850651, 5.219221
-0.850651, 1.175570, -1.376382, 3.769911
-1.376382, 0.850651, -1.175570, 3.418873
-1.175570, 1.376382, -0.850651, 4.068888
0.850651, 1.175570, -1.376382, 4.068888
1.175570, 1.376382, -0.850651, 4.525900
1.376382, 0.850651, -1.175570, 3.881996
-0.850651, -1.175570, -1.376382, 1.256637
-1.175570, -1.376382, -0.850651, 1.063964
-1.376382, -0.850651, -1.175570, 1.670964
0.850651, -1.175570, -1.376382, 1.670964
1.376382, -0.850651, -1.175570, 2.214297
1.175570, -1.376382, -0.850651, 1.670964
-0.850651, -1.175570, 1.376382, 2.214297
-1.376382, -0.850651, 1.175570, 2.401189
-1.175570, -1.376382, 0.850651, 1.757286
0.850651, -1.175570, 1.376382, 2.513274
1.175570, -1.376382, 0.850651, 2.214297
1.376382, -0.850651, 1.175570, 2.864312
0.140181, 1.208087, -1.587726, 3.915107
-0.140181, 1.208087, -1.587726, 3.866166
0.000000, 1.378540, -1.449009, 4.109059
-0.156386, 1.541048, -1.265193, 4.315485
-0.458090, 1.504688, -1.235341, 4.225817
-0.320715, 1.679285, -1.037855, 4.520427
0.156386, 1.541048, -1.265193, 4.377154
0.320715, 1.679285, -1.037855, 4.659578
0.458090, 1.504688, -1.235341, 4.404622
-0.481072, 1.778392, -0.778391, 4.704443
-0.763483, 1.693431, -0.741205, 4.545834
-0.625546, 1.831005, -0.506077, 4.847925
-0.746281, 1.839767, -0.241502, 4.938933
-0.981269, 1.727908, -0.226818, 4.726703
-0.841088, 1.814545, 0.000000, 4.978111
-0.469159, 1.927657, -0.253039, 5.155800
-0.305393, 1.976546, 0.000000, 5.453087
-0.160357, 1.976604, -0.259464, 5.348654
0.160357, 1.976604, -0.259464, 5.471930
0.305393, 1.976546, 0.000000, 5.750277
0.469159, 1.927657, -0.253039, 5.485482
0.746281, 1.839767, -0.241502, 5.398448
0.841088, 1.814545, 0.000000, 5.536913
0.981269, 1.727908, -0.226818, 5.258368
0.625546, 1.831005, -0.506077, 5.192665
0.763483, 1.693431, -0.741205, 4.898878
0.481072, 1.778392, -0.778391, 4.938763
-0.164647, 1.825965, -0.799214, 4.837356
0.000000, 1.927722, -0.532809, 5.160939
0.164647, 1.825965, -0.799214, 4.920187
-0.140181, 1.208087, 1.587726, 4.904838
0.140181, 1.208087, 1.587726, 4.978111
0.000000, 1.378540, 1.449009, 5.158401
0.156386, 1.541048, 1.265193, 5.436900
0.458090, 1.504688, 1.235341, 5.453087
0.320715, 1.679285, 1.037855, 5.722837
-0.156386, 1.541048, 1.265193, 5.320597
-0.320715, 1.679285, 1.037855, 5.422889
-0.458090, 1.504688, 1.235341, 5.138651
0.481072, 1.778392, 0.778391, 5.961080
0.763483, 1.693431, 0.741205, 5.750277
0.625546, 1.831005, 0.506077, 5.973329
0.746281, 1.839767, 0.241502, 5.769703
0.981269, 1.727908, 0.226818, 5.536913
0.469159, 1.927657, 0.253039, 5.973329
0.160357, 1.976604, 0.259464, 5.961080
-0.160357, 1.976604, 0.259464, 5.722838
-0.469159, 1.927657, 0.253039, 5.436901
-0.746281, 1.839767, 0.241502, 5.158401
-0.981269, 1.727908, 0.226818, 4.904838
-0.625546, 1.831005, 0.506077, 5.320597
-0.763483, 1.693431, 0.741205, 5.138651
-0.481072, 1.778392, 0.778391, 5.422889
0.164647, 1.825965, 0.799214, 5.956819
0.000000, 1.927722, 0.532809, 5.956819
-0.164647, 1.825965, 0.799214, 5.715359
0.000000, 0.841088, 1.814545, 4.526562
-0.226818, 0.981269, 1.727908, 4.624336
-0.241502, 0.746281, 1.839767, 4.371856
-0.506077, 0.625546, 1.831005, 4.181892
-0.741205, 0.763483, 1.693431, 4.248015
-0.778391, 0.481072, 1.778391, 3.963042
-0.253039, 0.469159, 1.927657, 4.088362
-0.259464, 0.160357, 1.976604, 3.782440
0.000000, 0.305393, 1.976546, 3.975564
-1.037855, 0.320715, 1.679285, 3.727784
-1.235341, 0.458090, 1.504688, 3.783040
-1.265193, 0.156386, 1.541048, 3.491655
-1.449009, 0.000000, 1.378540, 3.268643
-1.587726, 0.140181, 1.208087, 3.334836
-1.587726, -0.140181, 1.208087, 3.067878
-1.265193, -0.156386, 1.541048, 3.192411
-1.235341, -0.458090, 1.504688, 2.900175
-1.037855, -0.320715, 1.679285, 3.109390
-0.778391, -0.481072, 1.778391, 3.025020
-0.741205, -0.763483, 1.693431, 2.737461
-0.506077, -0.625546, 1.831005, 2.945440
-0.241502, -0.746281, 1.839767, 2.875430
-0.226818, -0.981269, 1.727908, 2.619810
0.000000, -0.841088, 1.814545, 2.817232
-0.253039, -0.469159, 1.927657, 3.161002
0.000000, -0.305393, 1.976546, 3.371217
-0.259464, -0.160357, 1.976604, 3.467959
-0.799214, 0.164647, 1.825965, 3.653909
-0.799214, -0.164647, 1.825965, 3.335450
-0.532809, 0.000000, 1.927722, 3.564918
0.226818, 0.981269, 1.727908, 4.726702
0.241502, 0.746281, 1.839767, 4.469665
0.253039, 0.469159, 1.927657, 4.181892
0.259464, 0.160357, 1.976604, 3.871961
0.506077, 0.625546, 1.831005, 4.377154
0.778391, 0.481072, 1.778391, 4.248741
0.741205, 0.763483, 1.693431, 4.545834
0.259464, -0.160357, 1.976604, 3.553728
0.253039, -0.469159, 1.927657, 3.243262
0.241502, -0.746281, 1.839767, 2.954410
0.226818, -0.981269, 1.727908, 2.695723
0.506077, -0.625546, 1.831005, 3.110187
0.741205, -0.763483, 1.693431, 2.980865
0.778391, -0.481072, 1.778391, 3.278107
1.037855, -0.320715, 1.679285, 3.447806
1.235341, -0.458090, 1.504688, 3.302320
1.265193, -0.156386, 1.541048, 3.607700
1.449009, 0.000000, 1.378540, 3.748647
1.587726, -0.140181, 1.208087, 3.587463
1.587726, 0.140181, 1.208087, 3.866166
1.265193, 0.156386, 1.541048, 3.920498
1.235341, 0.458090, 1.504688, 4.225817
1.037855, 0.320715, 1.679285, 4.092017
0.532809, 0.000000, 1.927722, 3.743950
0.799214, -0.164647, 1.825965, 3.598799
0.799214, 0.164647, 1.825965, 3.928122
0.000000, 0.841088, -1.814545, 3.465953
0.226818, 0.981269, -1.727908, 3.663375
0.241502, 0.746281, -1.839767, 3.407756
0.506077, 0.625546, -1.831005, 3.337746
0.741205, 0.763483, -1.693431, 3.545724
0.778391, 0.481072, -1.778391, 3.258165
0.253039, 0.469159, -1.927657, 3.122184
0.259464, 0.160357, -1.976604, 2.815226
0.000000, 0.305393, -1.976546, 2.911969
1.037855, 0.320715, -1.679285, 3.173796
1.235341, 0.458090, -1.504688, 3.383011
1.265193, 0.156386, -1.541048, 3.090774
1.449009, 0.000000, -1.378540, 3.014542
1.587726, 0.140181, -1.208087, 3.215307
1.587726, -0.140181, -1.208087, 2.948349
1.265193, -0.156386, -1.541048, 2.791530
1.235341, -0.458090, -1.504688, 2.500146
1.037855, -0.320715, -1.679285, 2.555401
0.778391, -0.481072, -1.778391, 2.320144
0.741205, -0.763483, -1.693431, 2.035170
0.506077, -0.625546, -1.831005, 2.101293
0.241502, -0.746281, -1.839767, 1.911329
0.226818, -0.981269, -1.727908, 1.658849
0.000000, -0.841088, -1.814545, 1.756623
0.253039, -0.469159, -1.927657, 2.194823
0.000000, -0.305393, -1.976546, 2.307622
0.259464, -0.160357, -1.976604, 2.500745
0.799214, 0.164647, -1.825965, 2.947735
0.799214, -0.164647, -1.825965, 2.629276
0.532809, 0.000000, -1.927722, 2.718267
-0.226818, 0.981269, -1.727908, 3.587463
-0.241502, 0.746281, -1.839767, 3.328775
-0.253039, 0.469159, -1.927657, 3.039923
-0.259464, 0.160357, -1.976604, 2.729457
-0.506077, 0.625546, -1.831005, 3.172998
-0.778391, 0.481072, -1.778391, 3.005078
-0.741205, 0.763483, -1.693431, 3.302320
-0.259464, -0.160357, -1.976604, 2.411224
-0.253039, -0.469159, -1.927657, 2.101293
-0.241502, -0.746281, -1.839767, 1.813520
-0.226818, -0.981269, -1.727908, 1.556483
-0.506077, -0.625546, -1.831005, 1.906032
-0.741205, -0.763483, -1.693431, 1.737352
-0.778391, -0.481072, -1.778391, 2.034444
-1.037855, -0.320715, -1.679285, 2.191169
-1.235341, -0.458090, -1.504688, 2.057368
-1.265193, -0.156386, -1.541048, 2.362688
-1.449009, 0.000000, -1.378540, 2.534538
-1.587726, -0.140181, -1.208087, 2.417020
-1.587726, 0.140181, -1.208087, 2.695723
-1.265193, 0.156386, -1.541048, 2.675486
-1.235341, 0.458090, -1.504688, 2.980865
-1.037855, 0.320715, -1.679285, 2.835380
-0.532809, 0.000000, -1.927722, 2.539235
-0.799214, -0.164647, -1.825965, 2.355063
-0.799214, 0.164647, -1.825965, 2.684386
0.140181, -1.208087, 1.587726, 2.417020
-0.140181, -1.208087, 1.587726, 2.368078
0.000000, -1.378540, 1.449009, 2.174126
-0.156386, -1.541048, 1.265193, 1.906031
-0.458090, -1.504688, 1.235341, 1.878564
-0.320715, -1.679285, 1.037855, 1.623607
0.156386, -1.541048, 1.265193, 1.967700
0.320715, -1.679285, 1.037855, 1.762758
0.458090, -1.504688, 1.235341, 2.057368
-0.481072, -1.778392, 0.778391, 1.344422
-0.763483, -1.693431, 0.741205, 1.384307
-0.625546, -1.831005, 0.506077, 1.090520
-0.746281, -1.839767, 0.241502, 0.884737
-0.981269, -1.727908, 0.226818, 1.024818
-0.841088, -1.814545, 0.000000, 0.746272
-0.469159, -1.927657, 0.253039, 0.797704
-0.305393, -1.976546, 0.000000, 0.532908
-0.160357, -1.976604, 0.259464, 0.811255
0.160357, -1.976604, 0.259464, 0.934531
0.305393, -1.976546, 0.000000, 0.830098
0.469159, -1.927657, 0.253039, 1.127385
0.746281, -1.839767, 0.241502, 1.344252
0.841088, -1.814545, 0.000000, 1.305075
0.981269, -1.727908, 0.226818, 1.556483
0.625546, -1.831005, 0.506077, 1.435260
0.763483, -1.693431, 0.741205, 1.737352
0.481072, -1.778392, 0.778391, 1.578743
-0.164647, -1.825965, 0.799214, 1.362998
0.000000, -1.927722, 0.532809, 1.122247
0.164647, -1.825965, 0.799214, 1.445829
-0.140181, -1.208087, -1.587726, 1.305075
0.140181, -1.208087, -1.587726, 1.378347
0.000000, -1.378540, -1.449009, 1.124784
0.156386, -1.541048, -1.265193, 0.962588
0.458090, -1.504688, -1.235341, 1.144535
0.320715, -1.679285, -1.037855, 0.860296
-0.156386, -1.541048, -1.265193, 0.846285
-0.320715, -1.679285, -1.037855, 0.560348
-0.458090, -1.504688, -1.235341, 0.830098
0.481072, -1.778392, -0.778391, 0.860296
0.763483, -1.693431, -0.741205, 1.144535
0.625546, -1.831005, -0.506077, 0.962588
0.746281, -1.839767, -0.241502, 1.124784
0.981269, -1.727908, -0.226818, 1.378347
0.469159, -1.927657, -0.253039, 0.846285
0.160357, -1.976604, -0.259464, 0.560348
-0.160357, -1.976604, -0.259464, 0.322106
-0.469159, -1.927657, -0.253039, 0.309856
-0.746281, -1.839767, -0.241502, 0.513482
-0.981269, -1.727908, -0.226818, 0.746272
-0.625546, -1.831005, -0.506077, 0.309856
-0.763483, -1.693431, -0.741205, 0.532908
-0.481072, -1.778392, -0.778391, 0.322106
0.164647, -1.825965, -0.799214, 0.567827
0.000000, -1.927722, -0.532809, 0.326366
-0.164647, -1.825965, -0.799214, 0.326366
-1.208087, 1.587726, 0.140181, 4.624336
-1.208087, 1.587726, -0.140181, 4.526562
-1.378540, 1.449009, 0.000000, 4.371856
-1.541048, 1.265193, -0.156386, 4.088362
-1.504688, 1.235341, -0.458090, 3.975564
-1.679285, 1.037855, -0.320715, 3.782440
-1.541048, 1.265193, 0.156386, 4.181892
-1.679285, 1.037855, 0.320715, 3.963042
-1.504688, 1.235341, 0.458090, 4.248015
-1.778391, 0.778391, -0.481072, 3.467959
-1.693431, 0.741205, -0.763483, 3.371217
-1.831005, 0.506077, -0.625546, 3.161002
-1.839767, 0.241502, -0.746281, 2.875430
-1.727908, 0.226818, -0.981269, 2.817232
-1.814545, 0.000000, -0.841088, 2.619810
-1.927657, 0.253039, -0.469159, 2.945440
-1.976546, 0.000000, -0.305393, 2.737461
-1.976604, 0.259464, -0.160357, 3.025020
-1.976604, 0.259464, 0.160357, 3.109390
-1.976546, 0.000000, 0.305393, 2.900175
-1.927657, 0.253039, 0.469159, 3.192411
-1.839767, 0.241502, 0.746281, 3.268643
-1.814545, 0.000000, 0.841088, 3.067878
-1.727908, 0.226818, 0.981269, 3.334836
-1.831005, 0.506077, 0.625546, 3.491655
-1.693431, 0.741205, 0.763483, 3.783040
-1.778391, 0.778391, 0.481072, 3.727784
-1.825965, 0.799214, -0.164647, 3.564918
-1.927722, 0.532809, 0.000000, 3.335450
-1.825965, 0.799214, 0.164647, 3.653909
-1.208087, -1.587726, -0.140181, 1.024818
-1.208087, -1.587726, 0.140181, 1.166355
-1.378540, -1.449009, 0.000000, 1.283587
-1.541048, -1.265193, 0.156386, 1.573190
-1.504688, -1.235341, 0.458090, 1.727851
-1.679285, -1.037855, 0.320715, 1.884956
-1.541048, -1.265193, -0.156386, 1.453407
-1.679285, -1.037855, -0.320715, 1.667537
-1.504688, -1.235341, -0.458090, 1.384307
-1.778391, -0.778391, 0.481072, 2.204977
-1.693431, -0.741205, 0.763483, 2.341036
-1.831005, -0.506077, 0.625546, 2.517159
-1.839767, -0.241502, 0.746281, 2.807645
-1.727908, -0.226818, 0.981269, 2.902533
-1.927657, -0.253039, 0.469159, 2.707702
-1.976604, -0.259464, 0.160357, 2.609611
-1.976604, -0.259464, -0.160357, 2.521678
-1.927657, -0.253039, -0.469159, 2.450792
-1.839767, -0.241502, -0.746281, 2.399972
-1.727908, -0.226818, -0.981269, 2.368078
-1.831005, -0.506077, -0.625546, 2.159376
-1.693431, -0.741205, -0.763483, 1.878564
-1.778391, -0.778391, -0.481072, 1.909447
-1.825965, -0.799214, 0.164647, 2.078813
-1.927722, -0.532809, 0.000000, 2.296784
-1.825965, -0.799214, -0.164647, 1.976836
1.208087, 1.587726, -0.140181, 5.116831
1.208087, 1.587726, 0.140181, 5.258367
1.378540, 1.449009, 0.000000, 4.999599
1.541048, 1.265193, 0.156386, 4.829778
1.504688, 1.235341, 0.458090, 4.898878
1.679285, 1.037855, 0.320715, 4.615649
1.541048, 1.265193, -0.156386, 4.709995
1.679285, 1.037855, -0.320715, 4.398230
1.504688, 1.235341, -0.458090, 4.555334
1.778391, 0.778391, 0.481072, 4.373738
1.693431, 0.741205, 0.763483, 4.404622
1.831005, 0.506077, 0.625546, 4.123810
1.839767, 0.241502, 0.746281, 3.883213
1.727908, 0.226818, 0.981269, 3.915107
1.814545, 0.000000, 0.841088, 3.663375
1.927657, 0.253039, 0.469159, 3.832393
1.976546, 0.000000, 0.305393, 3.545724
1.976604, 0.259464, 0.160357, 3.761507
1.976604, 0.259464, -0.160357, 3.673575
1.976546, 0.000000, -0.305393, 3.383011
1.927657, 0.253039, -0.469159, 3.575483
1.839767, 0.241502, -0.746281, 3.475541
1.814545, 0.000000, -0.841088, 3.215307
1.727908, 0.226818, -0.981269, 3.380652
1.831005, 0.506077, -0.625546, 3.766027
1.693431, 0.741205, -0.763483, 3.942149
1.778391, 0.778391, -0.481072, 4.078209
1.825965, 0.799214, 0.164647, 4.306350
1.927722, 0.532809, 0.000000, 3.986401
1.825965, 0.799214, -0.164647, 4.204372
1.208087, -1.587726, 0.140181, 1.756623
1.208087, -1.587726, -0.140181, 1.658849
1.378540, -1.449009, 0.000000, 1.911329
1.541048, -1.265193, -0.156386, 2.101293
1.504688, -1.235341, -0.458090, 2.035170
1.679285, -1.037855, -0.320715, 2.320143
1.541048, -1.265193, 0.156386, 2.194823
1.679285, -1.037855, 0.320715, 2.500745
1.504688, -1.235341, 0.458090, 2.307622
1.778391, -0.778391, -0.481072, 2.555401
1.693431, -0.741205, -0.763483, 2.500146
1.831005, -0.506077, -0.625546, 2.791530
1.839767, -0.241502, -0.746281, 3.014542
1.727908, -0.226818, -0.981269, 2.948349
1.927657, -0.253039, -0.469159, 3.090774
1.976604, -0.259464, -0.160357, 3.173796
1.976604, -0.259464, 0.160357, 3.258165
1.927657, -0.253039, 0.469159, 3.337746
1.839767, -0.241502, 0.746281, 3.407756
1.727908, -0.226818, 0.981269, 3.465953
1.831005, -0.506077, 0.625546, 3.122183
1.693431, -0.741205, 0.763483, 2.911969
1.778391, -0.778391, 0.481072, 2.815226
1.825965, -0.799214, -0.164647, 2.629276
1.927722, -0.532809, 0.000000, 2.947735
1.825965, -0.799214, 0.164647, 2.718267
-0.390758, 1.137038, 1.598265, 4.746367
-0.565812, 1.288010, 1.421579, 4.847925
-0.740536, 1.419821, 1.198213, 4.907117
-0.662464, 1.034971, 1.577966, 4.545583
-0.938749, 0.900894, 1.518928, 4.310593
-0.900894, 1.518928, 0.938749, 4.907117
-1.034971, 1.577966, 0.662464, 4.847925
-1.137038, 1.598265, 0.390758, 4.746367
-1.288010, 1.421579, 0.565812, 4.545583
-1.419821, 1.198213, 0.740536, 4.310593
-1.518928, 0.938749, 0.900894, 4.055968
-1.577966, 0.662464, 1.034971, 3.799116
-1.598265, 0.390758, 1.137038, 3.555406
-1.421579, 0.565812, 1.288010, 3.799116
-1.198213, 0.740536, 1.419821, 4.055968
-1.026751, 1.293156, 1.128508, 4.636715
-1.293156, 1.128508, 1.026751, 4.346203
-1.128508, 1.026751, 1.293156, 4.346203
0.390758, 1.137038, 1.598265, 4.938933
0.662464, 1.034971, 1.577966, 4.847925
0.938749, 0.900894, 1.518928, 4.704443
0.565812, 1.288010, 1.421579, 5.155800
0.740536, 1.419821, 1.198213, 5.348654
1.198213, 0.740536, 1.419821, 4.520427
1.421579, 0.565812, 1.288010, 4.315485
1.598265, 0.390758, 1.137038, 4.109059
1.577966, 0.662464, 1.034971, 4.377154
1.518928, 0.938749, 0.900894, 4.659578
1.419821, 1.198213, 0.740536, 4.938763
1.288010, 1.421579, 0.565812, 5.192665
1.137038, 1.598265, 0.390758, 5.398448
1.034971, 1.577966, 0.662464, 5.485482
0.900894, 1.518928, 0.938749, 5.471930
1.128508, 1.026751, 1.293156, 4.837356
1.293156, 1.128508, 1.026751, 4.920187
1.026751, 1.293156, 1.128508, 5.160939
-0.390758, 1.137038, -1.598265, 3.748648
-0.662464, 1.034971, -1.577966, 3.607700
-0.938749, 0.900894, -1.518928, 3.447806
-0.565812, 1.288010, -1.421579, 3.920498
-0.740536, 1.419821, -1.198213, 4.092017
-1.198213, 0.740536, -1.419821, 3.278107
-1.421579, 0.565812, -1.288010, 3.110187
-1.598265, 0.390758, -1.137038, 2.954410
-1.577966, 0.662464, -1.034971, 3.243263
-1.518928, 0.938749, -0.900894, 3.553728
-1.419821, 1.198213, -0.740536, 3.871961
-1.288010, 1.421579, -0.565812, 4.181892
-1.137038, 1.598265, -0.390758, 4.469665
-1.034971, 1.577966, -0.662464, 4.377154
-0.900894, 1.518928, -0.938749, 4.248741
-1.128508, 1.026751, -1.293156, 3.598799
-1.293156, 1.128508, -1.026751, 3.743950
-1.026751, 1.293156, -1.128508, 3.928122
0.390758, 1.137038, -1.598265, 3.883213
0.565812, 1.288010, -1.421579, 4.123810
0.740536, 1.419821, -1.198213, 4.373738
0.662464, 1.034971, -1.577966, 3.832393
0.938749, 0.900894, -1.518928, 3.761507
0.900894, 1.518928, -0.938749, 4.615649
1.034971, 1.577966, -0.662464, 4.829778
1.137038, 1.598265, -0.390758, 4.999599
1.288010, 1.421579, -0.565812, 4.709995
1.419821, 1.198213, -0.740536, 4.398230
1.518928, 0.938749, -0.900894, 4.078209
1.577966, 0.662464, -1.034971, 3.766027
1.598265, 0.390758, -1.137038, 3.475541
1.421579, 0.565812, -1.288010, 3.575483
1.198213, 0.740536, -1.419821, 3.673575
1.026751, 1.293156, -1.128508, 4.306350
1.293156, 1.128508, -1.026751, 4.204372
1.128508, 1.026751, -1.293156, 3.986401
-0.390758, -1.137038, -1.598265, 1.344252
-0.565812, -1.288010, -1.421579, 1.127385
-0.740536, -1.419821, -1.198213, 0.934531
-0.662464, -1.034971, -1.577966, 1.435260
-0.938749, -0.900894, -1.518928, 1.578743
-0.900894, -1.518928, -0.938749, 0.811255
-1.034971, -1.577966, -0.662464, 0.797704
-1.137038, -1.598265, -0.390758, 0.884737
-1.288010, -1.421579, -0.565812, 1.090520
-1.419821, -1.198213, -0.740536, 1.344422
-1.518928, -0.938749, -0.900894, 1.623607
-1.577966, -0.662464, -1.034971, 1.906032
-1.598265, -0.390758, -1.137038, 2.174126
-1.421579, -0.565812, -1.288010, 1.967700
-1.198213, -0.740536, -1.419821, 1.762758
-1.026751, -1.293156, -1.128508, 1.122247
-1.293156, -1.128508, -1.026751, 1.362998
-1.128508, -1.026751, -1.293156, 1.445829
0.390758, -1.137038, -1.598265, 1.536818
0.662464, -1.034971, -1.577966, 1.737602
0.938749, -0.900894, -1.518928, 1.972592
0.565812, -1.288010, -1.421579, 1.435260
0.740536, -1.419821, -1.198213, 1.376068
1.198213, -0.740536, -1.419821, 2.227218
1.421579, -0.565812, -1.288010, 2.484069
1.598265, -0.390758, -1.137038, 2.727779
1.577966, -0.662464, -1.034971, 2.484069
1.518928, -0.938749, -0.900894, 2.227218
1.419821, -1.198213, -0.740536, 1.972592
1.288010, -1.421579, -0.565812, 1.737602
1.137038, -1.598265, -0.390758, 1.536819
1.034971, -1.577966, -0.662464, 1.435260
0.900894, -1.518928, -0.938749, 1.376068
1.128508, -1.026751, -1.293156, 1.936982
1.293156, -1.128508, -1.026751, 1.936982
1.026751, -1.293156, -1.128508, 1.646471
-0.390758, -1.137038, 1.598265, 2.399972
-0.662464, -1.034971, 1.577966, 2.450792
-0.938749, -0.900894, 1.518928, 2.521678
-0.565812, -1.288010, 1.421579, 2.159376
-0.740536, -1.419821, 1.198213, 1.909447
-1.198213, -0.740536, 1.419821, 2.609611
-1.421579, -0.565812, 1.288010, 2.707702
-1.598265, -0.390758, 1.137038, 2.807645
-1.577966, -0.662464, 1.034971, 2.517159
-1.518928, -0.938749, 0.900894, 2.204977
-1.419821, -1.198213, 0.740536, 1.884956
-1.288010, -1.421579, 0.565812, 1.573190
-1.137038, -1.598265, 0.390758, 1.283587
-1.034971, -1.577966, 0.662464, 1.453407
-0.900894, -1.518928, 0.938749, 1.667537
-1.128508, -1.026751, 1.293156, 2.296784
-1.293156, -1.128508, 1.026751, 2.078813
-1.026751, -1.293156, 1.128508, 1.976836
0.390758, -1.137038, 1.598265, 2.534538
0.565812, -1.288010, 1.421579, 2.362688
0.740536, -1.419821, 1.198213, 2.191168
0.662464, -1.034971, 1.577966, 2.675486
0.938749, -0.900894, 1.518928, 2.835380
0.900894, -1.518928, 0.938749, 2.034444
1.034971, -1.577966, 0.662464, 1.906031
1.137038, -1.598265, 0.390758, 1.813520
1.288010, -1.421579, 0.565812, 2.101293
1.419821, -1.198213, 0.740536, 2.411224
1.518928, -0.938749, 0.900894, 2.729457
1.577966, -0.662464, 1.034971, 3.039923
1.598265, -0.390758, 1.137038, 3.328775
1.421579, -0.565812, 1.288010, 3.172998
1.198213, -0.740536, 1.419821, 3.005078
1.026751, -1.293156, 1.128508, 2.355063
1.293156, -1.128508, 1.026751, 2.539235
1.128508, -1.026751, 1.293156, 2.684386

graph:
0, 162, 0.238917
0, 163, 0.238917
0, 274, 0.238917
0, 275, 0.238917
0, 304, 0.238917
1, 192, 0.238917
1, 193, 0.238917
1, 218, 0.238917
1, 219, 0.238917
1, 248, 0.238917
2, 240, 0.238917
2, 241, 0.238917
2, 258, 0.238917
2, 330, 0.238917
2, 331, 0.238917
3, 175, 0.238917
3, 176, 0.238917
3, 211, 0.238917
3, 386, 0.238917
3, 387, 0.238917
4, 343, 0.238917
4, 344, 0.238917
4, 379, 0.238917
4, 416, 0.238917
4, 417, 0.238917
5, 184, 0.238917
5, 185, 0.238917
5, 205, 0.238917
5, 442, 0.238917
5, 443, 0.238917
6, 352, 0.238917
6, 353, 0.238917
6, 373, 0.238917
6, 472, 0.238917
6, 473, 0.238917
7, 296, 0.238917
7, 297, 0.238917
7, 314, 0.238917
7, 360, 0.238917
7, 361, 0.238917
8, 266, 0.238917
8, 267, 0.238917
8, 455, 0.238917
8, 456, 0.238917
8, 491, 0.238917
9, 231, 0.238917
9, 232, 0.238917
9, 408, 0.238917
9, 409, 0.238917
9, 429, 0.238917
10, 322, 0.238917
10, 323, 0.238917
10, 399, 0.238917
10, 400, 0.238917
10, 435, 0.238917
11, 287, 0.238917
11, 288, 0.238917
11, 464, 0.238917
11, 465, 0.238917
11, 485, 0.238917
12, 169, 0.305914
12, 170, 0.306293
12, 187, 0.306292
12, 188, 0.305914
12, 554, 0.305914
12, 557, 0.305914
13, 166, 0.306293
13, 167, 0.305914
13, 171, 0.305914
13, 172, 0.306292
13, 538, 0.305914
13, 548, 0.305914
14, 178, 0.306292
14, 179, 0.305914
14, 180, 0.305914
14, 181, 0.306292
14, 207, 0.305914
14, 208, 0.305914
15, 199, 0.305914
15, 200, 0.306293
15, 213, 0.306292
15, 214, 0.305914
15, 500, 0.305914
15, 503, 0.305914
16, 196, 0.306293
16, 197, 0.305914
16, 201, 0.305914
16, 202, 0.306292
16, 520, 0.305914
16, 530, 0.305914
17, 225, 0.305914
17, 226, 0.306292
17, 243, 0.306292
17, 244, 0.305914
17, 251, 0.305914
17, 255, 0.305914
18, 222, 0.306292
18, 223, 0.305914
18, 227, 0.305914
18, 228, 0.306293
18, 502, 0.305914
18, 512, 0.305914
19, 234, 0.306293
19, 235, 0.305914
19, 236, 0.305914
19, 237, 0.306292
19, 608, 0.305914
19, 611, 0.305914
20, 253, 0.305914
20, 254, 0.306292
20, 269, 0.306293
20, 270, 0.305914
20, 518, 0.305914
20, 521, 0.305914
21, 260, 0.306292
21, 261, 0.305914
21, 262, 0.305914
21, 263, 0.306293
21, 628, 0.305914
21, 638, 0.305914
22, 281, 0.305914
22, 282, 0.306292
22, 299, 0.306292
22, 300, 0.305914
22, 307, 0.305914
22, 311, 0.305914
23, 278, 0.306292
23, 279, 0.305914
23, 283, 0.305914
23, 284, 0.306293
23, 556, 0.305914
23, 566, 0.305914
24, 290, 0.306293
24, 291, 0.305914
24, 292, 0.305914
24, 293, 0.306292
24, 590, 0.305914
24, 593, 0.305914
25, 309, 0.305914
25, 310, 0.306292
25, 325, 0.306293
25, 326, 0.305914
25, 536, 0.305914
25, 539, 0.305914
26, 316, 0.306292
26, 317, 0.305914
26, 318, 0.305914
26, 319, 0.306293
26, 574, 0.305914
26, 584, 0.305914
27, 337, 0.305914
27, 338, 0.306293
27, 355, 0.306292
27, 356, 0.305914
27, 626, 0.305914
27, 629, 0.305914
28, 334, 0.306293
28, 335, 0.305914
28, 339, 0.305914
28, 340, 0.306292
28, 610, 0.305914
28, 620, 0.305914
29, 346, 0.306292
29, 347, 0.305914
29, 348, 0.305914
29, 349, 0.306292
29, 375, 0.305914
29, 376, 0.305914
30, 367, 0.305914
30, 368, 0.306293
30, 381, 0.306292
30, 382, 0.305914
30, 572, 0.305914
30, 575, 0.305914
31, 364, 0.306293
31, 365, 0.305914
31, 369, 0.305914
31, 370, 0.306292
31, 592, 0.305914
31, 602, 0.305914
32, 393, 0.305914
32, 394, 0.306293
32, 411, 0.306292
32, 412, 0.305914
32, 507, 0.305914
32, 508, 0.305914
33, 390, 0.306293
33, 391, 0.305914
33, 395, 0.305914
33, 396, 0.306292
33, 543, 0.305914
33, 544, 0.305914
34, 402, 0.306292
34, 403, 0.305914
34, 404, 0.305914
34, 405, 0.306292
34, 431, 0.305914
34, 432, 0.305914
35, 423, 0.305914
35, 424, 0.306293
35, 437, 0.306292
35, 438, 0.305914
35, 579, 0.305914
35, 580, 0.305914
36, 420, 0.306293
36, 421, 0.305914
36, 425, 0.305914
36, 426, 0.306292
36, 615, 0.305914
36, 616, 0.305914
37, 449, 0.305914
37, 450, 0.306293
37, 467, 0.306292
37, 468, 0.305914
37, 561, 0.305914
37, 562, 0.305914
38, 446, 0.306293
38, 447, 0.305914
38, 451, 0.305914
38, 452, 0.306292
38, 525, 0.305914
38, 526, 0.305914
39, 458, 0.306292
39, 459, 0.305914
39, 460, 0.305914
39, 461, 0.306292
39, 487, 0.305914
39, 488, 0.305914
40, 479, 0.305914
40, 480, 0.306293
40, 493, 0.306292
40, 494, 0.305914
40, 633, 0.305914
40, 634, 0.305914
41, 476, 0.306293
41, 477, 0.305914
41, 481, 0.305914
41, 482, 0.306292
41, 597, 0.305914
41, 598, 0.305914
42, 162, 0.268470
42, 164, 0.296054
42, 168, 0.281124
42, 170, 0.292563
42, 552, 0.296054
42, 553, 0.281124
43, 163, 0.268470
43, 164, 0.296054
43, 165, 0.281124
43, 166, 0.292563
43, 534, 0.296054
43, 537, 0.281124
44, 165, 0.309546
44, 167, 0.321758
44, 168, 0.309546
44, 169, 0.321758
44, 189, 0.326004
44, 191, 0.326004
45, 171, 0.321758
45, 173, 0.309546
45, 177, 0.309546
45, 179, 0.321758
45, 189, 0.326004
45, 190, 0.326004
46, 172, 0.292563
46, 173, 0.281124
46, 174, 0.296054
46, 175, 0.268470
46, 546, 0.296054
46, 547, 0.281124
47, 174, 0.296054
47, 176, 0.268470
47, 177, 0.281124
47, 178, 0.292563
47, 209, 0.281124
47, 210, 0.296054
48, 180, 0.321758
48, 182, 0.309546
48, 186, 0.309546
48, 188, 0.321758
48, 190, 0.326004
48, 191, 0.326004
49, 181, 0.292563
49, 182, 0.281124
49, 183, 0.296054
49, 184, 0.268470
49, 204, 0.296054
49, 206, 0.281124
50, 183, 0.296054
50, 185, 0.268470
50, 186, 0.281124
50, 187, 0.292563
50, 558, 0.281124
50, 559, 0.296054
51, 192, 0.268470
51, 194, 0.296054
51, 198, 0.281124
51, 200, 0.292563
51, 498, 0.296054
51, 499, 0.281124
52, 193, 0.268470
52, 194, 0.296054
52, 195, 0.281124
52, 196, 0.292563
52, 516, 0.296054
52, 519, 0.281124
53, 195, 0.309546
53, 197, 0.321758
53, 198, 0.309546
53, 199, 0.321758
53, 215, 0.326004
53, 217, 0.326004
54, 201, 0.321758
54, 203, 0.309546
54, 206, 0.309546
54, 207, 0.321758
54, 215, 0.326004
54, 216, 0.326004
55, 202, 0.292563
55, 203, 0.281124
55, 204, 0.296054
55, 205, 0.268470
55, 528, 0.296054
55, 529, 0.281124
56, 208, 0.321758
56, 209, 0.309546
56, 212, 0.309546
56, 214, 0.321758
56, 216, 0.326004
56, 217, 0.326004
57, 210, 0.296054
57, 211, 0.268470
57, 212, 0.281124
57, 213, 0.292563
57, 504, 0.281124
57, 505, 0.296054
58, 218, 0.268470
58, 220, 0.296054
58, 224, 0.281124
58, 226, 0.292563
58, 249, 0.296054
58, 250, 0.281124
59, 219, 0.268470
59, 220, 0.296054
59, 221, 0.281124
59, 222, 0.292563
59, 498, 0.296054
59, 501, 0.281124
60, 221, 0.309546
60, 223, 0.321758
60, 224, 0.309546
60, 225, 0.321758
60, 245, 0.326004
60, 247, 0.326004
61, 227, 0.321758
61, 229, 0.309546
61, 233, 0.309546
61, 235, 0.321758
61, 245, 0.326004
61, 246, 0.326004
62, 228, 0.292563
62, 229, 0.281124
62, 230, 0.296054
62, 231, 0.268470
62, 510, 0.296054
62, 511, 0.281124
63, 230, 0.296054
63, 232, 0.268470
63, 233, 0.281124
63, 234, 0.292563
63, 612, 0.281124
63, 613, 0.296054
64, 236, 0.321758
64, 238, 0.309546
64, 242, 0.309546
64, 244, 0.321758
64, 246, 0.326004
64, 247, 0.326004
65, 237, 0.292563
65, 238, 0.281124
65, 239, 0.296054
65, 240, 0.268470
65, 606, 0.296054
65, 607, 0.281124
66, 239, 0.296054
66, 241, 0.268470
66, 242, 0.281124
66, 243, 0.292563
66, 256, 0.281124
66, 257, 0.296054
67, 248, 0.268470
67, 249, 0.296054
67, 252, 0.281124
67, 254, 0.292563
67, 516, 0.296054
67, 517, 0.281124
68, 250, 0.309546
68, 251, 0.321758
68, 252, 0.309546
68, 253, 0.321758
68, 271, 0.326004
68, 273, 0.326004
69, 255, 0.321758
69, 256, 0.309546
69, 259, 0.309546
69, 261, 0.321758
69, 271, 0.326004
69, 272, 0.326004
70, 257, 0.296054
70, 258, 0.268470
70, 259, 0.281124
70, 260, 0.292563
70, 624, 0.296054
70, 627, 0.281124
71, 262, 0.321758
71, 264, 0.309546
71, 268, 0.309546
71, 270, 0.321758
71, 272, 0.326004
71, 273, 0.326004
72, 263, 0.292563
72, 264, 0.281124
72, 265, 0.296054
72, 266, 0.268470
72, 636, 0.296054
72, 637, 0.281124
73, 265, 0.296054
73, 267, 0.268470
73, 268, 0.281124
73, 269, 0.292563
73, 522, 0.281124
73, 523, 0.296054
74, 274, 0.268470
74, 276, 0.296054
74, 280, 0.281124
74, 282, 0.292563
74, 305, 0.296054
74, 306, 0.281124
75, 275, 0.268470
75, 276, 0.296054
75, 277, 0.281124
75, 278, 0.292563
75, 552, 0.296054
75, 555, 0.281124
76, 277, 0.309546
76, 279, 0.321758
76, 280, 0.309546
76, 281, 0.321758
76, 301, 0.326004
76, 303, 0.326004
77, 283, 0.321758
77, 285, 0.309546
77, 289, 0.309546
77, 291, 0.321758
77, 301, 0.326004
77, 302, 0.326004
78, 284, 0.292563
78, 285, 0.281124
78, 286, 0.296054
78, 287, 0.268470
78, 564, 0.296054
78, 565, 0.281124
79, 286, 0.296054
79, 288, 0.268470
79, 289, 0.281124
79, 290, 0.292563
79, 594, 0.281124
79, 595, 0.296054
80, 292, 0.321758
80, 294, 0.309546
80, 298, 0.309546
80, 300, 0.321758
80, 302, 0.326004
80, 303, 0.326004
81, 293, 0.292563
81, 294, 0.281124
81, 295, 0.296054
81, 296, 0.268470
81, 588, 0.296054
81, 589, 0.281124
82, 295, 0.296054
82, 297, 0.268470
82, 298, 0.281124
82, 299, 0.292563
82, 312, 0.281124
82, 313, 0.296054
83, 304, 0.268470
83, 305, 0.296054
83, 308, 0.281124
83, 310, 0.292563
83, 534, 0.296054
83, 535, 0.281124
84, 306, 0.309546
84, 307, 0.321758
84, 308, 0.309546
84, 309, 0.321758
84, 327, 0.326004
84, 329, 0.326004
85, 311, 0.321758
85, 312, 0.309546
85, 315, 0.309546
85, 317, 0.321758
85, 327, 0.326004
85, 328, 0.326004
86, 313, 0.296054
86, 314, 0.268470
86, 315, 0.281124
86, 316, 0.292563
86, 570, 0.296054
86, 573, 0.281124
87, 318, 0.321758
87, 320, 0.309546
87, 324, 0.309546
87, 326, 0.321758
87, 328, 0.326004
87, 329, 0.326004
88, 319, 0.292563
88, 320, 0.281124
88, 321, 0.296054
88, 322, 0.268470
88, 582, 0.296054
88, 583, 0.281124
89, 321, 0.296054
89, 323, 0.268470
89, 324, 0.281124
89, 325, 0.292563
89, 540, 0.281124
89, 541, 0.296054
90, 330, 0.268470
90, 332, 0.296054
90, 336, 0.281124
90, 338, 0.292563
90, 624, 0.296054
90, 625, 0.281124
91, 331, 0.268470
91, 332, 0.296054
91, 333, 0.281124
91, 334, 0.292563
91, 606, 0.296054
91, 609, 0.281124
92, 333, 0.309546
92, 335, 0.321758
92, 336, 0.309546
92, 337, 0.321758
92, 357, 0.326004
92, 359, 0.326004
93, 339, 0.321758
93, 341, 0.309546
93, 345, 0.309546
93, 347, 0.321758
93, 357, 0.326004
93, 358, 0.326004
94, 340, 0.292563
94, 341, 0.281124
94, 342, 0.296054
94, 343, 0.268470
94, 618, 0.296054
94, 619, 0.281124
95, 342, 0.296054
95, 344, 0.268470
95, 345, 0.281124
95, 346, 0.292563
95, 377, 0.281124
95, 378, 0.296054
96, 348, 0.321758
96, 350, 0.309546
96, 354, 0.309546
96, 356, 0.321758
96, 358, 0.326004
96, 359, 0.326004
97, 349, 0.292563
97, 350, 0.281124
97, 351, 0.296054
97, 352, 0.268470
97, 372, 0.296054
97, 374, 0.281124
98, 351, 0.296054
98, 353, 0.268470
98, 354, 0.281124
98, 355, 0.292563
98, 630, 0.281124
98, 631, 0.296054
99, 360, 0.268470
99, 362, 0.296054
99, 366, 0.281124
99, 368, 0.292563
99, 570, 0.296054
99, 571, 0.281124
100, 361, 0.268470
100, 362, 0.296054
100, 363, 0.281124
100, 364, 0.292563
100, 588, 0.296054
100, 591, 0.281124
101, 363, 0.309546
101, 365, 0.321758
101, 366, 0.309546
101, 367, 0.321758
101, 383, 0.326004
101, 385, 0.326004
102, 369, 0.321758
102, 371, 0.309546
102, 374, 0.309546
102, 375, 0.321758
102, 383, 0.326004
102, 384, 0.326004
103, 370, 0.292563
103, 371, 0.281124
103, 372, 0.296054
103, 373, 0.268470
103, 600, 0.296054
103, 601, 0.281124
104, 376, 0.321758
104, 377, 0.309546
104, 380, 0.309546
104, 382, 0.321758
104, 384, 0.326004
104, 385, 0.326004
105, 378, 0.296054
105, 379, 0.268470
105, 380, 0.281124
105, 381, 0.292563
105, 576, 0.281124
105, 577, 0.296054
106, 386, 0.268470
106, 388, 0.296054
106, 392, 0.281124
106, 394, 0.292563
106, 505, 0.296054
106, 506, 0.281124
107, 387, 0.268470
107, 388, 0.296054
107, 389, 0.281124
107, 390, 0.292563
107, 545, 0.281124
107, 546, 0.296054
108, 389, 0.309546
108, 391, 0.321758
108, 392, 0.309546
108, 393, 0.321758
108, 413, 0.326004
108, 415, 0.326004
109, 395, 0.321758
109, 397, 0.309546
109, 401, 0.309546
109, 403, 0.321758
109, 413, 0.326004
109, 414, 0.326004
110, 396, 0.292563
110, 397, 0.281124
110, 398, 0.296054
110, 399, 0.268470
110, 541, 0.296054
110, 542, 0.281124
111, 398, 0.296054
111, 400, 0.268470
111, 401, 0.281124
111, 402, 0.292563
111, 433, 0.281124
111, 434, 0.296054
112, 404, 0.321758
112, 406, 0.309546
112, 410, 0.309546
112, 412, 0.321758
112, 414, 0.326004
112, 415, 0.326004
113, 405, 0.292563
113, 406, 0.281124
113, 407, 0.296054
113, 408, 0.268470
113, 428, 0.296054
113, 430, 0.281124
114, 407, 0.296054
114, 409, 0.268470
114, 410, 0.281124
114, 411, 0.292563
114, 509, 0.281124
114, 510, 0.296054
115, 416, 0.268470
115, 418, 0.296054
115, 422, 0.281124
115, 424, 0.292563
115, 577, 0.296054
115, 578, 0.281124
116, 417, 0.268470
116, 418, 0.296054
116, 419, 0.281124
116, 420, 0.292563
116, 617, 0.281124
116, 618, 0.296054
117, 419, 0.309546
117, 421, 0.321758
117, 422, 0.309546
117, 423, 0.321758
117, 439, 0.326004
117, 441, 0.326004
118, 425, 0.321758
118, 427, 0.309546
118, 430, 0.309546
118, 431, 0.321758
118, 439, 0.326004
118, 440, 0.326004
119, 426, 0.292563
119, 427, 0.281124
119, 428, 0.296054
119, 429, 0.268470
119, 613, 0.296054
119, 614, 0.281124
120, 432, 0.321758
120, 433, 0.309546
120, 436, 0.309546
120, 438, 0.321758
120, 440, 0.326004
120, 441, 0.326004
121, 434, 0.296054
121, 435, 0.268470
121, 436, 0.281124
121, 437, 0.292563
121, 581, 0.281124
121, 582, 0.296054
122, 442, 0.268470
122, 444, 0.296054
122, 448, 0.281124
122, 450, 0.292563
122, 559, 0.296054
122, 560, 0.281124
123, 443, 0.268470
123, 444, 0.296054
123, 445, 0.281124
123, 446, 0.292563
123, 527, 0.281124
123, 528, 0.296054
124, 445, 0.309546
124, 447, 0.321758
124, 448, 0.309546
124, 449, 0.321758
124, 469, 0.326004
124, 471, 0.326004
125, 451, 0.321758
125, 453, 0.309546
125, 457, 0.309546
125, 459, 0.321758
125, 469, 0.326004
125, 470, 0.326004
126, 452, 0.292563
126, 453, 0.281124
126, 454, 0.296054
126, 455, 0.268470
126, 523, 0.296054
126, 524, 0.281124
127, 454, 0.296054
127, 456, 0.268470
127, 457, 0.281124
127, 458, 0.292563
127, 489, 0.281124
127, 490, 0.296054
128, 460, 0.321758
128, 462, 0.309546
128, 466, 0.309546
128, 468, 0.321758
128, 470, 0.326004
128, 471, 0.326004
129, 461, 0.292563
129, 462, 0.281124
129, 463, 0.296054
129, 464, 0.268470
129, 484, 0.296054
129, 486, 0.281124
130, 463, 0.296054
130, 465, 0.268470
130, 466, 0.281124
130, 467, 0.292563
130, 563, 0.281124
130, 564, 0.296054
131, 472, 0.268470
131, 474, 0.296054
131, 478, 0.281124
131, 480, 0.292563
131, 631, 0.296054
131, 632, 0.281124
132, 473, 0.268470
132, 474, 0.296054
132, 475, 0.281124
132, 476, 0.292563
132, 599, 0.281124
132, 600, 0.296054
133, 475, 0.309546
133, 477, 0.321758
133, 478, 0.309546
133, 479, 0.321758
133, 495, 0.326004
133, 497, 0.326004
134, 481, 0.321758
134, 483, 0.309546
134, 486, 0.309546
134, 487, 0.321758
134, 495, 0.326004
134, 496, 0.326004
135, 482, 0.292563
135, 483, 0.281124
135, 484, 0.296054
135, 485, 0.268470
135, 595, 0.296054
135, 596, 0.281124
136, 488, 0.321758
136, 489, 0.309546
136, 492, 0.309546
136, 494, 0.321758
136, 496, 0.326004
136, 497, 0.326004
137, 490, 0.296054
137, 491, 0.268470
137, 492, 0.281124
137, 493, 0.292563
137, 635, 0.281124
137, 636, 0.296054
138, 499, 0.309546
138, 500, 0.321758
138, 501, 0.309546
138, 502, 0.321758
138, 513, 0.326004
138, 515, 0.326004
139, 503, 0.321758
139, 504, 0.309546
139, 506, 0.309546
139, 507, 0.321758
139, 513, 0.326004
139, 514, 0.326004
140, 508, 0.321758
140, 509, 0.309546
140, 511, 0.309546
140, 512, 0.321758
140, 514, 0.326004
140, 515, 0.326004
141, 517, 0.309546
141, 518, 0.321758
141, 519, 0.309546
141, 520, 0.321758
141, 531, 0.326004
141, 533, 0.326004
142, 521, 0.321758
142, 522, 0.309546
142, 524, 0.309546
142, 525, 0.321758
142, 531, 0.326004
142, 532, 0.326004
143, 526, 0.321758
143, 527, 0.309546
143, 529, 0.309546
143, 530, 0.321758
143, 532, 0.326004
143, 533, 0.326004
144, 535, 0.309546
144, 536, 0.321758
144, 537, 0.309546
144, 538, 0.321758
144, 549, 0.326004
144, 551, 0.326004
145, 539, 0.321758
145, 540, 0.309546
145, 542, 0.309546
145, 543, 0.321758
145, 549, 0.326004
145, 550, 0.326004
146, 544, 0.321758
146, 545, 0.309546
146, 547, 0.309546
146, 548, 0.321758
146, 550, 0.326004
146, 551, 0.326004
147, 553, 0.309546
147, 554, 0.321758
147, 555, 0.309546
147, 556, 0.321758
147, 567, 0.326004
147, 569, 0.326004
148, 557, 0.321758
148, 558, 0.309546
148, 560, 0.309546
148, 561, 0.321758
148, 567, 0.326004
148, 568, 0.326004
149, 562, 0.321758
149, 563, 0.309546
149, 565, 0.309546
149, 566, 0.321758
149, 568, 0.326004
149, 569, 0.326004
150, 571, 0.309546
150, 572, 0.321758
150, 573, 0.309546
150, 574, 0.321758
150, 585, 0.326004
150, 587, 0.326004
151, 575, 0.321758
151, 576, 0.309546
151, 578, 0.309546
151, 579, 0.321758
151, 585, 0.326004
151, 586, 0.326004
152, 580, 0.321758
152, 581, 0.309546
152, 583, 0.309546
152, 584, 0.321758
152, 586, 0.326004
152, 587, 0.326004
153, 589, 0.309546
153, 590, 0.321758
153, 591, 0.309546
153, 592, 0.321758
153, 603, 0.326004
153, 605, 0.326004
154, 593, 0.321758
154, 594, 0.309546
154, 596, 0.309546
154, 597, 0.321758
154, 603, 0.326004
154, 604, 0.326004
155, 598, 0.321758
155, 599, 0.309546
155, 601, 0.309546
155, 602, 0.321758
155, 604, 0.326004
155, 605, 0.326004
156, 607, 0.309546
156, 608, 0.321758
156, 609, 0.309546
156, 610, 0.321758
156, 621, 0.326004
156, 623, 0.326004
157, 611, 0.321758
157, 612, 0.309546
157, 614, 0.309546
157, 615, 0.321758
157, 621, 0.326004
157, 622, 0.326004
158, 616, 0.321758
158, 617, 0.309546
158, 619, 0.309546
158, 620, 0.321758
158, 622, 0.326004
158, 623, 0.326004
159, 625, 0.309546
159, 626, 0.321758
159, 627, 0.309546
159, 628, 0.321758
159, 639, 0.326004
159, 641, 0.326004
160, 629, 0.321758
160, 630, 0.309546
160, 632, 0.309546
160, 633, 0.321758
160, 639, 0.326004
160, 640, 0.326004
161, 634, 0.321758
161, 635, 0.309546
161, 637, 0.309546
161, 638, 0.321758
161, 640, 0.326004
161, 641, 0.326004
162, 163, 0.280363
162, 164, 0.260667
162, 275, 0.280363
162, 552, 0.260667
163, 164, 0.260667
163, 304, 0.280363
163, 534, 0.260667
164, 165, 0.290954
164, 168, 0.290954
165, 166, 0.305349
165, 167, 0.312723
165, 168, 0.312773
166, 167, 0.297249
166, 537, 0.305349
166, 538, 0.297249
167, 171, 0.320715
167, 189, 0.320658
168, 169, 0.312723
168, 170, 0.305349
169, 170, 0.297249
169, 188, 0.320715
169, 191, 0.320658
170, 553, 0.305349
170, 554, 0.297249
171, 172, 0.297249
171, 173, 0.312723
171, 189, 0.320658
172, 173, 0.305349
172, 547, 0.305349
172, 548, 0.297249
173, 174, 0.290954
173, 177, 0.312773
174, 175, 0.260667
174, 176, 0.260667
174, 177, 0.290954
175, 176, 0.280363
175, 387, 0.280363
175, 546, 0.260667
176, 210, 0.260667
176, 211, 0.280363
177, 178, 0.305349
177, 179, 0.312723
178, 179, 0.297249
178, 208, 0.297249
178, 209, 0.305349
179, 180, 0.320715
179, 190, 0.320658
180, 181, 0.297249
180, 182, 0.312723
180, 190, 0.320658
181, 182, 0.305349
181, 206, 0.305349
181, 207, 0.297249
182, 183, 0.290954
182, 186, 0.312773
183, 184, 0.260667
183, 185, 0.260667
183, 186, 0.290954
184, 185, 0.280363
184, 204, 0.260667
184, 205, 0.280363
185, 442, 0.280363
185, 559, 0.260667
186, 187, 0.305349
186, 188, 0.312723
187, 188, 0.297249
187, 557, 0.297249
187, 558, 0.305349
188, 191, 0.320658
189, 190, 0.329294
189, 191, 0.329294
190, 191, 0.329294
192, 193, 0.280363
192, 194, 0.260667
192, 219, 0.280363
192, 498, 0.260667
193, 194, 0.260667
193, 248, 0.280363
193, 516, 0.260667
194, 195, 0.290954
194, 198, 0.290954
195, 196, 0.305349
195, 197, 0.312723
195, 198, 0.312773
196, 197, 0.297249
196, 519, 0.305349
196, 520, 0.297249
197, 201, 0.320715
197, 215, 0.320658
198, 199, 0.312723
198, 200, 0.305349
199, 200, 0.297249
199, 214, 0.320715
199, 217, 0.320658
200, 499, 0.305349
200, 500, 0.297249
201, 202, 0.297249
201, 203, 0.312723
201, 215, 0.320658
202, 203, 0.305349
202, 529, 0.305349
202, 530, 0.297249
203, 204, 0.290954
203, 206, 0.312773
204, 205, 0.260667
204, 206, 0.290954
205, 443, 0.280363
205, 528, 0.260667
206, 207, 0.312723
207, 208, 0.320715
207, 216, 0.320658
208, 209, 0.312723
208, 216, 0.320658
209, 210, 0.290954
209, 212, 0.312773
210, 211, 0.260667
210, 212, 0.290954
211, 386, 0.280363
211, 505, 0.260667
212, 213, 0.305349
212, 214, 0.312723
213, 214, 0.297249
213, 503, 0.297249
213, 504, 0.305349
214, 217, 0.320658
215, 216, 0.329294
215, 217, 0.329294
216, 217, 0.329294
218, 219, 0.280363
218, 220, 0.260667
218, 248, 0.280363
218, 249, 0.260667
219, 220, 0.260667
219, 498, 0.260667
220, 221, 0.290954
220, 224, 0.290954
221, 222, 0.305349
221, 223, 0.312723
221, 224, 0.312773
222, 223, 0.297249
222, 501, 0.305349
222, 502, 0.297249
223, 227, 0.320715
223, 245, 0.320658
224, 225, 0.312723
224, 226, 0.305349
225, 226, 0.297249
225, 244, 0.320715
225, 247, 0.320658
226, 250, 0.305349
226, 251, 0.297249
227, 228, 0.297249
227, 229, 0.312723
227, 245, 0.320658
228, 229, 0.305349
228, 511, 0.305349
228, 512, 0.297249
229, 230, 0.290954
229, 233, 0.312773
230, 231, 0.260667
230, 232, 0.260667
230, 233, 0.290954
231, 232, 0.280363
231, 409, 0.280363
231, 510, 0.260667
232, 429, 0.280363
232, 613, 0.260667
233, 234, 0.305349
233, 235, 0.312723
234, 235, 0.297249
234, 611, 0.297249
234, 612, 0.305349
235, 236, 0.320715
235, 246, 0.320658
236, 237, 0.297249
236, 238, 0.312723
236, 246, 0.320658
237, 238, 0.305349
237, 607, 0.305349
237, 608, 0.297249
238, 239, 0.290954
238, 242, 0.312773
239, 240, 0.260667
239, 241, 0.260667
239, 242, 0.290954
240, 241, 0.280363
240, 331, 0.280363
240, 606, 0.260667
241, 257, 0.260667
241, 258, 0.280363
242, 243, 0.305349
242, 244, 0.312723
243, 244, 0.297249
243, 255, 0.297249
243, 256, 0.305349
244, 247, 0.320658
245, 246, 0.329294
245, 247, 0.329294
246, 247, 0.329294
248, 249, 0.260667
248, 516, 0.260667
249, 250, 0.290954
249, 252, 0.290954
250, 251, 0.312723
250, 252, 0.312773
251, 255, 0.320715
251, 271, 0.320658
252, 253, 0.312723
252, 254, 0.305349
253, 254, 0.297249
253, 270, 0.320715
253, 273, 0.320658
254, 517, 0.305349
254, 518, 0.297249
255, 256, 0.312723
255, 271, 0.320658
256, 257, 0.290954
256, 259, 0.312773
257, 258, 0.260667
257, 259, 0.290954
258, 330, 0.280363
258, 624, 0.260667
259, 260, 0.305349
259, 261, 0.312723
260, 261, 0.297249
260, 627, 0.305349
260, 628, 0.297249
261, 262, 0.320715
261, 272, 0.320658
262, 263, 0.297249
262, 264, 0.312723
262, 272, 0.320658
263, 264, 0.305349
263, 637, 0.305349
263, 638, 0.297249
264, 265, 0.290954
264, 268, 0.312773
265, 266, 0.260667
265, 267, 0.260667
265, 268, 0.290954
266, 267, 0.280363
266, 491, 0.280363
266, 636, 0.260667
267, 455, 0.280363
267, 523, 0.260667
268, 269, 0.305349
268, 270, 0.312723
269, 270, 0.297249
269, 521, 0.297249
269, 522, 0.305349
270, 273, 0.320658
271, 272, 0.329294
271, 273, 0.329294
272, 273, 0.329294
274, 275, 0.280363
274, 276, 0.260667
274, 304, 0.280363
274, 305, 0.260667
275, 276, 0.260667
275, 552, 0.260667
276, 277, 0.290954
276, 280, 0.290954
277, 278, 0.305349
277, 279, 0.312723
277, 280, 0.312773
278, 279, 0.297249
278, 555, 0.305349
278, 556, 0.297249
279, 283, 0.320715
279, 301, 0.320658
280, 281, 0.312723
280, 282, 0.305349
281, 282, 0.297249
281, 300, 0.320715
281, 303, 0.320658
282, 306, 0.305349
282, 307, 0.297249
283, 284, 0.297249
283, 285, 0.312723
283, 301, 0.320658
284, 285, 0.305349
284, 565, 0.305349
284, 566, 0.297249
285, 286, 0.290954
285, 289, 0.312773
286, 287, 0.260667
286, 288, 0.260667
286, 289, 0.290954
287, 288, 0.280363
287, 465, 0.280363
287, 564, 0.260667
288, 485, 0.280363
288, 595, 0.260667
289, 290, 0.305349
289, 291, 0.312723
290, 291, 0.297249
290, 593, 0.297249
290, 594, 0.305349
291, 292, 0.320715
291, 302, 0.320658
292, 293, 0.297249
292, 294, 0.312723
292, 302, 0.320658
293, 294, 0.305349
293, 589, 0.305349
293, 590, 0.297249
294, 295, 0.290954
294, 298, 0.312773
295, 296, 0.260667
295, 297, 0.260667
295, 298, 0.290954
296, 297, 0.280363
296, 361, 0.280363
296, 588, 0.260667
297, 313, 0.260667
297, 314, 0.280363
298, 299, 0.305349
298, 300, 0.312723
299, 300, 0.297249
299, 311, 0.297249
299, 312, 0.305349
300, 303, 0.320658
301, 302, 0.329294
301, 303, 0.329294
302, 303, 0.329294
304, 305, 0.260667
304, 534, 0.260667
305, 306, 0.290954
305, 308, 0.290954
306, 307, 0.312723
306, 308, 0.312773
307, 311, 0.320715
307, 327, 0.320658
308, 309, 0.312723
308, 310, 0.305349
309, 310, 0.297249
309, 326, 0.320715
309, 329, 0.320658
310, 535, 0.305349
310, 536, 0.297249
311, 312, 0.312723
311, 327, 0.320658
312, 313, 0.290954
312, 315, 0.312773
313, 314, 0.260667
313, 315, 0.290954
314, 360, 0.280363
314, 570, 0.260667
315, 316, 0.305349
315, 317, 0.312723
316, 317, 0.297249
316, 573, 0.305349
316, 574, 0.297249
317, 318, 0.320715
317, 328, 0.320658
318, 319, 0.297249
318, 320, 0.312723
318, 328, 0.320658
319, 320, 0.305349
319, 583, 0.305349
319, 584, 0.297249
320, 321, 0.290954
320, 324, 0.312773
321, 322, 0.260667
321, 323, 0.260667
321, 324, 0.290954
322, 323, 0.280363
322, 435, 0.280363
322, 582, 0.260667
323, 399, 0.280363
323, 541, 0.260667
324, 325, 0.305349
324, 326, 0.312723
325, 326, 0.297249
325, 539, 0.297249
325, 540, 0.305349
326, 329, 0.320658
327, 328, 0.329294
327, 329, 0.329294
328, 329, 0.329294
330, 331, 0.280363
330, 332, 0.260667
330, 624, 0.260667
331, 332, 0.260667
331, 606, 0.260667
332, 333, 0.290954
332, 336, 0.290954
333, 334, 0.305349
333, 335, 0.312723
333, 336, 0.312773
334, 335, 0.297249
334, 609, 0.305349
334, 610, 0.297249
335, 339, 0.320715
335, 357, 0.320658
336, 337, 0.312723
336, 338, 0.305349
337, 338, 0.297249
337, 356, 0.320715
337, 359, 0.320658
338, 625, 0.305349
338, 626, 0.297249
339, 340, 0.297249
339, 341, 0.312723
339, 357, 0.320658
340, 341, 0.305349
340, 619, 0.305349
340, 620, 0.297249
341, 342, 0.290954
341, 345, 0.312773
342, 343, 0.260667
342, 344, 0.260667
342, 345, 0.290954
343, 344, 0.280363
343, 417, 0.280363
343, 618, 0.260667
344, 378, 0.260667
344, 379, 0.280363
345, 346, 0.305349
345, 347, 0.312723
346, 347, 0.297249
346, 376, 0.297249
346, 377, 0.305349
347, 348, 0.320715
347, 358, 0.320658
348, 349, 0.297249
348, 350, 0.312723
348, 358, 0.320658
349, 350, 0.305349
349, 374, 0.305349
349, 375, 0.297249
350, 351, 0.290954
350, 354, 0.312773
351, 352, 0.260667
351, 353, 0.260667
351, 354, 0.290954
352, 353, 0.280363
352, 372, 0.260667
352, 373, 0.280363
353, 472, 0.280363
353, 631, 0.260667
354, 355, 0.305349
354, 356, 0.312723
355, 356, 0.297249
355, 629, 0.297249
355, 630, 0.305349
356, 359, 0.320658
357, 358, 0.329294
357, 359, 0.329294
358, 359, 0.329294
360, 361, 0.280363
360, 362, 0.260667
360, 570, 0.260667
361, 362, 0.260667
361, 588, 0.260667
362, 363, 0.290954
362, 366, 0.290954
363, 364, 0.305349
363, 365, 0.312723
363, 366, 0.312773
364, 365, 0.297249
364, 591, 0.305349
364, 592, 0.297249
365, 369, 0.320715
365, 383, 0.320658
366, 367, 0.312723
366, 368, 0.305349
367, 368, 0.297249
367, 382, 0.320715
367, 385, 0.320658
368, 571, 0.305349
368, 572, 0.297249
369, 370, 0.297249
369, 371, 0.312723
369, 383, 0.320658
370, 371, 0.305349
370, 601, 0.305349
370, 602, 0.297249
371, 372, 0.290954
371, 374, 0.312773
372, 373, 0.260667
372, 374, 0.290954
373, 473, 0.280363
373, 600, 0.260667
374, 375, 0.312723
375, 376, 0.320715
375, 384, 0.320658
376, 377, 0.312723
376, 384, 0.320658
377, 378, 0.290954
377, 380, 0.312773
378, 379, 0.260667
378, 380, 0.290954
379, 416, 0.280363
379, 577, 0.260667
380, 381, 0.305349
380, 382, 0.312723
381, 382, 0.297249
381, 575, 0.297249
381, 576, 0.305349
382, 385, 0.320658
383, 384, 0.329294
383, 385, 0.329294
384, 385, 0.329294
386, 387, 0.280363
386, 388, 0.260667
386, 505, 0.260667
387, 388, 0.260667
387, 546, 0.260667
388, 389, 0.290954
388, 392, 0.290954
389, 390, 0.305349
389, 391, 0.312723
389, 392, 0.312773
390, 391, 0.297249
390, 544, 0.297249
390, 545, 0.305349
391, 395, 0.320715
391, 413, 0.320658
392, 393, 0.312723
392, 394, 0.305349
393, 394, 0.297249
393, 412, 0.320715
393, 415, 0.320658
394, 506, 0.305349
394, 507, 0.297249
395, 396, 0.297249
395, 397, 0.312723
395, 413, 0.320658
396, 397, 0.305349
396, 542, 0.305349
396, 543, 0.297249
397, 398, 0.290954
397, 401, 0.312773
398, 399, 0.260667
398, 400, 0.260667
398, 401, 0.290954
399, 400, 0.280363
399, 541, 0.260667
400, 434, 0.260667
400, 435, 0.280363
401, 402, 0.305349
401, 403, 0.312723
402, 403, 0.297249
402, 432, 0.297249
402, 433, 0.305349
403, 404, 0.320715
403, 414, 0.320658
404, 405, 0.297249
404, 406, 0.312723
404, 414, 0.320658
405, 406, 0.305349
405, 430, 0.305349
405, 431, 0.297249
406, 407, 0.290954
406, 410, 0.312773
407, 408, 0.260667
407, 409, 0.260667
407, 410, 0.290954
408, 409, 0.280363
408, 428, 0.260667
408, 429, 0.280363
409, 510, 0.260667
410, 411, 0.305349
410, 412, 0.312723
411, 412, 0.297249
411, 508, 0.297249
411, 509, 0.305349
412, 415, 0.320658
413, 414, 0.329294
413, 415, 0.329294
414, 415, 0.329294
416, 417, 0.280363
416, 418, 0.260667
416, 577, 0.260667
417, 418, 0.260667
417, 618, 0.260667
418, 419, 0.290954
418, 422, 0.290954
419, 420, 0.305349
419, 421, 0.312723
419, 422, 0.312773
420, 421, 0.297249
420, 616, 0.297249
420, 617, 0.305349
421, 425, 0.320715
421, 439, 0.320658
422, 423, 0.312723
422, 424, 0.305349
423, 424, 0.297249
423, 438, 0.320715
423, 441, 0.320658
424, 578, 0.305349
424, 579, 0.297249
425, 426, 0.297249
425, 427, 0.312723
425, 439, 0.320658
426, 427, 0.305349
426, 614, 0.305349
426, 615, 0.297249
427, 428, 0.290954
427, 430, 0.312773
428, 429, 0.260667
428, 430, 0.290954
429, 613, 0.260667
430, 431, 0.312723
431, 432, 0.320715
431, 440, 0.320658
432, 433, 0.312723
432, 440, 0.320658
433, 434, 0.290954
433, 436, 0.312773
434, 435, 0.260667
434, 436, 0.290954
435, 582, 0.260667
436, 437, 0.305349
436, 438, 0.312723
437, 438, 0.297249
437, 580, 0.297249
437, 581, 0.305349
438, 441, 0.320658
439, 440, 0.329294
439, 441, 0.329294
440, 441, 0.329294
442, 443, 0.280363
442, 444, 0.260667
442, 559, 0.260667
443, 444, 0.260667
443, 528, 0.260667
444, 445, 0.290954
444, 448, 0.290954
445, 446, 0.305349
445, 447, 0.312723
445, 448, 0.312773
446, 447, 0.297249
446, 526, 0.297249
446, 527, 0.305349
447, 451, 0.320715
447, 469, 0.320658
448, 449, 0.312723
448, 450, 0.305349
449, 450, 0.297249
449, 468, 0.320715
449, 471, 0.320658
450, 560, 0.305349
450, 561, 0.297249
451, 452, 0.297249
451, 453, 0.312723
451, 469, 0.320658
452, 453, 0.305349
452, 524, 0.305349
452, 525, 0.297249
453, 454, 0.290954
453, 457, 0.312773
454, 455, 0.260667
454, 456, 0.260667
454, 457, 0.290954
455, 456, 0.280363
455, 523, 0.260667
456, 490, 0.260667
456, 491, 0.280363
457, 458, 0.305349
457, 459, 0.312723
458, 459, 0.297249
458, 488, 0.297249
458, 489, 0.305349
459, 460, 0.320715
459, 470, 0.320658
460, 461, 0.297249
460, 462, 0.312723
460, 470, 0.320658
461, 462, 0.305349
461, 486, 0.305349
461, 487, 0.297249
462, 463, 0.290954
462, 466, 0.312773
463, 464, 0.260667
463, 465, 0.260667
463, 466, 0.290954
464, 465, 0.280363
464, 484, 0.260667
464, 485, 0.280363
465, 564, 0.260667
466, 467, 0.305349
466, 468, 0.312723
467, 468, 0.297249
467, 562, 0.297249
467, 563, 0.305349
468, 471, 0.320658
469, 470, 0.329294
469, 471, 0.329294
470, 471, 0.329294
472, 473, 0.280363
472, 474, 0.260667
472, 631, 0.260667
473, 474, 0.260667
473, 600, 0.260667
474, 475, 0.290954
474, 478, 0.290954
475, 476, 0.305349
475, 477, 0.312723
475, 478, 0.312773
476, 477, 0.297249
476, 598, 0.297249
476, 599, 0.305349
477, 481, 0.320715
477, 495, 0.320658
478, 479, 0.312723
478, 480, 0.305349
479, 480, 0.297249
479, 494, 0.320715
479, 497, 0.320658
480, 632, 0.305349
480, 633, 0.297249
481, 482, 0.297249
481, 483, 0.312723
481, 495, 0.320658
482, 483, 0.305349
482, 596, 0.305349
482, 597, 0.297249
483, 484, 0.290954
483, 486, 0.312773
484, 485, 0.260667
484, 486, 0.290954
485, 595, 0.260667
486, 487, 0.312723
487, 488, 0.320715
487, 496, 0.320658
488, 489, 0.312723
488, 496, 0.320658
489, 490, 0.290954
489, 492, 0.312773
490, 491, 0.260667
490, 492, 0.290954
491, 636, 0.260667
492, 493, 0.305349
492, 494, 0.312723
493, 494, 0.297249
493, 634, 0.297249
493, 635, 0.305349
494, 497, 0.320658
495, 496, 0.329294
495, 497, 0.329294
496, 497, 0.329294
498, 499, 0.290954
498, 501, 0.290954
499, 500, 0.312723
499, 501, 0.312773
500, 503, 0.320715
500, 513, 0.320658
501, 502, 0.312723
502, 512, 0.320715
502, 515, 0.320658
503, 504, 0.312723
503, 513, 0.320658
504, 505, 0.290954
504, 506, 0.312773
505, 506, 0.290954
506, 507, 0.312723
507, 508, 0.320715
507, 514, 0.320658
508, 509, 0.312723
508, 514, 0.320658
509, 510, 0.290954
509, 511, 0.312773
510, 511, 0.290954
511, 512, 0.312723
512, 515, 0.320658
513, 514, 0.329294
513, 515, 0.329294
514, 515, 0.329294
516, 517, 0.290954
516, 519, 0.290954
517, 518, 0.312723
517, 519, 0.312773
518, 521, 0.320715
518, 531, 0.320658
519, 520, 0.312723
520, 530, 0.320715
520, 533, 0.320658
521, 522, 0.312723
521, 531, 0.320658
522, 523, 0.290954
522, 524, 0.312773
523, 524, 0.290954
524, 525, 0.312723
525, 526, 0.320715
525, 532, 0.320658
526, 527, 0.312723
526, 532, 0.320658
527, 528, 0.290954
527, 529, 0.312773
528, 529, 0.290954
529, 530, 0.312723
530, 533, 0.320658
531, 532, 0.329294
531, 533, 0.329294
532, 533, 0.329294
534, 535, 0.290954
534, 537, 0.290954
535, 536, 0.312723
535, 537, 0.312773
536, 539, 0.320715
536, 549, 0.320658
537, 538, 0.312723
538, 548, 0.320715
538, 551, 0.320658
539, 540, 0.312723
539, 549, 0.320658
540, 541, 0.290954
540, 542, 0.312773
541, 542, 0.290954
542, 543, 0.312723
543, 544, 0.320715
543, 550, 0.320658
544, 545, 0.312723
544, 550, 0.320658
545, 546, 0.290954
545, 547, 0.312773
546, 547, 0.290954
547, 548, 0.312723
548, 551, 0.320658
549, 550, 0.329294
549, 551, 0.329294
550, 551, 0.329294
552, 553, 0.290954
552, 555, 0.290954
553, 554, 0.312723
553, 555, 0.312773
554, 557, 0.320715
554, 567, 0.320658
555, 556, 0.312723
556, 566, 0.320715
556, 569, 0.320658
557, 558, 0.312723
557, 567, 0.320658
558, 559, 0.290954
558, 560, 0.312773
559, 560, 0.290954
560, 561, 0.312723
561, 562, 0.320715
561, 568, 0.320658
562, 563, 0.312723
562, 568, 0.320658
563, 564, 0.290954
563, 565, 0.312773
564, 565, 0.290954
565, 566, 0.312723
566, 569, 0.320658
567, 568, 0.329294
567, 569, 0.329294
568, 569, 0.329294
570, 571, 0.290954
570, 573, 0.290954
571, 572, 0.312723
571, 573, 0.312773
572, 575, 0.320715
572, 585, 0.320658
573, 574, 0.312723
574, 584, 0.320715
574, 587, 0.320658
575, 576, 0.312723
575, 585, 0.320658
576, 577, 0.290954
576, 578, 0.312773
577, 578, 0.290954
578, 579, 0.312723
579, 580, 0.320715
579, 586, 0.320658
580, 581, 0.312723
580, 586, 0.320658
581, 582, 0.290954
581, 583, 0.312773
582, 583, 0.290954
583, 584, 0.312723
584, 587, 0.320658
585, 586, 0.329294
585, 587, 0.329294
586, 587, 0.329294
588, 589, 0.290954
588, 591, 0.290954
589, 590, 0.312723
589, 591, 0.312773
590, 593, 0.320715
590, 603, 0.320658
591, 592, 0.312723
592, 602, 0.320715
592, 605, 0.320658
593, 594, 0.312723
593, 603, 0.320658
594, 595, 0.290954
594, 596, 0.312773
595, 596, 0.290954
596, 597, 0.312723
597, 598, 0.320715
597, 604, 0.320658
598, 599, 0.312723
598, 604, 0.320658
599, 600, 0.290954
599, 601, 0.312773
600, 601, 0.290954
601, 602, 0.312723
602, 605, 0.320658
603, 604, 0.329294
603, 605, 0.329294
604, 605, 0.329294
606, 607, 0.290954
606, 609, 0.290954
607, 608, 0.312723
607, 609, 0.312773
608, 611, 0.320715
608, 621, 0.320658
609, 610, 0.312723
610, 620, 0.320715
610, 623, 0.320658
611, 612, 0.312723
611, 621, 0.320658
612, 613, 0.290954
612, 614, 0.312773
613, 614, 0.290954
614, 615, 0.312723
615, 616, 0.320715
615, 622, 0.320658
616, 617, 0.312723
616, 622, 0.320658
617, 618, 0.290954
617, 619, 0.312773
618, 619, 0.290954
619, 620, 0.312723
620, 623, 0.320658
621, 622, 0.329294
621, 623, 0.329294
622, 623, 0.329294
624, 625, 0.290954
624, 627, 0.290954
625, 626, 0.312723
625, 627, 0.312773
626, 629, 0.320715
626, 639, 0.320658
627, 628, 0.312723
628, 638, 0.320715
628, 641, 0.320658
629, 630, 0.312723
629, 639, 0.320658
630, 631, 0.290954
630, 632, 0.312773
631, 632, 0.290954
632, 633, 0.312723
633, 634, 0.320715
633, 640, 0.320658
634, 635, 0.312723
634, 640, 0.320658
635, 636, 0.290954
635, 637, 0.312773
636, 637, 0.290954
637, 638, 0.312723
638, 641, 0.320658
639, 640, 0.329294
639, 641, 0.329294
640, 641, 0.329294
