source_idx: 604
h_value: 0.100000

points:
0.000000, 0.350291, -0.566782, 0.952983
0.000000, 0.350291, 0.566782, 1.595126
0.000000, -0.350291, 0.566782, 1.140237
-0.350291, 0.566782, 0.000000, 1.687086
-0.350291, -0.566782, 0.000000, 0.952983
0.350291, 0.566782, 0.000000, 1.140237
0.350291, -0.566782, 0.000000, 0.406134
0.000000, -0.350291, -0.566782, 0.498094
0.566782, 0.000000, 0.350291, 0.857441
-0.566782, 0.000000, 0.350291, 1.687086
-0.566782, 0.000000, -0.350291, 1.235780
0.566782, 0.000000, -0.350291, 0.406135
0.205896, 0.539042, -0.333146, 1.046610
-0.205896, 0.539042, -0.333146, 1.320515
0.000000, 0.666293, 0.000000, 1.446072
-0.205896, 0.539042, 0.333146, 1.813204
0.205896, 0.539042, 0.333146, 1.405818
0.000000, 0.000000, 0.666293, 1.405818
-0.333146, 0.205896, 0.539042, 1.813204
-0.333146, -0.205896, 0.539042, 1.446072
0.333146, 0.205896, 0.539042, 1.226283
0.333146, -0.205896, 0.539042, 0.991696
0.000000, 0.000000, -0.666293, 0.687403
0.333146, 0.205896, -0.539042, 0.647148
0.333146, -0.205896, -0.539042, 0.280017
-0.333146, 0.205896, -0.539042, 1.101524
-0.333146, -0.205896, -0.539042, 0.866937
0.205896, -0.539042, 0.333146, 0.772705
-0.205896, -0.539042, 0.333146, 1.046610
0.000000, -0.666293, 0.000000, 0.647148
-0.205896, -0.539042, -0.333146, 0.687403
0.205896, -0.539042, -0.333146, 0.280017
-0.539042, 0.333146, 0.205896, 1.913547
-0.539042, 0.333146, -0.205896, 1.515074
-0.666293, 0.000000, 0.000000, 1.515074
-0.539042, -0.333146, -0.205896, 1.101524
-0.539042, -0.333146, 0.205896, 1.320515
0.539042, 0.333146, -0.205896, 0.772705
0.539042, 0.333146, 0.205896, 0.991696
0.666293, 0.000000, 0.000000, 0.578147
0.539042, -0.333146, 0.205896, 0.578147
0.539042, -0.333146, -0.205896, 0.179673
0.098359, 0.454224, -0.477443, 0.994150
-0.098359, 0.454224, -0.477443, 1.121555
0.000000, 0.566782, -0.350291, 1.187640
-0.108246, 0.633682, -0.175145, 1.400671
-0.295076, 0.575802, -0.159148, 1.519248
-0.196717, 0.636591, 0.000000, 1.591850
0.108246, 0.633682, -0.175145, 1.247283
0.196717, 0.636591, 0.000000, 1.283581
0.295076, 0.575802, -0.159148, 1.099071
-0.098359, 0.454224, 0.477443, 1.721005
0.098359, 0.454224, 0.477443, 1.524303
0.000000, 0.566782, 0.350291, 1.611548
0.108246, 0.633682, 0.175145, 1.447922
0.295076, 0.575802, 0.159148, 1.266385
-0.108246, 0.633682, 0.175145, 1.639143
-0.295076, 0.575802, 0.159148, 1.787533
0.000000, 0.196717, 0.636591, 1.524303
-0.159148, 0.295076, 0.575802, 1.721005
-0.175145, 0.108246, 0.633682, 1.611548
-0.350291, 0.000000, 0.566782, 1.639143
-0.477443, 0.098359, 0.454224, 1.787533
-0.477443, -0.098359, 0.454224, 1.591850
-0.175145, -0.108246, 0.633682, 1.447922
-0.159148, -0.295076, 0.575802, 1.283580
0.000000, -0.196717, 0.636591, 1.266385
0.159148, 0.295076, 0.575802, 1.425977
0.175145, 0.108246, 0.633682, 1.328055
0.175145, -0.108246, 0.633682, 1.198927
0.159148, -0.295076, 0.575802, 1.072820
0.350291, 0.000000, 0.566782, 1.111193
0.477443, -0.098359, 0.454224, 0.914735
0.477443, 0.098359, 0.454224, 1.026590
0.000000, 0.196717, -0.636591, 0.826835
0.159148, 0.295076, -0.575802, 0.809640
0.175145, 0.108246, -0.633682, 0.645299
0.350291, 0.000000, -0.566782, 0.454078
0.477443, 0.098359, -0.454224, 0.501370
0.477443, -0.098359, -0.454224, 0.305688
0.175145, -0.108246, -0.633682, 0.481673
0.159148, -0.295076, -0.575802, 0.372215
0.000000, -0.196717, -0.636591, 0.568918
-0.159148, 0.295076, -0.575802, 1.020400
-0.175145, 0.108246, -0.633682, 0.894293
-0.175145, -0.108246, -0.633682, 0.765165
-0.159148, -0.295076, -0.575802, 0.667243
-0.350291, 0.000000, -0.566782, 0.982027
-0.477443, -0.098359, -0.454224, 1.066631
-0.477443, 0.098359, -0.454224, 1.178486
0.098359, -0.454224, 0.477443, 0.971666
-0.098359, -0.454224, 0.477443, 1.099071
0.000000, -0.566782, 0.350291, 0.905581
-0.108246, -0.633682, 0.175145, 0.845937
-0.295076, -0.575802, 0.159148, 0.994150
-0.196717, -0.636591, 0.000000, 0.809640
0.108246, -0.633682, 0.175145, 0.692549
0.196717, -0.636591, 0.000000, 0.501370
0.295076, -0.575802, 0.159148, 0.573972
-0.098359, -0.454224, -0.477443, 0.568918
0.098359, -0.454224, -0.477443, 0.372215
0.000000, -0.566782, -0.350291, 0.481673
0.108246, -0.633682, -0.175145, 0.454078
0.295076, -0.575802, -0.159148, 0.305688
-0.108246, -0.633682, -0.175145, 0.645299
-0.295076, -0.575802, -0.159148, 0.826835
-0.454224, 0.477443, 0.098359, 1.826419
-0.454224, 0.477443, -0.098359, 1.631471
-0.566782, 0.350291, 0.000000, 1.719348
-0.633682, 0.175145, -0.108246, 1.544705
-0.575802, 0.159148, -0.295076, 1.369745
-0.636591, 0.000000, -0.196717, 1.369745
-0.633682, 0.175145, 0.108246, 1.719348
-0.636591, 0.000000, 0.196717, 1.631471
-0.575802, 0.159148, 0.295076, 1.826419
-0.454224, -0.477443, -0.098359, 1.020400
-0.454224, -0.477443, 0.098359, 1.121555
-0.566782, -0.350291, 0.000000, 1.217286
-0.633682, -0.175145, 0.108246, 1.434645
-0.575802, -0.159148, 0.295076, 1.519248
-0.633682, -0.175145, -0.108246, 1.308640
-0.575802, -0.159148, -0.295076, 1.178486
0.454224, 0.477443, -0.098359, 0.971666
0.454224, 0.477443, 0.098359, 1.072820
0.566782, 0.350291, 0.000000, 0.875934
0.633682, 0.175145, 0.108246, 0.784581
0.575802, 0.159148, 0.295076, 0.914735
0.636591, 0.000000, 0.196717, 0.723476
0.633682, 0.175145, -0.108246, 0.658576
0.636591, 0.000000, -0.196717, 0.461749
0.575802, 0.159148, -0.295076, 0.573972
0.454224, -0.477443, 0.098359, 0.461749
0.454224, -0.477443, -0.098359, 0.266801
0.566782, -0.350291, 0.000000, 0.373872
0.633682, -0.175145, -0.108246, 0.373872
0.575802, -0.159148, -0.295076, 0.266801
0.633682, -0.175145, 0.108246, 0.548516
0.575802, -0.159148, 0.295076, 0.723476
-0.283391, 0.391637, 0.458537, 1.904051
-0.391637, 0.458537, 0.283391, 1.984493
-0.458537, 0.283391, 0.391637, 1.984493
0.283391, 0.391637, 0.458537, 1.328055
0.458537, 0.283391, 0.391637, 1.111193
0.391637, 0.458537, 0.283391, 1.198927
-0.283391, 0.391637, -0.458537, 1.217286
-0.458537, 0.283391, -0.391637, 1.308640
-0.391637, 0.458537, -0.283391, 1.434645
0.283391, 0.391637, -0.458537, 0.845937
0.391637, 0.458537, -0.283391, 0.905581
0.458537, 0.283391, -0.391637, 0.692549
-0.283391, -0.391637, -0.458537, 0.765165
-0.391637, -0.458537, -0.283391, 0.894293
-0.458537, -0.283391, -0.391637, 0.982027
0.283391, -0.391637, -0.458537, 0.189169
0.458537, -0.283391, -0.391637, 0.108728
0.391637, -0.458537, -0.283391, 0.108728
-0.283391, -0.391637, 0.458537, 1.247283
-0.458537, -0.283391, 0.391637, 1.400671
-0.391637, -0.458537, 0.283391, 1.187640
0.283391, -0.391637, 0.458537, 0.875934
0.391637, -0.458537, 0.283391, 0.658576
0.458537, -0.283391, 0.391637, 0.784581
0.046701, 0.402470, -0.528945, 0.971805
-0.046701, 0.402470, -0.528945, 1.032353
0.000000, 0.459256, -0.482732, 1.057925
-0.052100, 0.513395, -0.421494, 1.154062
-0.152611, 0.501281, -0.411549, 1.218765
-0.106845, 0.559448, -0.345758, 1.257357
0.052100, 0.513395, -0.421494, 1.086247
0.106845, 0.559448, -0.345758, 1.115818
0.152611, 0.501281, -0.411549, 1.019499
-0.160268, 0.592465, -0.259318, 1.363186
-0.254352, 0.564160, -0.246930, 1.422209
-0.208398, 0.609993, -0.168598, 1.466176
-0.248621, 0.612912, -0.080455, 1.561688
-0.326906, 0.575646, -0.075564, 1.608154
-0.280205, 0.604509, 0.000000, 1.646831
-0.156299, 0.642192, -0.084299, 1.501210
-0.101741, 0.658479, 0.000000, 1.523672
-0.053423, 0.658499, -0.086439, 1.428982
0.053423, 0.658499, -0.086439, 1.349587
0.101741, 0.658479, 0.000000, 1.364275
0.156299, 0.642192, -0.084299, 1.268724
0.248621, 0.612912, -0.080455, 1.191532
0.280205, 0.604509, 0.000000, 1.208109
0.326906, 0.575646, -0.075564, 1.121415
0.208398, 0.609993, -0.168598, 1.170209
0.254352, 0.564160, -0.246930, 1.073722
0.160268, 0.592465, -0.259318, 1.144510
-0.054852, 0.608314, -0.266255, 1.294296
0.000000, 0.642214, -0.177504, 1.325969
0.054852, 0.608314, -0.266255, 1.219637
-0.046701, 0.402470, 0.528945, 1.657516
0.046701, 0.402470, 0.528945, 1.566117
0.000000, 0.459256, 0.482732, 1.622718
0.052100, 0.513395, 0.421494, 1.571676
0.152611, 0.501281, 0.411549, 1.469985
0.106845, 0.559448, 0.345758, 1.506314
-0.052100, 0.513395, 0.421494, 1.675793
-0.106845, 0.559448, 0.345758, 1.715859
-0.152611, 0.501281, 0.411549, 1.777333
0.160268, 0.592465, 0.259318, 1.431457
0.254352, 0.564160, 0.246930, 1.336290
0.208398, 0.609993, 0.168598, 1.353328
0.248621, 0.612912, 0.080455, 1.277598
0.326906, 0.575646, 0.075564, 1.200200
0.156299, 0.642192, 0.084299, 1.362937
0.053423, 0.658499, 0.086439, 1.452679
-0.053423, 0.658499, 0.086439, 1.541301
-0.156299, 0.642192, 0.084299, 1.622312
-0.248621, 0.612912, 0.080455, 1.689880
-0.326906, 0.575646, 0.075564, 1.740266
-0.208398, 0.609993, 0.168598, 1.721928
-0.254352, 0.564160, 0.246930, 1.816263
-0.160268, 0.592465, 0.259318, 1.732584
0.054852, 0.608314, 0.266255, 1.533187
0.000000, 0.642214, 0.177504, 1.545410
-0.054852, 0.608314, 0.266255, 1.635876
0.000000, 0.280205, 0.604509, 1.566117
-0.075564, 0.326906, 0.575646, 1.657516
-0.080455, 0.248621, 0.612912, 1.622718
-0.168598, 0.208398, 0.609993, 1.675793
-0.246930, 0.254352, 0.564160, 1.777333
-0.259318, 0.160268, 0.592465, 1.715859
-0.084299, 0.156299, 0.642192, 1.571676
-0.086439, 0.053423, 0.658499, 1.506314
0.000000, 0.101741, 0.658479, 1.469985
-0.345758, 0.106845, 0.559448, 1.732584
-0.411549, 0.152611, 0.501281, 1.816263
-0.421494, 0.052100, 0.513395, 1.721928
-0.482732, 0.000000, 0.459256, 1.689880
-0.528945, 0.046701, 0.402470, 1.740266
-0.528945, -0.046701, 0.402470, 1.646831
-0.421494, -0.052100, 0.513395, 1.622312
-0.411549, -0.152611, 0.501281, 1.523672
-0.345758, -0.106845, 0.559448, 1.541301
-0.259318, -0.160268, 0.592465, 1.452679
-0.246930, -0.254352, 0.564160, 1.364275
-0.168598, -0.208398, 0.609993, 1.362937
-0.080455, -0.248621, 0.612912, 1.277598
-0.075564, -0.326906, 0.575646, 1.208109
0.000000, -0.280205, 0.604509, 1.200200
-0.084299, -0.156299, 0.642192, 1.353328
0.000000, -0.101741, 0.658479, 1.336290
-0.086439, -0.053423, 0.658499, 1.431457
-0.266255, 0.054852, 0.608314, 1.635876
-0.266255, -0.054852, 0.608314, 1.545410
-0.177504, 0.000000, 0.642214, 1.533187
0.075564, 0.326906, 0.575646, 1.515484
0.080455, 0.248621, 0.612912, 1.479308
0.084299, 0.156299, 0.642192, 1.430943
0.086439, 0.053423, 0.658499, 1.371662
0.168598, 0.208398, 0.609993, 1.382375
0.259318, 0.160268, 0.592465, 1.278162
0.246930, 0.254352, 0.564160, 1.328424
0.086439, -0.053423, 0.658499, 1.305066
0.084299, -0.156299, 0.642192, 1.236143
0.080455, -0.248621, 0.612912, 1.169656
0.075564, -0.326906, 0.575646, 1.108908
0.168598, -0.208398, 0.609993, 1.133409
0.246930, -0.254352, 0.564160, 1.033057
0.259318, -0.160268, 0.592465, 1.092703
0.345758, -0.106845, 0.559448, 1.049970
0.411549, -0.152611, 0.501281, 0.951422
0.421494, -0.052100, 0.513395, 1.008227
0.482732, 0.000000, 0.459256, 0.970089
0.528945, -0.046701, 0.402470, 0.883241
0.528945, 0.046701, 0.402470, 0.937083
0.421494, 0.052100, 0.513395, 1.067046
0.411549, 0.152611, 0.501281, 1.124143
0.345758, 0.106845, 0.559448, 1.171271
0.177504, 0.000000, 0.642214, 1.265451
0.266255, -0.054852, 0.608314, 1.156293
0.266255, 0.054852, 0.608314, 1.219637
0.000000, 0.280205, -0.604509, 0.893021
0.075564, 0.326906, -0.575646, 0.885111
0.080455, 0.248621, -0.612912, 0.815622
0.168598, 0.208398, -0.609993, 0.730283
0.246930, 0.254352, -0.564160, 0.728945
0.259318, 0.160268, -0.592465, 0.640541
0.084299, 0.156299, -0.642192, 0.739893
0.086439, 0.053423, -0.658499, 0.661763
0.000000, 0.101741, -0.658479, 0.756931
0.345758, 0.106845, -0.559448, 0.551920
0.411549, 0.152611, -0.501281, 0.569549
0.421494, 0.052100, -0.513395, 0.470909
0.482732, 0.000000, -0.459256, 0.403340
0.528945, 0.046701, -0.402470, 0.446390
0.528945, -0.046701, -0.402470, 0.352954
0.421494, -0.052100, -0.513395, 0.371293
0.411549, -0.152611, -0.501281, 0.276957
0.345758, -0.106845, -0.559448, 0.360636
0.259318, -0.160268, -0.592465, 0.377361
0.246930, -0.254352, -0.564160, 0.315887
0.168598, -0.208398, -0.609993, 0.417427
0.080455, -0.248621, -0.612912, 0.470502
0.075564, -0.326906, -0.575646, 0.435705
0.000000, -0.280205, -0.604509, 0.527103
0.084299, -0.156299, -0.642192, 0.521544
0.000000, -0.101741, -0.658479, 0.623235
0.086439, -0.053423, -0.658499, 0.586906
0.266255, 0.054852, -0.608314, 0.547810
0.266255, -0.054852, -0.608314, 0.457345
0.177504, 0.000000, -0.642214, 0.560034
-0.075564, 0.326906, -0.575646, 0.984313
-0.080455, 0.248621, -0.612912, 0.923564
-0.084299, 0.156299, -0.642192, 0.857077
-0.086439, 0.053423, -0.658499, 0.788154
-0.168598, 0.208398, -0.609993, 0.959811
-0.259318, 0.160268, -0.592465, 1.000518
-0.246930, 0.254352, -0.564160, 1.060163
-0.086439, -0.053423, -0.658499, 0.721558
-0.084299, -0.156299, -0.642192, 0.662277
-0.080455, -0.248621, -0.612912, 0.613913
-0.075564, -0.326906, -0.575646, 0.577736
-0.168598, -0.208398, -0.609993, 0.710845
-0.246930, -0.254352, -0.564160, 0.764797
-0.259318, -0.160268, -0.592465, 0.815058
-0.345758, -0.106845, -0.559448, 0.921949
-0.411549, -0.152611, -0.501281, 0.969077
-0.421494, -0.052100, -0.513395, 1.026174
-0.482732, 0.000000, -0.459256, 1.123132
-0.528945, -0.046701, -0.402470, 1.156138
-0.528945, 0.046701, -0.402470, 1.209980
-0.421494, 0.052100, -0.513395, 1.084994
-0.411549, 0.152611, -0.501281, 1.141798
-0.345758, 0.106845, -0.559448, 1.043250
-0.177504, 0.000000, -0.642214, 0.827770
-0.266255, -0.054852, -0.608314, 0.873583
-0.266255, 0.054852, -0.608314, 0.936927
0.046701, -0.402470, 0.528945, 1.060868
-0.046701, -0.402470, 0.528945, 1.121415
0.000000, -0.459256, 0.482732, 1.035296
-0.052100, -0.513395, 0.421494, 1.006973
-0.152611, -0.501281, 0.411549, 1.073722
-0.106845, -0.559448, 0.345758, 0.977402
0.052100, -0.513395, 0.421494, 0.939158
0.106845, -0.559448, 0.345758, 0.835863
0.152611, -0.501281, 0.411549, 0.874456
-0.160268, -0.592465, 0.259318, 0.948711
-0.254352, -0.564160, 0.246930, 1.019499
-0.208398, -0.609993, 0.168598, 0.923011
-0.248621, -0.612912, 0.080455, 0.901689
-0.326906, -0.575646, 0.075564, 0.971805
-0.280205, -0.604509, 0.000000, 0.885111
-0.156299, -0.642192, 0.084299, 0.824496
-0.101741, -0.658479, 0.000000, 0.728945
-0.053423, -0.658499, 0.086439, 0.743634
0.053423, -0.658499, 0.086439, 0.664238
0.101741, -0.658479, 0.000000, 0.569549
0.156299, -0.642192, 0.084299, 0.592010
0.248621, -0.612912, 0.080455, 0.531532
0.280205, -0.604509, 0.000000, 0.446390
0.326906, -0.575646, 0.075564, 0.485066
0.208398, -0.609993, 0.168598, 0.627044
0.254352, -0.564160, 0.246930, 0.671011
0.160268, -0.592465, 0.259318, 0.730034
-0.054852, -0.608314, 0.266255, 0.873583
0.000000, -0.642214, 0.177504, 0.767251
0.054852, -0.608314, 0.266255, 0.798924
-0.046701, -0.402470, -0.528945, 0.527103
0.046701, -0.402470, -0.528945, 0.435705
0.000000, -0.459256, -0.482732, 0.470502
0.052100, -0.513395, -0.421494, 0.417427
0.152611, -0.501281, -0.411549, 0.315887
0.106845, -0.559448, -0.345758, 0.377361
-0.052100, -0.513395, -0.421494, 0.521544
-0.106845, -0.559448, -0.345758, 0.586906
-0.152611, -0.501281, -0.411549, 0.623235
0.160268, -0.592465, -0.259318, 0.360636
0.254352, -0.564160, -0.246930, 0.276957
0.208398, -0.609993, -0.168598, 0.371293
0.248621, -0.612912, -0.080455, 0.403340
0.326906, -0.575646, -0.075564, 0.352954
0.156299, -0.642192, -0.084299, 0.470909
0.053423, -0.658499, -0.086439, 0.551920
-0.053423, -0.658499, -0.086439, 0.640541
-0.156299, -0.642192, -0.084299, 0.730283
-0.248621, -0.612912, -0.080455, 0.815622
-0.326906, -0.575646, -0.075564, 0.893021
-0.208398, -0.609993, -0.168598, 0.739893
-0.254352, -0.564160, -0.246930, 0.756931
-0.160268, -0.592465, -0.259318, 0.661763
0.054852, -0.608314, -0.266255, 0.457345
0.000000, -0.642214, -0.177504, 0.547810
-0.054852, -0.608314, -0.266255, 0.560034
-0.402470, 0.528945, 0.046701, 1.755794
-0.402470, 0.528945, -0.046701, 1.667265
-0.459256, 0.482732, 0.000000, 1.729249
-0.513395, 0.421494, -0.052100, 1.681414
-0.501281, 0.411549, -0.152611, 1.579673
-0.559448, 0.345758, -0.106845, 1.615080
-0.513395, 0.421494, 0.052100, 1.785586
-0.559448, 0.345758, 0.106845, 1.821556
-0.501281, 0.411549, 0.152611, 1.887161
-0.592465, 0.259318, -0.160268, 1.536755
-0.564160, 0.246930, -0.254352, 1.443132
-0.609993, 0.168598, -0.208398, 1.454093
-0.612912, 0.080455, -0.248621, 1.373640
-0.575646, 0.075564, -0.326906, 1.299661
-0.604509, 0.000000, -0.280205, 1.299661
-0.642192, 0.084299, -0.156299, 1.454093
-0.658479, 0.000000, -0.101741, 1.443132
-0.658499, 0.086439, -0.053423, 1.536755
-0.658499, 0.086439, 0.053423, 1.615080
-0.658479, 0.000000, 0.101741, 1.579673
-0.642192, 0.084299, 0.156299, 1.681414
-0.612912, 0.080455, 0.248621, 1.729249
-0.604509, 0.000000, 0.280205, 1.667265
-0.575646, 0.075564, 0.326906, 1.755794
-0.609993, 0.168598, 0.208398, 1.785586
-0.564160, 0.246930, 0.254352, 1.887161
-0.592465, 0.259318, 0.160268, 1.821556
-0.608314, 0.266255, -0.054852, 1.635876
-0.642214, 0.177504, 0.000000, 1.635876
-0.608314, 0.266255, 0.054852, 1.733874
-0.402470, -0.528945, -0.046701, 0.984313
-0.402470, -0.528945, 0.046701, 1.032353
-0.459256, -0.482732, 0.000000, 1.071177
-0.513395, -0.421494, 0.052100, 1.168149
-0.501281, -0.411549, 0.152611, 1.218765
-0.559448, -0.345758, 0.106845, 1.272389
-0.513395, -0.421494, -0.052100, 1.114098
-0.559448, -0.345758, -0.106845, 1.158921
-0.501281, -0.411549, -0.152611, 1.060163
-0.592465, -0.259318, 0.160268, 1.379292
-0.564160, -0.246930, 0.254352, 1.422209
-0.609993, -0.168598, 0.208398, 1.483516
-0.612912, -0.080455, 0.248621, 1.580455
-0.575646, -0.075564, 0.326906, 1.608154
-0.642192, -0.084299, 0.156299, 1.537811
-0.658499, -0.086439, 0.053423, 1.481198
-0.658499, -0.086439, -0.053423, 1.414607
-0.642192, -0.084299, -0.156299, 1.343787
-0.612912, -0.080455, -0.248621, 1.274277
-0.575646, -0.075564, -0.326906, 1.209980
-0.609993, -0.168598, -0.208398, 1.241674
-0.564160, -0.246930, -0.254352, 1.141798
-0.592465, -0.259318, -0.160268, 1.202504
-0.608314, -0.266255, 0.054852, 1.325969
-0.642214, -0.177504, 0.000000, 1.374806
-0.608314, -0.266255, -0.054852, 1.265451
0.402470, 0.528945, -0.046701, 1.060868
0.402470, 0.528945, 0.046701, 1.108908
0.459256, 0.482732, 0.000000, 1.022044
0.513395, 0.421494, 0.052100, 0.979122
0.501281, 0.411549, 0.152611, 1.033057
0.559448, 0.345758, 0.106845, 0.934299
0.513395, 0.421494, -0.052100, 0.925071
0.559448, 0.345758, -0.106845, 0.820831
0.501281, 0.411549, -0.152611, 0.874456
0.592465, 0.259318, 0.160268, 0.890716
0.564160, 0.246930, 0.254352, 0.951422
0.609993, 0.168598, 0.208398, 0.851547
0.612912, 0.080455, 0.248621, 0.818944
0.575646, 0.075564, 0.326906, 0.883241
0.604509, 0.000000, 0.280205, 0.793559
0.642192, 0.084299, 0.156299, 0.749434
0.658479, 0.000000, 0.101741, 0.650089
0.658499, 0.086439, 0.053423, 0.678614
0.658499, 0.086439, -0.053423, 0.612022
0.658479, 0.000000, -0.101741, 0.513547
0.642192, 0.084299, -0.156299, 0.555409
0.612912, 0.080455, -0.248621, 0.512765
0.604509, 0.000000, -0.280205, 0.425955
0.575646, 0.075564, -0.326906, 0.485066
0.609993, 0.168598, -0.208398, 0.609704
0.564160, 0.246930, -0.254352, 0.671011
0.592465, 0.259318, -0.160268, 0.713928
0.608314, 0.266255, 0.054852, 0.827770
0.642214, 0.177504, 0.000000, 0.718415
0.608314, 0.266255, -0.054852, 0.767251
0.402470, -0.528945, 0.046701, 0.425955
0.402470, -0.528945, -0.046701, 0.337427
0.459256, -0.482732, 0.000000, 0.363972
0.513395, -0.421494, -0.052100, 0.307635
0.501281, -0.411549, -0.152611, 0.206060
0.559448, -0.345758, -0.106845, 0.271665
0.513395, -0.421494, 0.052100, 0.411806
0.559448, -0.345758, 0.106845, 0.478140
0.501281, -0.411549, 0.152611, 0.513547
0.592465, -0.259318, -0.160268, 0.271665
0.564160, -0.246930, -0.254352, 0.206060
0.609993, -0.168598, -0.208398, 0.307635
0.612912, -0.080455, -0.248621, 0.363972
0.575646, -0.075564, -0.326906, 0.337427
0.642192, -0.084299, -0.156299, 0.411806
0.658499, -0.086439, -0.053423, 0.478140
0.658499, -0.086439, 0.053423, 0.556465
0.642192, -0.084299, 0.156299, 0.639127
0.612912, -0.080455, 0.248621, 0.719580
0.575646, -0.075564, 0.326906, 0.793559
0.609993, -0.168598, 0.208398, 0.639127
0.564160, -0.246930, 0.254352, 0.650089
0.592465, -0.259318, 0.160268, 0.556465
0.608314, -0.266255, -0.054852, 0.359346
0.642214, -0.177504, 0.000000, 0.457345
0.608314, -0.266255, 0.054852, 0.457345
-0.130179, 0.378800, 0.532456, 1.732986
-0.188498, 0.429096, 0.473594, 1.810315
-0.246707, 0.473008, 0.399180, 1.876452
-0.220697, 0.344797, 0.525694, 1.810315
-0.312741, 0.300129, 0.506025, 1.876452
-0.300129, 0.506025, 0.312741, 1.905911
-0.344797, 0.525694, 0.220697, 1.881265
-0.378800, 0.532456, 0.130179, 1.822875
-0.429096, 0.473594, 0.188498, 1.910671
-0.473008, 0.399180, 0.246707, 1.986279
-0.506025, 0.312741, 0.300129, 1.986279
-0.525694, 0.220697, 0.344797, 1.910671
-0.532456, 0.130179, 0.378800, 1.822875
-0.473594, 0.188498, 0.429096, 1.881265
-0.399180, 0.246707, 0.473008, 1.905911
-0.342058, 0.430810, 0.375959, 1.983393
-0.430810, 0.375959, 0.342058, 2.093220
-0.375959, 0.342058, 0.430810, 1.983393
0.130179, 0.378800, 0.532456, 1.479308
0.220697, 0.344797, 0.525694, 1.382375
0.312741, 0.300129, 0.506025, 1.278162
0.188498, 0.429096, 0.473594, 1.430943
0.246707, 0.473008, 0.399180, 1.371662
0.399180, 0.246707, 0.473008, 1.171271
0.473594, 0.188498, 0.429096, 1.067046
0.532456, 0.130179, 0.378800, 0.970089
0.525694, 0.220697, 0.344797, 1.008227
0.506025, 0.312741, 0.300129, 1.049970
0.473008, 0.399180, 0.246707, 1.092703
0.429096, 0.473594, 0.188498, 1.133409
0.378800, 0.532456, 0.130179, 1.169656
0.344797, 0.525694, 0.220697, 1.236143
0.300129, 0.506025, 0.312741, 1.305066
0.375959, 0.342058, 0.430810, 1.219637
0.430810, 0.375959, 0.342058, 1.156293
0.342058, 0.430810, 0.375959, 1.265451
-0.130179, 0.378800, -0.532456, 1.071177
-0.220697, 0.344797, -0.525694, 1.114098
-0.312741, 0.300129, -0.506025, 1.158921
-0.188498, 0.429096, -0.473594, 1.168149
-0.246707, 0.473008, -0.399180, 1.272389
-0.399180, 0.246707, -0.473008, 1.202504
-0.473594, 0.188498, -0.429096, 1.241674
-0.532456, 0.130179, -0.378800, 1.274277
-0.525694, 0.220697, -0.344797, 1.343787
-0.506025, 0.312741, -0.300129, 1.414607
-0.473008, 0.399180, -0.246707, 1.481198
-0.429096, 0.473594, -0.188498, 1.537811
-0.378800, 0.532456, -0.130179, 1.580455
-0.344797, 0.525694, -0.220697, 1.483516
-0.300129, 0.506025, -0.312741, 1.379293
-0.375959, 0.342058, -0.430810, 1.265451
-0.430810, 0.375959, -0.342058, 1.374806
-0.342058, 0.430810, -0.375959, 1.325969
0.130179, 0.378800, -0.532456, 0.901689
0.188498, 0.429096, -0.473594, 0.923011
0.246707, 0.473008, -0.399180, 0.948711
0.220697, 0.344797, -0.525694, 0.824496
0.312741, 0.300129, -0.506025, 0.743634
0.300129, 0.506025, -0.312741, 0.977402
0.344797, 0.525694, -0.220697, 1.006973
0.378800, 0.532456, -0.130179, 1.035296
0.429096, 0.473594, -0.188498, 0.939158
0.473008, 0.399180, -0.246707, 0.835863
0.506025, 0.312741, -0.300129, 0.730034
0.525694, 0.220697, -0.344797, 0.627044
0.532456, 0.130179, -0.378800, 0.531532
0.473594, 0.188498, -0.429096, 0.592010
0.399180, 0.246707, -0.473008, 0.664238
0.342058, 0.430810, -0.375959, 0.873583
0.430810, 0.375959, -0.342058, 0.798925
0.375959, 0.342058, -0.430810, 0.767251
-0.130179, -0.378800, -0.532456, 0.613913
-0.188498, -0.429096, -0.473594, 0.662277
-0.246707, -0.473008, -0.399180, 0.721558
-0.220697, -0.344797, -0.525694, 0.710845
-0.312741, -0.300129, -0.506025, 0.815058
-0.300129, -0.506025, -0.312741, 0.788154
-0.344797, -0.525694, -0.220697, 0.857077
-0.378800, -0.532456, -0.130179, 0.923564
-0.429096, -0.473594, -0.188498, 0.959811
-0.473008, -0.399180, -0.246707, 1.000518
-0.506025, -0.312741, -0.300129, 1.043250
-0.525694, -0.220697, -0.344797, 1.084994
-0.532456, -0.130179, -0.378800, 1.123132
-0.473594, -0.188498, -0.429096, 1.026174
-0.399180, -0.246707, -0.473008, 0.921949
-0.342058, -0.430810, -0.375959, 0.827770
-0.430810, -0.375959, -0.342058, 0.936927
-0.375959, -0.342058, -0.430810, 0.873583
0.130179, -0.378800, -0.532456, 0.360234
0.220697, -0.344797, -0.525694, 0.282906
0.312741, -0.300129, -0.506025, 0.216768
0.188498, -0.429096, -0.473594, 0.282906
0.246707, -0.473008, -0.399180, 0.216768
0.399180, -0.246707, -0.473008, 0.187309
0.473594, -0.188498, -0.429096, 0.211955
0.532456, -0.130179, -0.378800, 0.270345
0.525694, -0.220697, -0.344797, 0.182550
0.506025, -0.312741, -0.300129, 0.106941
0.473008, -0.399180, -0.246707, 0.106941
0.429096, -0.473594, -0.188498, 0.182550
0.378800, -0.532456, -0.130179, 0.270345
0.344797, -0.525694, -0.220697, 0.211955
0.300129, -0.506025, -0.312741, 0.187309
0.375959, -0.342058, -0.430810, 0.109827
0.430810, -0.375959, -0.342058, 0.000000
0.342058, -0.430810, -0.375959, 0.109827
-0.130179, -0.378800, 0.532456, 1.191532
-0.220697, -0.344797, 0.525694, 1.268724
-0.312741, -0.300129, 0.506025, 1.349587
-0.188498, -0.429096, 0.473594, 1.170209
-0.246707, -0.473008, 0.399180, 1.144510
-0.399180, -0.246707, 0.473008, 1.428982
-0.473594, -0.188498, 0.429096, 1.501210
-0.532456, -0.130179, 0.378800, 1.561688
-0.525694, -0.220697, 0.344797, 1.466176
-0.506025, -0.312741, 0.300129, 1.363186
-0.473008, -0.399180, 0.246707, 1.257357
-0.429096, -0.473594, 0.188498, 1.154062
-0.378800, -0.532456, 0.130179, 1.057925
-0.344797, -0.525694, 0.220697, 1.086247
-0.300129, -0.506025, 0.312741, 1.115818
-0.375959, -0.342058, 0.430810, 1.325969
-0.430810, -0.375959, 0.342058, 1.294296
-0.342058, -0.430810, 0.375959, 1.219637
0.130179, -0.378800, 0.532456, 1.022044
0.188498, -0.429096, 0.473594, 0.925071
0.246707, -0.473008, 0.399180, 0.820831
0.220697, -0.344797, 0.525694, 0.979122
0.312741, -0.300129, 0.506025, 0.934299
0.300129, -0.506025, 0.312741, 0.713928
0.344797, -0.525694, 0.220697, 0.609704
0.378800, -0.532456, 0.130179, 0.512765
0.429096, -0.473594, 0.188498, 0.555409
0.473008, -0.399180, 0.246707, 0.612022
0.506025, -0.312741, 0.300129, 0.678614
0.525694, -0.220697, 0.344797, 0.749434
0.532456, -0.130179, 0.378800, 0.818944
0.473594, -0.188498, 0.429096, 0.851547
0.399180, -0.246707, 0.473008, 0.890716
0.342058, -0.430810, 0.375959, 0.767251
0.430810, -0.375959, 0.342058, 0.718415
0.375959, -0.342058, 0.430810, 0.827770

graph:
0, 162, 0.079594
0, 163, 0.079594
0, 274, 0.079594
0, 275, 0.079594
0, 304, 0.079594
1, 192, 0.079594
1, 193, 0.079594
1, 218, 0.079594
1, 219, 0.079594
1, 248, 0.079594
2, 240, 0.079594
2, 241, 0.079594
2, 258, 0.079594
2, 330, 0.079594
2, 331, 0.079594
3, 175, 0.079594
3, 176, 0.079594
3, 211, 0.079594
3, 386, 0.079594
3, 387, 0.079594
4, 343, 0.079594
4, 344, 0.079594
4, 379, 0.079594
4, 416, 0.079594
4, 417, 0.079594
5, 184, 0.079594
5, 185, 0.079594
5, 205, 0.079594
5, 442, 0.079594
5, 443, 0.079594
6, 352, 0.079594
6, 353, 0.079594
6, 373, 0.079594
6, 472, 0.079594
6, 473, 0.079594
7, 296, 0.079594
7, 297, 0.079594
7, 314, 0.079594
7, 360, 0.079594
7, 361, 0.079594
8, 266, 0.079594
8, 267, 0.079594
8, 455, 0.079594
8, 456, 0.079594
8, 491, 0.079594
9, 231, 0.079594
9, 232, 0.079594
9, 408, 0.079594
9, 409, 0.079594
9, 429, 0.079594
10, 322, 0.079594
10, 323, 0.079594
10, 399, 0.079594
10, 400, 0.079594
10, 435, 0.079594
11, 287, 0.079594
11, 288, 0.079594
11, 464, 0.079594
11, 465, 0.079594
11, 485, 0.079594
12, 169, 0.101914
12, 170, 0.102040
12, 187, 0.102040
12, 188, 0.101914
12, 554, 0.101914
12, 557, 0.101914
13, 166, 0.102040
13, 167, 0.101914
13, 171, 0.101914
13, 172, 0.102040
13, 538, 0.101914
13, 548, 0.101914
14, 178, 0.102040
14, 179, 0.101914
14, 180, 0.101914
14, 181, 0.102040
14, 207, 0.101914
14, 208, 0.101914
15, 199, 0.101914
15, 200, 0.102040
15, 213, 0.102040
15, 214, 0.101914
15, 500, 0.101914
15, 503, 0.101914
16, 196, 0.102040
16, 197, 0.101914
16, 201, 0.101914
16, 202, 0.102040
16, 520, 0.101914
16, 530, 0.101914
17, 225, 0.101914
17, 226, 0.102040
17, 243, 0.102040
17, 244, 0.101914
17, 251, 0.101914
17, 255, 0.101914
18, 222, 0.102040
18, 223, 0.101914
18, 227, 0.101914
18, 228, 0.102040
18, 502, 0.101914
18, 512, 0.101914
19, 234, 0.102040
19, 235, 0.101914
19, 236, 0.101914
19, 237, 0.102040
19, 608, 0.101914
19, 611, 0.101914
20, 253, 0.101914
20, 254, 0.102040
20, 269, 0.102040
20, 270, 0.101914
20, 518, 0.101914
20, 521, 0.101914
21, 260, 0.102040
21, 261, 0.101914
21, 262, 0.101914
21, 263, 0.102040
21, 628, 0.101914
21, 638, 0.101914
22, 281, 0.101914
22, 282, 0.102040
22, 299, 0.102040
22, 300, 0.101914
22, 307, 0.101914
22, 311, 0.101914
23, 278, 0.102040
23, 279, 0.101914
23, 283, 0.101914
23, 284, 0.102040
23, 556, 0.101914
23, 566, 0.101914
24, 290, 0.102040
24, 291, 0.101914
24, 292, 0.101914
24, 293, 0.102040
24, 590, 0.101914
24, 593, 0.101914
25, 309, 0.101914
25, 310, 0.102040
25, 325, 0.102040
25, 326, 0.101914
25, 536, 0.101914
25, 539, 0.101914
26, 316, 0.102040
26, 317, 0.101914
26, 318, 0.101914
26, 319, 0.102040
26, 574, 0.101914
26, 584, 0.101914
27, 337, 0.101914
27, 338, 0.102040
27, 355, 0.102040
27, 356, 0.101914
27, 626, 0.101914
27, 629, 0.101914
28, 334, 0.102040
28, 335, 0.101914
28, 339, 0.101914
28, 340, 0.102040
28, 610, 0.101914
28, 620, 0.101914
29, 346, 0.102040
29, 347, 0.101914
29, 348, 0.101914
29, 349, 0.102040
29, 375, 0.101914
29, 376, 0.101914
30, 367, 0.101914
30, 368, 0.102040
30, 381, 0.102040
30, 382, 0.101914
30, 572, 0.101914
30, 575, 0.101914
31, 364, 0.102040
31, 365, 0.101914
31, 369, 0.101914
31, 370, 0.102040
31, 592, 0.101914
31, 602, 0.101914
32, 393, 0.101914
32, 394, 0.102040
32, 411, 0.102040
32, 412, 0.101914
32, 507, 0.101914
32, 508, 0.101914
33, 390, 0.102040
33, 391, 0.101914
33, 395, 0.101914
33, 396, 0.102040
33, 543, 0.101914
33, 544, 0.101914
34, 402, 0.102040
34, 403, 0.101914
34, 404, 0.101914
34, 405, 0.102040
34, 431, 0.101914
34, 432, 0.101914
35, 423, 0.101914
35, 424, 0.102040
35, 437, 0.102040
35, 438, 0.101914
35, 579, 0.101914
35, 580, 0.101914
36, 420, 0.102040
36, 421, 0.101914
36, 425, 0.101914
36, 426, 0.102040
36, 615, 0.101914
36, 616, 0.101914
37, 449, 0.101914
37, 450, 0.102040
37, 467, 0.102040
37, 468, 0.101914
37, 561, 0.101914
37, 562, 0.101914
38, 446, 0.102040
38, 447, 0.101914
38, 451, 0.101914
38, 452, 0.102040
38, 525, 0.101914
38, 526, 0.101914
39, 458, 0.102040
39, 459, 0.101914
39, 460, 0.101914
39, 461, 0.102040
39, 487, 0.101914
39, 488, 0.101914
40, 479, 0.101914
40, 480, 0.102040
40, 493, 0.102040
40, 494, 0.101914
40, 633, 0.101914
40, 634, 0.101914
41, 476, 0.102040
41, 477, 0.101914
41, 481, 0.101914
41, 482, 0.102040
41, 597, 0.101914
41, 598, 0.101914
42, 162, 0.089440
42, 164, 0.098629
42, 168, 0.093655
42, 170, 0.097466
42, 552, 0.098629
42, 553, 0.093655
43, 163, 0.089440
43, 164, 0.098629
43, 165, 0.093655
43, 166, 0.097466
43, 534, 0.098629
43, 537, 0.093655
44, 165, 0.103124
44, 167, 0.107192
44, 168, 0.103124
44, 169, 0.107192
44, 189, 0.108607
44, 191, 0.108607
45, 171, 0.107192
45, 173, 0.103124
45, 177, 0.103124
45, 179, 0.107192
45, 189, 0.108607
45, 190, 0.108607
46, 172, 0.097466
46, 173, 0.093655
46, 174, 0.098629
46, 175, 0.089440
46, 546, 0.098629
46, 547, 0.093655
47, 174, 0.098629
47, 176, 0.089440
47, 177, 0.093655
47, 178, 0.097466
47, 209, 0.093655
47, 210, 0.098629
48, 180, 0.107192
48, 182, 0.103124
48, 186, 0.103124
48, 188, 0.107192
48, 190, 0.108607
48, 191, 0.108607
49, 181, 0.097466
49, 182, 0.093655
49, 183, 0.098629
49, 184, 0.089440
49, 204, 0.098629
49, 206, 0.093655
50, 183, 0.098629
50, 185, 0.089440
50, 186, 0.093655
50, 187, 0.097466
50, 558, 0.093655
50, 559, 0.098629
51, 192, 0.089440
51, 194, 0.098629
51, 198, 0.093655
51, 200, 0.097466
51, 498, 0.098629
51, 499, 0.093655
52, 193, 0.089440
52, 194, 0.098629
52, 195, 0.093655
52, 196, 0.097466
52, 516, 0.098629
52, 519, 0.093655
53, 195, 0.103124
53, 197, 0.107192
53, 198, 0.103124
53, 199, 0.107192
53, 215, 0.108607
53, 217, 0.108607
54, 201, 0.107192
54, 203, 0.103124
54, 206, 0.103124
54, 207, 0.107192
54, 215, 0.108607
54, 216, 0.108607
55, 202, 0.097466
55, 203, 0.093655
55, 204, 0.098629
55, 205, 0.089440
55, 528, 0.098629
55, 529, 0.093655
56, 208, 0.107192
56, 209, 0.103124
56, 212, 0.103124
56, 214, 0.107192
56, 216, 0.108607
56, 217, 0.108607
57, 210, 0.098629
57, 211, 0.089440
57, 212, 0.093655
57, 213, 0.097466
57, 504, 0.093655
57, 505, 0.098629
58, 218, 0.089440
58, 220, 0.098629
58, 224, 0.093655
58, 226, 0.097466
58, 249, 0.098629
58, 250, 0.093655
59, 219, 0.089440
59, 220, 0.098629
59, 221, 0.093655
59, 222, 0.097466
59, 498, 0.098629
59, 501, 0.093655
60, 221, 0.103124
60, 223, 0.107192
60, 224, 0.103124
60, 225, 0.107192
60, 245, 0.108607
60, 247, 0.108607
61, 227, 0.107192
61, 229, 0.103124
61, 233, 0.103124
61, 235, 0.107192
61, 245, 0.108607
61, 246, 0.108607
62, 228, 0.097466
62, 229, 0.093655
62, 230, 0.098629
62, 231, 0.089440
62, 510, 0.098629
62, 511, 0.093655
63, 230, 0.098629
63, 232, 0.089440
63, 233, 0.093655
63, 234, 0.097466
63, 612, 0.093655
63, 613, 0.098629
64, 236, 0.107192
64, 238, 0.103124
64, 242, 0.103124
64, 244, 0.107192
64, 246, 0.108607
64, 247, 0.108607
65, 237, 0.097466
65, 238, 0.093655
65, 239, 0.098629
65, 240, 0.089440
65, 606, 0.098629
65, 607, 0.093655
66, 239, 0.098629
66, 241, 0.089440
66, 242, 0.093655
66, 243, 0.097466
66, 256, 0.093655
66, 257, 0.098629
67, 248, 0.089440
67, 249, 0.098629
67, 252, 0.093655
67, 254, 0.097466
67, 516, 0.098629
67, 517, 0.093655
68, 250, 0.103124
68, 251, 0.107192
68, 252, 0.103124
68, 253, 0.107192
68, 271, 0.108607
68, 273, 0.108607
69, 255, 0.107192
69, 256, 0.103124
69, 259, 0.103124
69, 261, 0.107192
69, 271, 0.108607
69, 272, 0.108607
70, 257, 0.098629
70, 258, 0.089440
70, 259, 0.093655
70, 260, 0.097466
70, 624, 0.098629
70, 627, 0.093655
71, 262, 0.107192
71, 264, 0.103124
71, 268, 0.103124
71, 270, 0.107192
71, 272, 0.108607
71, 273, 0.108607
72, 263, 0.097466
72, 264, 0.093655
72, 265, 0.098629
72, 266, 0.089440
72, 636, 0.098629
72, 637, 0.093655
73, 265, 0.098629
73, 267, 0.089440
73, 268, 0.093655
73, 269, 0.097466
73, 522, 0.093655
73, 523, 0.098629
74, 274, 0.089440
74, 276, 0.098629
74, 280, 0.093655
74, 282, 0.097466
74, 305, 0.098629
74, 306, 0.093655
75, 275, 0.089440
75, 276, 0.098629
75, 277, 0.093655
75, 278, 0.097466
75, 552, 0.098629
75, 555, 0.093655
76, 277, 0.103124
76, 279, 0.107192
76, 280, 0.103124
76, 281, 0.107192
76, 301, 0.108607
76, 303, 0.108607
77, 283, 0.107192
77, 285, 0.103124
77, 289, 0.103124
77, 291, 0.107192
77, 301, 0.108607
77, 302, 0.108607
78, 284, 0.097466
78, 285, 0.093655
78, 286, 0.098629
78, 287, 0.089440
78, 564, 0.098629
78, 565, 0.093655
79, 286, 0.098629
79, 288, 0.089440
79, 289, 0.093655
79, 290, 0.097466
79, 594, 0.093655
79, 595, 0.098629
80, 292, 0.107192
80, 294, 0.103124
80, 298, 0.103124
80, 300, 0.107192
80, 302, 0.108607
80, 303, 0.108607
81, 293, 0.097466
81, 294, 0.093655
81, 295, 0.098629
81, 296, 0.089440
81, 588, 0.098629
81, 589, 0.093655
82, 295, 0.098629
82, 297, 0.089440
82, 298, 0.093655
82, 299, 0.097466
82, 312, 0.093655
82, 313, 0.098629
83, 304, 0.089440
83, 305, 0.098629
83, 308, 0.093655
83, 310, 0.097466
83, 534, 0.098629
83, 535, 0.093655
84, 306, 0.103124
84, 307, 0.107192
84, 308, 0.103124
84, 309, 0.107192
84, 327, 0.108607
84, 329, 0.108607
85, 311, 0.107192
85, 312, 0.103124
85, 315, 0.103124
85, 317, 0.107192
85, 327, 0.108607
85, 328, 0.108607
86, 313, 0.098629
86, 314, 0.089440
86, 315, 0.093655
86, 316, 0.097466
86, 570, 0.098629
86, 573, 0.093655
87, 318, 0.107192
87, 320, 0.103124
87, 324, 0.103124
87, 326, 0.107192
87, 328, 0.108607
87, 329, 0.108607
88, 319, 0.097466
88, 320, 0.093655
88, 321, 0.098629
88, 322, 0.089440
88, 582, 0.098629
88, 583, 0.093655
89, 321, 0.098629
89, 323, 0.089440
89, 324, 0.093655
89, 325, 0.097466
89, 540, 0.093655
89, 541, 0.098629
90, 330, 0.089440
90, 332, 0.098629
90, 336, 0.093655
90, 338, 0.097466
90, 624, 0.098629
90, 625, 0.093655
91, 331, 0.089440
91, 332, 0.098629
91, 333, 0.093655
91, 334, 0.097466
91, 606, 0.098629
91, 609, 0.093655
92, 333, 0.103124
92, 335, 0.107192
92, 336, 0.103124
92, 337, 0.107192
92, 357, 0.108607
92, 359, 0.108607
93, 339, 0.107192
93, 341, 0.103124
93, 345, 0.103124
93, 347, 0.107192
93, 357, 0.108607
93, 358, 0.108607
94, 340, 0.097466
94, 341, 0.093655
94, 342, 0.098629
94, 343, 0.089440
94, 618, 0.098629
94, 619, 0.093655
95, 342, 0.098629
95, 344, 0.089440
95, 345, 0.093655
95, 346, 0.097466
95, 377, 0.093655
95, 378, 0.098629
96, 348, 0.107192
96, 350, 0.103124
96, 354, 0.103124
96, 356, 0.107192
96, 358, 0.108607
96, 359, 0.108607
97, 349, 0.097466
97, 350, 0.093655
97, 351, 0.098629
97, 352, 0.089440
97, 372, 0.098629
97, 374, 0.093655
98, 351, 0.098629
98, 353, 0.089440
98, 354, 0.093655
98, 355, 0.097466
98, 630, 0.093655
98, 631, 0.098629
99, 360, 0.089440
99, 362, 0.098629
99, 366, 0.093655
99, 368, 0.097466
99, 570, 0.098629
99, 571, 0.093655
100, 361, 0.089440
100, 362, 0.098629
100, 363, 0.093655
100, 364, 0.097466
100, 588, 0.098629
100, 591, 0.093655
101, 363, 0.103124
101, 365, 0.107192
101, 366, 0.103124
101, 367, 0.107192
101, 383, 0.108607
101, 385, 0.108607
102, 369, 0.107192
102, 371, 0.103124
102, 374, 0.103124
102, 375, 0.107192
102, 383, 0.108607
102, 384, 0.108607
103, 370, 0.097466
103, 371, 0.093655
103, 372, 0.098629
103, 373, 0.089440
103, 600, 0.098629
103, 601, 0.093655
104, 376, 0.107192
104, 377, 0.103124
104, 380, 0.103124
104, 382, 0.107192
104, 384, 0.108607
104, 385, 0.108607
105, 378, 0.098629
105, 379, 0.089440
105, 380, 0.093655
105, 381, 0.097466
105, 576, 0.093655
105, 577, 0.098629
106, 386, 0.089440
106, 388, 0.098629
106, 392, 0.093655
106, 394, 0.097466
106, 505, 0.098629
106, 506, 0.093655
107, 387, 0.089440
107, 388, 0.098629
107, 389, 0.093655
107, 390, 0.097466
107, 545, 0.093655
107, 546, 0.098629
108, 389, 0.103124
108, 391, 0.107192
108, 392, 0.103124
108, 393, 0.107192
108, 413, 0.108607
108, 415, 0.108607
109, 395, 0.107192
109, 397, 0.103124
109, 401, 0.103124
109, 403, 0.107192
109, 413, 0.108607
109, 414, 0.108607
110, 396, 0.097466
110, 397, 0.093655
110, 398, 0.098629
110, 399, 0.089440
110, 541, 0.098629
110, 542, 0.093655
111, 398, 0.098629
111, 400, 0.089440
111, 401, 0.093655
111, 402, 0.097466
111, 433, 0.093655
111, 434, 0.098629
112, 404, 0.107192
112, 406, 0.103124
112, 410, 0.103124
112, 412, 0.107192
112, 414, 0.108607
112, 415, 0.108607
113, 405, 0.097466
113, 406, 0.093655
113, 407, 0.098629
113, 408, 0.089440
113, 428, 0.098629
113, 430, 0.093655
114, 407, 0.098629
114, 409, 0.089440
114, 410, 0.093655
114, 411, 0.097466
114, 509, 0.093655
114, 510, 0.098629
115, 416, 0.089440
115, 418, 0.098629
115, 422, 0.093655
115, 424, 0.097466
115, 577, 0.098629
115, 578, 0.093655
116, 417, 0.089440
116, 418, 0.098629
116, 419, 0.093655
116, 420, 0.097466
116, 617, 0.093655
116, 618, 0.098629
117, 419, 0.103124
117, 421, 0.107192
117, 422, 0.103124
117, 423, 0.107192
117, 439, 0.108607
117, 441, 0.108607
118, 425, 0.107192
118, 427, 0.103124
118, 430, 0.103124
118, 431, 0.107192
118, 439, 0.108607
118, 440, 0.108607
119, 426, 0.097466
119, 427, 0.093655
119, 428, 0.098629
119, 429, 0.089440
119, 613, 0.098629
119, 614, 0.093655
120, 432, 0.107192
120, 433, 0.103124
120, 436, 0.103124
120, 438, 0.107192
120, 440, 0.108607
120, 441, 0.108607
121, 434, 0.098629
121, 435, 0.089440
121, 436, 0.093655
121, 437, 0.097466
121, 581, 0.093655
121, 582, 0.098629
122, 442, 0.089440
122, 444, 0.098629
122, 448, 0.093655
122, 450, 0.097466
122, 559, 0.098629
122, 560, 0.093655
123, 443, 0.089440
123, 444, 0.098629
123, 445, 0.093655
123, 446, 0.097466
123, 527, 0.093655
123, 528, 0.098629
124, 445, 0.103124
124, 447, 0.107192
124, 448, 0.103124
124, 449, 0.107192
124, 469, 0.108607
124, 471, 0.108607
125, 451, 0.107192
125, 453, 0.103124
125, 457, 0.103124
125, 459, 0.107192
125, 469, 0.108607
125, 470, 0.108607
126, 452, 0.097466
126, 453, 0.093655
126, 454, 0.098629
126, 455, 0.089440
126, 523, 0.098629
126, 524, 0.093655
127, 454, 0.098629
127, 456, 0.089440
127, 457, 0.093655
127, 458, 0.097466
127, 489, 0.093655
127, 490, 0.098629
128, 460, 0.107192
128, 462, 0.103124
128, 466, 0.103124
128, 468, 0.107192
128, 470, 0.108607
128, 471, 0.108607
129, 461, 0.097466
129, 462, 0.093655
129, 463, 0.098629
129, 464, 0.089440
129, 484, 0.098629
129, 486, 0.093655
130, 463, 0.098629
130, 465, 0.089440
130, 466, 0.093655
130, 467, 0.097466
130, 563, 0.093655
130, 564, 0.098629
131, 472, 0.089440
131, 474, 0.098629
131, 478, 0.093655
131, 480, 0.097466
131, 631, 0.098629
131, 632, 0.093655
132, 473, 0.089440
132, 474, 0.098629
132, 475, 0.093655
132, 476, 0.097466
132, 599, 0.093655
132, 600, 0.098629
133, 475, 0.103124
133, 477, 0.107192
133, 478, 0.103124
133, 479, 0.107192
133, 495, 0.108607
133, 497, 0.108607
134, 481, 0.107192
134, 483, 0.103124
134, 486, 0.103124
134, 487, 0.107192
134, 495, 0.108607
134, 496, 0.108607
135, 482, 0.097466
135, 483, 0.093655
135, 484, 0.098629
135, 485, 0.089440
135, 595, 0.098629
135, 596, 0.093655
136, 488, 0.107192
136, 489, 0.103124
136, 492, 0.103124
136, 494, 0.107192
136, 496, 0.108607
136, 497, 0.108607
137, 490, 0.098629
137, 491, 0.089440
137, 492, 0.093655
137, 493, 0.097466
137, 635, 0.093655
137, 636, 0.098629
138, 499, 0.103124
138, 500, 0.107192
138, 501, 0.103124
138, 502, 0.107192
138, 513, 0.108607
138, 515, 0.108607
139, 503, 0.107192
139, 504, 0.103124
139, 506, 0.103124
139, 507, 0.107192
139, 513, 0.108607
139, 514, 0.108607
140, 508, 0.107192
140, 509, 0.103124
140, 511, 0.103124
140, 512, 0.107192
140, 514, 0.108607
140, 515, 0.108607
141, 517, 0.103124
141, 518, 0.107192
141, 519, 0.103124
141, 520, 0.107192
141, 531, 0.108607
141, 533, 0.108607
142, 521, 0.107192
142, 522, 0.103124
142, 524, 0.103124
142, 525, 0.107192
142, 531, 0.108607
142, 532, 0.108607
143, 526, 0.107192
143, 527, 0.103124
143, 529, 0.103124
143, 530, 0.107192
143, 532, 0.108607
143, 533, 0.108607
144, 535, 0.103124
144, 536, 0.107192
144, 537, 0.103124
144, 538, 0.107192
144, 549, 0.108607
144, 551, 0.108607
145, 539, 0.107192
145, 540, 0.103124
145, 542, 0.103124
145, 543, 0.107192
145, 549, 0.108607
145, 550, 0.108607
146, 544, 0.107192
146, 545, 0.103124
146, 547, 0.103124
146, 548, 0.107192
146, 550, 0.108607
146, 551, 0.108607
147, 553, 0.103124
147, 554, 0.107192
147, 555, 0.103124
147, 556, 0.107192
147, 567, 0.108607
147, 569, 0.108607
148, 557, 0.107192
148, 558, 0.103124
148, 560, 0.103124
148, 561, 0.107192
148, 567, 0.108607
148, 568, 0.108607
149, 562, 0.107192
149, 563, 0.103124
149, 565, 0.103124
149, 566, 0.107192
149, 568, 0.108607
149, 569, 0.108607
150, 571, 0.103124
150, 572, 0.107192
150, 573, 0.103124
150, 574, 0.107192
150, 585, 0.108607
150, 587, 0.108607
151, 575, 0.107192
151, 576, 0.103124
151, 578, 0.103124
151, 579, 0.107192
151, 585, 0.108607
151, 586, 0.108607
152, 580, 0.107192
152, 581, 0.103124
152, 583, 0.103124
152, 584, 0.107192
152, 586, 0.108607
152, 587, 0.108607
153, 589, 0.103124
153, 590, 0.107192
153, 591, 0.103124
153, 592, 0.107192
153, 603, 0.108607
153, 605, 0.108607
154, 593, 0.107192
154, 594, 0.103124
154, 596, 0.103124
154, 597, 0.107192
154, 603, 0.108607
154, 604, 0.108607
155, 598, 0.107192
155, 599, 0.103124
155, 601, 0.103124
155, 602, 0.107192
155, 604, 0.108607
155, 605, 0.108607
156, 607, 0.103124
156, 608, 0.107192
156, 609, 0.103124
156, 610, 0.107192
156, 621, 0.108607
156, 623, 0.108607
157, 611, 0.107192
157, 612, 0.103124
157, 614, 0.103124
157, 615, 0.107192
157, 621, 0.108607
157, 622, 0.108607
158, 616, 0.107192
158, 617, 0.103124
158, 619, 0.103124
158, 620, 0.107192
158, 622, 0.108607
158, 623, 0.108607
159, 625, 0.103124
159, 626, 0.107192
159, 627, 0.103124
159, 628, 0.107192
159, 639, 0.108607
159, 641, 0.108607
160, 629, 0.107192
160, 630, 0.103124
160, 632, 0.103124
160, 633, 0.107192
160, 639, 0.108607
160, 640, 0.108607
161, 634, 0.107192
161, 635, 0.103124
161, 637, 0.103124
161, 638, 0.107192
161, 640, 0.108607
161, 641, 0.108607
162, 163, 0.093402
162, 164, 0.086840
162, 275, 0.093402
162, 552, 0.086840
163, 164, 0.086840
163, 304, 0.093402
163, 534, 0.086840
164, 165, 0.096930
164, 168, 0.096930
165, 166, 0.101726
165, 167, 0.104183
165, 168, 0.104199
166, 167, 0.099027
166, 537, 0.101726
166, 538, 0.099027
167, 171, 0.106845
167, 189, 0.106826
168, 169, 0.104183
168, 170, 0.101726
169, 170, 0.099027
169, 188, 0.106845
169, 191, 0.106826
170, 553, 0.101726
170, 554, 0.099027
171, 172, 0.099027
171, 173, 0.104183
171, 189, 0.106826
172, 173, 0.101726
172, 547, 0.101726
172, 548, 0.099027
173, 174, 0.096930
173, 177, 0.104199
174, 175, 0.086840
174, 176, 0.086840
174, 177, 0.096930
175, 176, 0.093402
175, 387, 0.093402
175, 546, 0.086840
176, 210, 0.086840
176, 211, 0.093402
177, 178, 0.101726
177, 179, 0.104183
178, 179, 0.099027
178, 208, 0.099027
178, 209, 0.101726
179, 180, 0.106845
179, 190, 0.106826
180, 181, 0.099027
180, 182, 0.104183
180, 190, 0.106826
181, 182, 0.101726
181, 206, 0.101726
181, 207, 0.099027
182, 183, 0.096930
182, 186, 0.104199
183, 184, 0.086840
183, 185, 0.086840
183, 186, 0.096930
184, 185, 0.093402
184, 204, 0.086840
184, 205, 0.093402
185, 442, 0.093402
185, 559, 0.086840
186, 187, 0.101726
186, 188, 0.104183
187, 188, 0.099027
187, 557, 0.099027
187, 558, 0.101726
188, 191, 0.106826
189, 190, 0.109703
189, 191, 0.109703
190, 191, 0.109703
192, 193, 0.093402
192, 194, 0.086840
192, 219, 0.093402
192, 498, 0.086840
193, 194, 0.086840
193, 248, 0.093402
193, 516, 0.086840
194, 195, 0.096930
194, 198, 0.096930
195, 196, 0.101726
195, 197, 0.104183
195, 198, 0.104199
196, 197, 0.099027
196, 519, 0.101726
196, 520, 0.099027
197, 201, 0.106845
197, 215, 0.106826
198, 199, 0.104183
198, 200, 0.101726
199, 200, 0.099027
199, 214, 0.106845
199, 217, 0.106826
200, 499, 0.101726
200, 500, 0.099027
201, 202, 0.099027
201, 203, 0.104183
201, 215, 0.106826
202, 203, 0.101726
202, 529, 0.101726
202, 530, 0.099027
203, 204, 0.096930
203, 206, 0.104199
204, 205, 0.086840
204, 206, 0.096930
205, 443, 0.093402
205, 528, 0.086840
206, 207, 0.104183
207, 208, 0.106845
207, 216, 0.106826
208, 209, 0.104183
208, 216, 0.106826
209, 210, 0.096930
209, 212, 0.104199
210, 211, 0.086840
210, 212, 0.096930
211, 386, 0.093402
211, 505, 0.086840
212, 213, 0.101726
212, 214, 0.104183
213, 214, 0.099027
213, 503, 0.099027
213, 504, 0.101726
214, 217, 0.106826
215, 216, 0.109703
215, 217, 0.109703
216, 217, 0.109703
218, 219, 0.093402
218, 220, 0.086840
218, 248, 0.093402
218, 249, 0.086840
219, 220, 0.086840
219, 498, 0.086840
220, 221, 0.096930
220, 224, 0.096930
221, 222, 0.101726
221, 223, 0.104183
221, 224, 0.104199
222, 223, 0.099027
222, 501, 0.101726
222, 502, 0.099027
223, 227, 0.106845
223, 245, 0.106826
224, 225, 0.104183
224, 226, 0.101726
225, 226, 0.099027
225, 244, 0.106845
225, 247, 0.106826
226, 250, 0.101726
226, 251, 0.099027
227, 228, 0.099027
227, 229, 0.104183
227, 245, 0.106826
228, 229, 0.101726
228, 511, 0.101726
228, 512, 0.099027
229, 230, 0.096930
229, 233, 0.104199
230, 231, 0.086840
230, 232, 0.086840
230, 233, 0.096930
231, 232, 0.093402
231, 409, 0.093402
231, 510, 0.086840
232, 429, 0.093402
232, 613, 0.086840
233, 234, 0.101726
233, 235, 0.104183
234, 235, 0.099027
234, 611, 0.099027
234, 612, 0.101726
235, 236, 0.106845
235, 246, 0.106826
236, 237, 0.099027
236, 238, 0.104183
236, 246, 0.106826
237, 238, 0.101726
237, 607, 0.101726
237, 608, 0.099027
238, 239, 0.096930
238, 242, 0.104199
239, 240, 0.086840
239, 241, 0.086840
239, 242, 0.096930
240, 241, 0.093402
240, 331, 0.093402
240, 606, 0.086840
241, 257, 0.086840
241, 258, 0.093402
242, 243, 0.101726
242, 244, 0.104183
243, 244, 0.099027
243, 255, 0.099027
243, 256, 0.101726
244, 247, 0.106826
245, 246, 0.109703
245, 247, 0.109703
246, 247, 0.109703
248, 249, 0.086840
248, 516, 0.086840
249, 250, 0.096930
249, 252, 0.096930
250, 251, 0.104183
250, 252, 0.104199
251, 255, 0.106845
251, 271, 0.106826
252, 253, 0.104183
252, 254, 0.101726
253, 254, 0.099027
253, 270, 0.106845
253, 273, 0.106826
254, 517, 0.101726
254, 518, 0.099027
255, 256, 0.104183
255, 271, 0.106826
256, 257, 0.096930
256, 259, 0.104199
257, 258, 0.086840
257, 259, 0.096930
258, 330, 0.093402
258, 624, 0.086840
259, 260, 0.101726
259, 261, 0.104183
260, 261, 0.099027
260, 627, 0.101726
260, 628, 0.099027
261, 262, 0.106845
261, 272, 0.106826
262, 263, 0.099027
262, 264, 0.104183
262, 272, 0.106826
263, 264, 0.101726
263, 637, 0.101726
263, 638, 0.099027
264, 265, 0.096930
264, 268, 0.104199
265, 266, 0.086840
265, 267, 0.086840
265, 268, 0.096930
266, 267, 0.093402
266, 491, 0.093402
266, 636, 0.086840
267, 455, 0.093402
267, 523, 0.086840
268, 269, 0.101726
268, 270, 0.104183
269, 270, 0.099027
269, 521, 0.099027
269, 522, 0.101726
270, 273, 0.106826
271, 272, 0.109703
271, 273, 0.109703
272, 273, 0.109703
274, 275, 0.093402
274, 276, 0.086840
274, 304, 0.093402
274, 305, 0.086840
275, 276, 0.086840
275, 552, 0.086840
276, 277, 0.096930
276, 280, 0.096930
277, 278, 0.101726
277, 279, 0.104183
277, 280, 0.104199
278, 279, 0.099027
278, 555, 0.101726
278, 556, 0.099027
279, 283, 0.106845
279, 301, 0.106826
280, 281, 0.104183
280, 282, 0.101726
281, 282, 0.099027
281, 300, 0.106845
281, 303, 0.106826
282, 306, 0.101726
282, 307, 0.099027
283, 284, 0.099027
283, 285, 0.104183
283, 301, 0.106826
284, 285, 0.101726
284, 565, 0.101726
284, 566, 0.099027
285, 286, 0.096930
285, 289, 0.104199
286, 287, 0.086840
286, 288, 0.086840
286, 289, 0.096930
287, 288, 0.093402
287, 465, 0.093402
287, 564, 0.086840
288, 485, 0.093402
288, 595, 0.086840
289, 290, 0.101726
289, 291, 0.104183
290, 291, 0.099027
290, 593, 0.099027
290, 594, 0.101726
291, 292, 0.106845
291, 302, 0.106826
292, 293, 0.099027
292, 294, 0.104183
292, 302, 0.106826
293, 294, 0.101726
293, 589, 0.101726
293, 590, 0.099027
294, 295, 0.096930
294, 298, 0.104199
295, 296, 0.086840
295, 297, 0.086840
295, 298, 0.096930
296, 297, 0.093402
296, 361, 0.093402
296, 588, 0.086840
297, 313, 0.086840
297, 314, 0.093402
298, 299, 0.101726
298, 300, 0.104183
299, 300, 0.099027
299, 311, 0.099027
299, 312, 0.101726
300, 303, 0.106826
301, 302, 0.109703
301, 303, 0.109703
302, 303, 0.109703
304, 305, 0.086840
304, 534, 0.086840
305, 306, 0.096930
305, 308, 0.096930
306, 307, 0.104183
306, 308, 0.104199
307, 311, 0.106845
307, 327, 0.106826
308, 309, 0.104183
308, 310, 0.101726
309, 310, 0.099027
309, 326, 0.106845
309, 329, 0.106826
310, 535, 0.101726
310, 536, 0.099027
311, 312, 0.104183
311, 327, 0.106826
312, 313, 0.096930
312, 315, 0.104199
313, 314, 0.086840
313, 315, 0.096930
314, 360, 0.093402
314, 570, 0.086840
315, 316, 0.101726
315, 317, 0.104183
316, 317, 0.099027
316, 573, 0.101726
316, 574, 0.099027
317, 318, 0.106845
317, 328, 0.106826
318, 319, 0.099027
318, 320, 0.104183
318, 328, 0.106826
319, 320, 0.101726
319, 583, 0.101726
319, 584, 0.099027
320, 321, 0.096930
320, 324, 0.104199
321, 322, 0.086840
321, 323, 0.086840
321, 324, 0.096930
322, 323, 0.093402
322, 435, 0.093402
322, 582, 0.086840
323, 399, 0.093402
323, 541, 0.086840
324, 325, 0.101726
324, 326, 0.104183
325, 326, 0.099027
325, 539, 0.099027
325, 540, 0.101726
326, 329, 0.106826
327, 328, 0.109703
327, 329, 0.109703
328, 329, 0.109703
330, 331, 0.093402
330, 332, 0.086840
330, 624, 0.086840
331, 332, 0.086840
331, 606, 0.086840
332, 333, 0.096930
332, 336, 0.096930
333, 334, 0.101726
333, 335, 0.104183
333, 336, 0.104199
334, 335, 0.099027
334, 609, 0.101726
334, 610, 0.099027
335, 339, 0.106845
335, 357, 0.106826
336, 337, 0.104183
336, 338, 0.101726
337, 338, 0.099027
337, 356, 0.106845
337, 359, 0.106826
338, 625, 0.101726
338, 626, 0.099027
339, 340, 0.099027
339, 341, 0.104183
339, 357, 0.106826
340, 341, 0.101726
340, 619, 0.101726
340, 620, 0.099027
341, 342, 0.096930
341, 345, 0.104199
342, 343, 0.086840
342, 344, 0.086840
342, 345, 0.096930
343, 344, 0.093402
343, 417, 0.093402
343, 618, 0.086840
344, 378, 0.086840
344, 379, 0.093402
345, 346, 0.101726
345, 347, 0.104183
346, 347, 0.099027
346, 376, 0.099027
346, 377, 0.101726
347, 348, 0.106845
347, 358, 0.106826
348, 349, 0.099027
348, 350, 0.104183
348, 358, 0.106826
349, 350, 0.101726
349, 374, 0.101726
349, 375, 0.099027
350, 351, 0.096930
350, 354, 0.104199
351, 352, 0.086840
351, 353, 0.086840
351, 354, 0.096930
352, 353, 0.093402
352, 372, 0.086840
352, 373, 0.093402
353, 472, 0.093402
353, 631, 0.086840
354, 355, 0.101726
354, 356, 0.104183
355, 356, 0.099027
355, 629, 0.099027
355, 630, 0.101726
356, 359, 0.106826
357, 358, 0.109703
357, 359, 0.109703
358, 359, 0.109703
360, 361, 0.093402
360, 362, 0.086840
360, 570, 0.086840
361, 362, 0.086840
361, 588, 0.086840
362, 363, 0.096930
362, 366, 0.096930
363, 364, 0.101726
363, 365, 0.104183
363, 366, 0.104199
364, 365, 0.099027
364, 591, 0.101726
364, 592, 0.099027
365, 369, 0.106845
365, 383, 0.106826
366, 367, 0.104183
366, 368, 0.101726
367, 368, 0.099027
367, 382, 0.106845
367, 385, 0.106826
368, 571, 0.101726
368, 572, 0.099027
369, 370, 0.099027
369, 371, 0.104183
369, 383, 0.106826
370, 371, 0.101726
370, 601, 0.101726
370, 602, 0.099027
371, 372, 0.096930
371, 374, 0.104199
372, 373, 0.086840
372, 374, 0.096930
373, 473, 0.093402
373, 600, 0.086840
374, 375, 0.104183
375, 376, 0.106845
375, 384, 0.106826
376, 377, 0.104183
376, 384, 0.106826
377, 378, 0.096930
377, 380, 0.104199
378, 379, 0.086840
378, 380, 0.096930
379, 416, 0.093402
379, 577, 0.086840
380, 381, 0.101726
380, 382, 0.104183
381, 382, 0.099027
381, 575, 0.099027
381, 576, 0.101726
382, 385, 0.106826
383, 384, 0.109703
383, 385, 0.109703
384, 385, 0.109703
386, 387, 0.093402
386, 388, 0.086840
386, 505, 0.086840
387, 388, 0.086840
387, 546, 0.086840
388, 389, 0.096930
388, 392, 0.096930
389, 390, 0.101726
389, 391, 0.104183
389, 392, 0.104199
390, 391, 0.099027
390, 544, 0.099027
390, 545, 0.101726
391, 395, 0.106845
391, 413, 0.106826
392, 393, 0.104183
392, 394, 0.101726
393, 394, 0.099027
393, 412, 0.106845
393, 415, 0.106826
394, 506, 0.101726
394, 507, 0.099027
395, 396, 0.099027
395, 397, 0.104183
395, 413, 0.106826
396, 397, 0.101726
396, 542, 0.101726
396, 543, 0.099027
397, 398, 0.096930
397, 401, 0.104199
398, 399, 0.086840
398, 400, 0.086840
398, 401, 0.096930
399, 400, 0.093402
399, 541, 0.086840
400, 434, 0.086840
400, 435, 0.093402
401, 402, 0.101726
401, 403, 0.104183
402, 403, 0.099027
402, 432, 0.099027
402, 433, 0.101726
403, 404, 0.106845
403, 414, 0.106826
404, 405, 0.099027
404, 406, 0.104183
404, 414, 0.106826
405, 406, 0.101726
405, 430, 0.101726
405, 431, 0.099027
406, 407, 0.096930
406, 410, 0.104199
407, 408, 0.086840
407, 409, 0.086840
407, 410, 0.096930
408, 409, 0.093402
408, 428, 0.086840
408, 429, 0.093402
409, 510, 0.086840
410, 411, 0.101726
410, 412, 0.104183
411, 412, 0.099027
411, 508, 0.099027
411, 509, 0.101726
412, 415, 0.106826
413, 414, 0.109703
413, 415, 0.109703
414, 415, 0.109703
416, 417, 0.093402
416, 418, 0.086840
416, 577, 0.086840
417, 418, 0.086840
417, 618, 0.086840
418, 419, 0.096930
418, 422, 0.096930
419, 420, 0.101726
419, 421, 0.104183
419, 422, 0.104199
420, 421, 0.099027
420, 616, 0.099027
420, 617, 0.101726
421, 425, 0.106845
421, 439, 0.106826
422, 423, 0.104183
422, 424, 0.101726
423, 424, 0.099027
423, 438, 0.106845
423, 441, 0.106826
424, 578, 0.101726
424, 579, 0.099027
425, 426, 0.099027
425, 427, 0.104183
425, 439, 0.106826
426, 427, 0.101726
426, 614, 0.101726
426, 615, 0.099027
427, 428, 0.096930
427, 430, 0.104199
428, 429, 0.086840
428, 430, 0.096930
429, 613, 0.086840
430, 431, 0.104183
431, 432, 0.106845
431, 440, 0.106826
432, 433, 0.104183
432, 440, 0.106826
433, 434, 0.096930
433, 436, 0.104199
434, 435, 0.086840
434, 436, 0.096930
435, 582, 0.086840
436, 437, 0.101726
436, 438, 0.104183
437, 438, 0.099027
437, 580, 0.099027
437, 581, 0.101726
438, 441, 0.106826
439, 440, 0.109703
439, 441, 0.109703
440, 441, 0.109703
442, 443, 0.093402
442, 444, 0.086840
442, 559, 0.086840
443, 444, 0.086840
443, 528, 0.086840
444, 445, 0.096930
444, 448, 0.096930
445, 446, 0.101726
445, 447, 0.104183
445, 448, 0.104199
446, 447, 0.099027
446, 526, 0.099027
446, 527, 0.101726
447, 451, 0.106845
447, 469, 0.106826
448, 449, 0.104183
448, 450, 0.101726
449, 450, 0.099027
449, 468, 0.106845
449, 471, 0.106826
450, 560, 0.101726
450, 561, 0.099027
451, 452, 0.099027
451, 453, 0.104183
451, 469, 0.106826
452, 453, 0.101726
452, 524, 0.101726
452, 525, 0.099027
453, 454, 0.096930
453, 457, 0.104199
454, 455, 0.086840
454, 456, 0.086840
454, 457, 0.096930
455, 456, 0.093402
455, 523, 0.086840
456, 490, 0.086840
456, 491, 0.093402
457, 458, 0.101726
457, 459, 0.104183
458, 459, 0.099027
458, 488, 0.099027
458, 489, 0.101726
459, 460, 0.106845
459, 470, 0.106826
460, 461, 0.099027
460, 462, 0.104183
460, 470, 0.106826
461, 462, 0.101726
461, 486, 0.101726
461, 487, 0.099027
462, 463, 0.096930
462, 466, 0.104199
463, 464, 0.086840
463, 465, 0.086840
463, 466, 0.096930
464, 465, 0.093402
464, 484, 0.086840
464, 485, 0.093402
465, 564, 0.086840
466, 467, 0.101726
466, 468, 0.104183
467, 468, 0.099027
467, 562, 0.099027
467, 563, 0.101726
468, 471, 0.106826
469, 470, 0.109703
469, 471, 0.109703
470, 471, 0.109703
472, 473, 0.093402
472, 474, 0.086840
472, 631, 0.086840
473, 474, 0.086840
473, 600, 0.086840
474, 475, 0.096930
474, 478, 0.096930
475, 476, 0.101726
475, 477, 0.104183
475, 478, 0.104199
476, 477, 0.099027
476, 598, 0.099027
476, 599, 0.101726
477, 481, 0.106845
477, 495, 0.106826
478, 479, 0.104183
478, 480, 0.101726
479, 480, 0.099027
479, 494, 0.106845
479, 497, 0.106826
480, 632, 0.101726
480, 633, 0.099027
481, 482, 0.099027
481, 483, 0.104183
481, 495, 0.106826
482, 483, 0.101726
482, 596, 0.101726
482, 597, 0.099027
483, 484, 0.096930
483, 486, 0.104199
484, 485, 0.086840
484, 486, 0.096930
485, 595, 0.086840
486, 487, 0.104183
487, 488, 0.106845
487, 496, 0.106826
488, 489, 0.104183
488, 496, 0.106826
489, 490, 0.096930
489, 492, 0.104199
490, 491, 0.086840
490, 492, 0.096930
491, 636, 0.086840
492, 493, 0.101726
492, 494, 0.104183
493, 494, 0.099027
493, 634, 0.099027
493, 635, 0.101726
494, 497, 0.106826
495, 496, 0.109703
495, 497, 0.109703
496, 497, 0.109703
498, 499, 0.096930
498, 501, 0.096930
499, 500, 0.104183
499, 501, 0.104199
500, 503, 0.106845
500, 513, 0.106826
501, 502, 0.104183
502, 512, 0.106845
502, 515, 0.106826
503, 504, 0.104183
503, 513, 0.106826
504, 505, 0.096930
504, 506, 0.104199
505, 506, 0.096930
506, 507, 0.104183
507, 508, 0.106845
507, 514, 0.106826
508, 509, 0.104183
508, 514, 0.106826
509, 510, 0.096930
509, 511, 0.104199
510, 511, 0.096930
511, 512, 0.104183
512, 515, 0.106826
513, 514, 0.109703
513, 515, 0.109703
514, 515, 0.109703
516, 517, 0.096930
516, 519, 0.096930
517, 518, 0.104183
517, 519, 0.104199
518, 521, 0.106845
518, 531, 0.106826
519, 520, 0.104183
520, 530, 0.106845
520, 533, 0.106826
521, 522, 0.104183
521, 531, 0.106826
522, 523, 0.096930
522, 524, 0.104199
523, 524, 0.096930
524, 525, 0.104183
525, 526, 0.106845
525, 532, 0.106826
526, 527, 0.104183
526, 532, 0.106826
527, 528, 0.096930
527, 529, 0.104199
528, 529, 0.096930
529, 530, 0.104183
530, 533, 0.106826
531, 532, 0.109703
531, 533, 0.109703
532, 533, 0.109703
534, 535, 0.096930
534, 537, 0.096930
535, 536, 0.104183
535, 537, 0.104199
536, 539, 0.106845
536, 549, 0.106826
537, 538, 0.104183
538, 548, 0.106845
538, 551, 0.106826
539, 540, 0.104183
539, 549, 0.106826
540, 541, 0.096930
540, 542, 0.104199
541, 542, 0.096930
542, 543, 0.104183
543, 544, 0.106845
543, 550, 0.106826
544, 545, 0.104183
544, 550, 0.106826
545, 546, 0.096930
545, 547, 0.104199
546, 547, 0.096930
547, 548, 0.104183
548, 551, 0.106826
549, 550, 0.109703
549, 551, 0.109703
550, 551, 0.109703
552, 553, 0.096930
552, 555, 0.096930
553, 554, 0.104183
553, 555, 0.104199
554, 557, 0.106845
554, 567, 0.106826
555, 556, 0.104183
556, 566, 0.106845
556, 569, 0.106826
557, 558, 0.104183
557, 567, 0.106826
558, 559, 0.096930
558, 560, 0.104199
559, 560, 0.096930
560, 561, 0.104183
561, 562, 0.106845
561, 568, 0.106826
562, 563, 0.104183
562, 568, 0.106826
563, 564, 0.096930
563, 565, 0.104199
564, 565, 0.096930
565, 566, 0.104183
566, 569, 0.106826
567, 568, 0.109703
567, 569, 0.109703
568, 569, 0.109703
570, 571, 0.096930
570, 573, 0.096930
571, 572, 0.104183
571, 573, 0.104199
572, 575, 0.106845
572, 585, 0.106826
573, 574, 0.104183
574, 584, 0.106845
574, 587, 0.106826
575, 576, 0.104183
575, 585, 0.106826
576, 577, 0.096930
576, 578, 0.104199
577, 578, 0.096930
578, 579, 0.104183
579, 580, 0.106845
579, 586, 0.106826
580, 581, 0.104183
580, 586, 0.106826
581, 582, 0.096930
581, 583, 0.104199
582, 583, 0.096930
583, 584, 0.104183
584, 587, 0.106826
585, 586, 0.109703
585, 587, 0.109703
586, 587, 0.109703
588, 589, 0.096930
588, 591, 0.096930
589, 590, 0.104183
589, 591, 0.104199
590, 593, 0.106845
590, 603, 0.106826
591, 592, 0.104183
592, 602, 0.106845
592, 605, 0.106826
593, 594, 0.104183
593, 603, 0.106826
594, 595, 0.096930
594, 596, 0.104199
595, 596, 0.096930
596, 597, 0.104183
597, 598, 0.106845
597, 604, 0.106826
598, 599, 0.104183
598, 604, 0.106826
599, 600, 0.096930
599, 601, 0.104199
600, 601, 0.096930
601, 602, 0.104183
602, 605, 0.106826
603, 604, 0.109703
603, 605, 0.109703
604, 605, 0.109703
606, 607, 0.096930
606, 609, 0.096930
607, 608, 0.104183
607, 609, 0.104199
608, 611, 0.106845
608, 621, 0.106826
609, 610, 0.104183
610, 620, 0.106845
610, 623, 0.106826
611, 612, 0.104183
611, 621, 0.106826
612, 613, 0.096930
612, 614, 0.104199
613, 614, 0.096930
614, 615, 0.104183
615, 616, 0.106845
615, 622, 0.106826
616, 617, 0.104183
616, 622, 0.106826
617, 618, 0.096930
617, 619, 0.104199
618, 619, 0.096930
619, 620, 0.104183
620, 623, 0.106826
621, 622, 0.109703
621, 623, 0.109703
622, 623, 0.109703
624, 625, 0.096930
624, 627, 0.096930
625, 626, 0.104183
625, 627, 0.104199
626, 629, 0.106845
626, 639, 0.106826
627, 628, 0.104183
628, 638, 0.106845
628, 641, 0.106826
629, 630, 0.104183
629, 639, 0.106826
630, 631, 0.096930
630, 632, 0.104199
631, 632, 0.096930
632, 633, 0.104183
633, 634, 0.106845
633, 640, 0.106826
634, 635, 0.104183
634, 640, 0.106826
635, 636, 0.096930
635, 637, 0.104199
636, 637, 0.096930
637, 638, 0.104183
638, 641, 0.106826
639, 640, 0.109703
639, 641, 0.109703
640, 641, 0.109703
