source_idx: 127
h_value: 1.500842

points:
0.000000, 5.257311, -8.506509, 18.246621
0.000000, 5.257311, 8.506509, 13.169306
0.000000, -5.257311, 8.506509, 13.169306
-5.257311, 8.506509, 0.000000, 20.970476
-5.257311, -8.506509, 0.000000, 20.970476
5.257311, 8.506509, 0.000000, 10.445451
5.257311, -8.506509, 0.000000, 10.445451
0.000000, -5.257311, -8.506509, 18.246621
8.506509, 0.000000, 5.257311, 2.538657
-8.506509, 0.000000, 5.257311, 22.883097
-8.506509, 0.000000, -5.257311, 28.877269
8.506509, 0.000000, -5.257311, 8.532829
3.090170, 8.090170, -5.000000, 14.226340
-3.090170, 8.090170, -5.000000, 20.295854
0.000000, 10.000000, 0.000000, 15.707963
-3.090170, 8.090170, 5.000000, 17.189587
3.090170, 8.090170, 5.000000, 11.120073
0.000000, 0.000000, 10.000000, 12.710877
-5.000000, 3.090170, 8.090170, 18.119835
-5.000000, -3.090170, 8.090170, 18.119835
5.000000, 3.090170, 8.090170, 7.719284
5.000000, -3.090170, 8.090170, 7.719284
0.000000, 0.000000, -10.000000, 18.705049
5.000000, 3.090170, -8.090170, 13.296091
5.000000, -3.090170, -8.090170, 13.296091
-5.000000, 3.090170, -8.090170, 23.696643
-5.000000, -3.090170, -8.090170, 23.696643
3.090170, -8.090170, 5.000000, 11.120073
-3.090170, -8.090170, 5.000000, 17.189587
0.000000, -10.000000, 0.000000, 15.707963
-3.090170, -8.090170, -5.000000, 20.295854
3.090170, -8.090170, -5.000000, 14.226340
-8.090170, 5.000000, 3.090170, 23.209051
-8.090170, 5.000000, -3.090170, 26.143303
-10.000000, 0.000000, 0.000000, 28.418841
-8.090170, -5.000000, -3.090170, 26.143303
-8.090170, -5.000000, 3.090170, 23.209051
8.090170, 5.000000, -3.090170, 8.206875
8.090170, 5.000000, 3.090170, 5.272623
10.000000, 0.000000, 0.000000, 2.997086
8.090170, -5.000000, 3.090170, 5.272623
8.090170, -5.000000, -3.090170, 8.206875
1.476209, 6.817183, -7.165669, 16.413751
-1.476209, 6.817183, -7.165669, 19.311453
0.000000, 8.506508, -5.257311, 17.266442
-1.624598, 9.510565, -2.628655, 18.057796
-4.428627, 8.641878, -2.388556, 20.870680
-2.952418, 9.554226, 0.000000, 18.567585
1.624598, 9.510565, -2.628655, 14.931093
2.952418, 9.554226, 0.000000, 12.848342
4.428627, 8.641878, -2.388556, 12.104473
-1.476209, 6.817183, 7.165669, 15.002176
1.476209, 6.817183, 7.165669, 12.104473
0.000000, 8.506508, 5.257311, 14.149484
1.624598, 9.510565, 2.628655, 13.358131
4.428627, 8.641878, 2.388556, 10.545246
-1.624598, 9.510565, 2.628655, 16.484833
-4.428627, 8.641878, 2.388556, 19.311453
0.000000, 2.952418, 9.554226, 12.848342
-2.388556, 4.428627, 8.641878, 15.438568
-2.628655, 1.624598, 9.510565, 15.411480
-5.257311, 0.000000, 8.506508, 18.246621
-7.165669, 1.476209, 6.817183, 20.752765
-7.165669, -1.476209, 6.817183, 20.752765
-2.628655, -1.624598, 9.510565, 15.411480
-2.388556, -4.428627, 8.641878, 15.438568
0.000000, -2.952418, 9.554226, 12.848342
2.388556, 4.428627, 8.641878, 10.663161
2.628655, 1.624598, 9.510565, 10.099072
2.628655, -1.624598, 9.510565, 10.099072
2.388556, -4.428627, 8.641878, 10.663161
5.257311, 0.000000, 8.506508, 7.175134
7.165669, -1.476209, 6.817183, 4.823744
7.165669, 1.476209, 6.817183, 4.823744
0.000000, 2.952418, -9.554226, 18.567585
2.388556, 4.428627, -8.641878, 15.977359
2.628655, 1.624598, -9.510565, 16.004446
5.257311, 0.000000, -8.506508, 13.169306
7.165669, 1.476209, -6.817183, 10.663161
7.165669, -1.476209, -6.817183, 10.663161
2.628655, -1.624598, -9.510565, 16.004446
2.388556, -4.428627, -8.641878, 15.977359
0.000000, -2.952418, -9.554226, 18.567585
-2.388556, 4.428627, -8.641878, 20.752765
-2.628655, 1.624598, -9.510565, 21.316855
-2.628655, -1.624598, -9.510565, 21.316855
-2.388556, -4.428627, -8.641878, 20.752765
-5.257311, 0.000000, -8.506508, 24.240793
-7.165669, -1.476209, -6.817183, 26.592182
-7.165669, 1.476209, -6.817183, 26.592182
1.476209, -6.817183, 7.165669, 12.104473
-1.476209, -6.817183, 7.165669, 15.002176
0.000000, -8.506508, 5.257311, 14.149484
-1.624598, -9.510565, 2.628655, 16.484833
-4.428627, -8.641878, 2.388556, 19.311453
-2.952418, -9.554226, 0.000000, 18.567585
1.624598, -9.510565, 2.628655, 13.358131
2.952418, -9.554226, 0.000000, 12.848342
4.428627, -8.641878, 2.388556, 10.545246
-1.476209, -6.817183, -7.165669, 19.311453
1.476209, -6.817183, -7.165669, 16.413751
0.000000, -8.506508, -5.257311, 17.266442
1.624598, -9.510565, -2.628655, 14.931093
4.428627, -8.641878, -2.388556, 12.104473
-1.624598, -9.510565, -2.628655, 18.057796
-4.428627, -8.641878, -2.388556, 20.870680
-6.817183, 7.165669, 1.476209, 22.240145
-6.817183, 7.165669, -1.476209, 23.390952
-8.506508, 5.257311, 0.000000, 25.196205
-9.510565, 2.628655, -1.624598, 28.459867
-8.641878, 2.388556, -4.428627, 28.452679
-9.554226, 0.000000, -2.952418, 31.415927
-9.510565, 2.628655, 1.624598, 26.074313
-9.554226, 0.000000, 2.952418, 25.421755
-8.641878, 2.388556, 4.428627, 23.390952
-6.817183, -7.165669, -1.476209, 23.390952
-6.817183, -7.165669, 1.476209, 22.240145
-8.506508, -5.257311, 0.000000, 25.196205
-9.510565, -2.628655, 1.624598, 26.074313
-8.641878, -2.388556, 4.428627, 23.390952
-9.510565, -2.628655, -1.624598, 28.459867
-8.641878, -2.388556, -4.428627, 28.452679
6.817183, 7.165669, -1.476209, 9.175781
6.817183, 7.165669, 1.476209, 8.024975
8.506508, 5.257311, 0.000000, 6.219722
9.510565, 2.628655, 1.624598, 2.956059
8.641878, 2.388556, 4.428627, 2.963248
9.554226, 0.000000, 2.952418, 0.000000
9.510565, 2.628655, -1.624598, 5.341613
9.554226, 0.000000, -2.952418, 5.994172
8.641878, 2.388556, -4.428627, 8.024975
6.817183, -7.165669, 1.476209, 8.024975
6.817183, -7.165669, -1.476209, 9.175781
8.506508, -5.257311, 0.000000, 6.219722
9.510565, -2.628655, -1.624598, 5.341613
8.641878, -2.388556, -4.428627, 8.024975
9.510565, -2.628655, 1.624598, 2.956059
8.641878, -2.388556, 4.428627, 2.963248
-4.253254, 5.877852, 6.881909, 17.754037
-5.877852, 6.881909, 4.253254, 20.219560
-6.881910, 4.253254, 5.877853, 20.759871
4.253254, 5.877852, 6.881909, 9.153057
6.881910, 4.253254, 5.877853, 5.898000
5.877852, 6.881909, 4.253254, 8.132276
-4.253254, 5.877852, -6.881909, 22.262869
-6.881910, 4.253254, -5.877853, 25.517927
-5.877852, 6.881909, -4.253254, 23.283651
4.253254, 5.877852, -6.881909, 13.661889
5.877852, 6.881909, -4.253254, 11.196367
6.881910, 4.253254, -5.877853, 10.656056
-4.253254, -5.877852, -6.881909, 22.262869
-5.877852, -6.881909, -4.253254, 23.283651
-6.881910, -4.253254, -5.877853, 25.517927
4.253254, -5.877852, -6.881909, 13.661889
6.881910, -4.253254, -5.877853, 10.656056
5.877852, -6.881909, -4.253254, 11.196367
-4.253254, -5.877852, 6.881909, 17.754037
-6.881910, -4.253254, 5.877853, 20.759871
-5.877852, -6.881909, 4.253254, 20.219560
4.253254, -5.877852, 6.881909, 9.153057
5.877852, -6.881909, 4.253254, 8.132276
6.881910, -4.253254, 5.877853, 5.898000
0.700906, 6.040435, -7.938632, 17.390038
-0.700906, 6.040435, -7.938632, 18.769021
0.000000, 6.892700, -7.245046, 17.863661
-0.781932, 7.705240, -6.325965, 18.353480
-2.290449, 7.523439, -6.176707, 19.836194
-1.603575, 8.396425, -5.189276, 18.822243
0.781932, 7.705240, -6.325965, 16.830936
1.603575, 8.396425, -5.189276, 15.707963
2.290449, 7.523439, -6.176707, 15.343158
-2.405362, 8.891958, -3.891958, 19.227374
-3.817415, 8.467155, -3.706024, 20.647853
-3.127729, 9.155023, -2.530386, 19.536164
-3.731404, 9.198834, -1.207508, 19.737720
-4.906344, 8.639539, -1.134090, 20.969908
-4.205438, 9.072722, 0.000000, 19.842748
-2.345797, 9.638285, -1.265193, 18.353480
-1.526966, 9.882731, 0.000000, 17.172086
-0.801787, 9.883021, -1.297319, 16.859575
0.801787, 9.883021, -1.297319, 15.324847
1.526966, 9.882731, 0.000000, 14.243840
2.345797, 9.638285, -1.265193, 13.829241
3.731404, 9.198834, -1.207508, 12.441631
4.205438, 9.072722, 0.000000, 11.573179
4.906344, 8.639539, -1.134090, 11.204469
3.127729, 9.155023, -2.530386, 13.447535
3.817415, 8.467155, -3.706024, 13.126310
2.405362, 8.891958, -3.891958, 14.556351
-0.823236, 9.129826, -3.996071, 17.687206
0.000000, 9.638613, -2.664047, 16.495315
0.823236, 9.129826, -3.996071, 16.101334
-0.700906, 6.040435, 7.938632, 14.025888
0.700906, 6.040435, 7.938632, 12.646905
0.000000, 6.892700, 7.245046, 13.552266
0.781932, 7.705240, 6.325965, 13.062447
2.290449, 7.523439, 6.176707, 11.579732
1.603575, 8.396425, 5.189276, 12.593683
-0.781932, 7.705240, 6.325965, 14.584991
-1.603575, 8.396425, 5.189276, 15.707963
-2.290449, 7.523439, 6.176707, 16.072769
2.405362, 8.891958, 3.891958, 12.188553
3.817415, 8.467155, 3.706024, 10.768073
3.127729, 9.155023, 2.530386, 11.879762
3.731404, 9.198834, 1.207508, 11.678207
4.906344, 8.639539, 1.134090, 10.446018
2.345797, 9.638285, 1.265193, 13.062447
0.801787, 9.883021, 1.297319, 14.556351
-0.801787, 9.883021, 1.297319, 16.091080
-2.345797, 9.638285, 1.265193, 17.586685
-3.731404, 9.198834, 1.207508, 18.974295
-4.906344, 8.639539, 1.134090, 20.211457
-3.127729, 9.155023, 2.530386, 17.968391
-3.817415, 8.467155, 3.706024, 18.289616
-2.405362, 8.891958, 3.891958, 16.859576
0.823236, 9.129826, 3.996071, 13.728721
0.000000, 9.638613, 2.664047, 14.920612
-0.823236, 9.129826, 3.996071, 15.314593
0.000000, 4.205438, 9.072722, 12.996203
-1.134090, 4.906344, 8.639539, 14.235430
-1.207508, 3.731404, 9.198834, 14.139338
-2.530386, 3.127729, 9.155023, 15.422567
-3.706024, 3.817415, 8.467155, 16.750813
-3.891957, 2.405362, 8.891957, 16.803339
-1.265193, 2.345797, 9.638284, 14.063734
-1.297319, 0.801787, 9.883021, 14.021589
0.000000, 1.526966, 9.882731, 12.747095
-5.189276, 1.603575, 8.396425, 18.213058
-6.176707, 2.290449, 7.523439, 19.476676
-6.325965, 0.781932, 7.705240, 19.572501
-7.245046, 0.000000, 6.892700, 20.814031
-7.938632, 0.700906, 6.040435, 21.896919
-7.938632, -0.700906, 6.040435, 21.896919
-6.325965, -0.781932, 7.705240, 19.572501
-6.176707, -2.290449, 7.523439, 19.476676
-5.189276, -1.603575, 8.396425, 18.213058
-3.891957, -2.405362, 8.891957, 16.803339
-3.706024, -3.817415, 8.467155, 16.750813
-2.530386, -3.127729, 9.155023, 15.422567
-1.207508, -3.731404, 9.198834, 14.139338
-1.134090, -4.906344, 8.639539, 14.235430
0.000000, -4.205438, 9.072722, 12.996203
-1.265193, -2.345797, 9.638284, 14.063734
0.000000, -1.526966, 9.882731, 12.747095
-1.297319, -0.801787, 9.883021, 14.021589
-3.996071, 0.823236, 9.129826, 16.832764
-3.996071, -0.823236, 9.129826, 16.832764
-2.664047, 0.000000, 9.638613, 15.407487
1.134090, 4.906344, 8.639539, 11.988506
1.207508, 3.731404, 9.198834, 11.734682
1.265193, 2.345797, 9.638284, 11.533342
1.297319, 0.801787, 9.883021, 11.420435
2.530386, 3.127729, 9.155023, 10.332227
3.891957, 2.405362, 8.891957, 8.835977
3.706024, 3.817415, 8.467155, 9.222008
1.297319, -0.801787, 9.883021, 11.420435
1.265193, -2.345797, 9.638284, 11.533342
1.207508, -3.731404, 9.198834, 11.734682
1.134090, -4.906344, 8.639539, 11.988506
2.530386, -3.127729, 9.155023, 10.332227
3.706024, -3.817415, 8.467155, 9.222008
3.891957, -2.405362, 8.891957, 8.835977
5.189276, -1.603575, 8.396425, 7.322191
6.176707, -2.290449, 7.523439, 6.227803
6.325965, -0.781932, 7.705240, 5.882952
7.245046, 0.000000, 6.892700, 4.607724
7.938632, -0.700906, 6.040435, 3.573882
7.938632, 0.700906, 6.040435, 3.573882
6.325965, 0.781932, 7.705240, 5.882952
6.176707, 2.290449, 7.523439, 6.227803
5.189276, 1.603575, 8.396425, 7.322191
2.664047, 0.000000, 9.638613, 10.014267
3.996071, -0.823236, 9.129826, 8.614417
3.996071, 0.823236, 9.129826, 8.614417
0.000000, 4.205438, -9.072722, 18.419724
1.134090, 4.906344, -8.639539, 17.180497
1.207508, 3.731404, -9.198834, 17.276589
2.530386, 3.127729, -9.155023, 15.993360
3.706024, 3.817415, -8.467155, 14.665113
3.891957, 2.405362, -8.891957, 14.612588
1.265193, 2.345797, -9.638284, 17.352192
1.297319, 0.801787, -9.883021, 17.394338
0.000000, 1.526966, -9.882731, 18.668831
5.189276, 1.603575, -8.396425, 13.202868
6.176707, 2.290449, -7.523439, 11.939250
6.325965, 0.781932, -7.705240, 11.843425
7.245046, 0.000000, -6.892700, 10.601896
7.938632, 0.700906, -6.040435, 9.519007
7.938632, -0.700906, -6.040435, 9.519007
6.325965, -0.781932, -7.705240, 11.843425
6.176707, -2.290449, -7.523439, 11.939250
5.189276, -1.603575, -8.396425, 13.202868
3.891957, -2.405362, -8.891957, 14.612588
3.706024, -3.817415, -8.467155, 14.665113
2.530386, -3.127729, -9.155023, 15.993360
1.207508, -3.731404, -9.198834, 17.276589
1.134090, -4.906344, -8.639539, 17.180497
0.000000, -4.205438, -9.072722, 18.419724
1.265193, -2.345797, -9.638284, 17.352192
0.000000, -1.526966, -9.882731, 18.668831
1.297319, -0.801787, -9.883021, 17.394338
3.996071, 0.823236, -9.129826, 14.583163
3.996071, -0.823236, -9.129826, 14.583163
2.664047, 0.000000, -9.638613, 16.008439
-1.134090, 4.906344, -8.639539, 19.427421
-1.207508, 3.731404, -9.198834, 19.681245
-1.265193, 2.345797, -9.638284, 19.882585
-1.297319, 0.801787, -9.883021, 19.995492
-2.530386, 3.127729, -9.155023, 21.083700
-3.891957, 2.405362, -8.891957, 22.579949
-3.706024, 3.817415, -8.467155, 22.193919
-1.297319, -0.801787, -9.883021, 19.995492
-1.265193, -2.345797, -9.638284, 19.882585
-1.207508, -3.731404, -9.198834, 19.681245
-1.134090, -4.906344, -8.639539, 19.427421
-2.530386, -3.127729, -9.155023, 21.083700
-3.706024, -3.817415, -8.467155, 22.193919
-3.891957, -2.405362, -8.891957, 22.579949
-5.189276, -1.603575, -8.396425, 24.093736
-6.176707, -2.290449, -7.523439, 25.188124
-6.325965, -0.781932, -7.705240, 25.532975
-7.245046, 0.000000, -6.892700, 26.808203
-7.938632, -0.700906, -6.040435, 27.842045
-7.938632, 0.700906, -6.040435, 27.842045
-6.325965, 0.781932, -7.705240, 25.532975
-6.176707, 2.290449, -7.523439, 25.188124
-5.189276, 1.603575, -8.396425, 24.093736
-2.664047, 0.000000, -9.638613, 21.401659
-3.996071, -0.823236, -9.129826, 22.801509
-3.996071, 0.823236, -9.129826, 22.801509
0.700906, -6.040435, 7.938632, 12.646905
-0.700906, -6.040435, 7.938632, 14.025888
0.000000, -6.892700, 7.245046, 13.552266
-0.781932, -7.705240, 6.325965, 14.584991
-2.290449, -7.523439, 6.176707, 16.072769
-1.603575, -8.396425, 5.189276, 15.707963
0.781932, -7.705240, 6.325965, 13.062447
1.603575, -8.396425, 5.189276, 12.593683
2.290449, -7.523439, 6.176707, 11.579732
-2.405362, -8.891958, 3.891958, 16.859576
-3.817415, -8.467155, 3.706024, 18.289616
-3.127729, -9.155023, 2.530386, 17.968391
-3.731404, -9.198834, 1.207508, 18.974295
-4.906344, -8.639539, 1.134090, 20.211457
-4.205438, -9.072722, 0.000000, 19.842748
-2.345797, -9.638285, 1.265193, 17.586685
-1.526966, -9.882731, 0.000000, 17.172086
-0.801787, -9.883021, 1.297319, 16.091080
0.801787, -9.883021, 1.297319, 14.556351
1.526966, -9.882731, 0.000000, 14.243840
2.345797, -9.638285, 1.265193, 13.062447
3.731404, -9.198834, 1.207508, 11.678207
4.205438, -9.072722, 0.000000, 11.573179
4.906344, -8.639539, 1.134090, 10.446018
3.127729, -9.155023, 2.530386, 11.879762
3.817415, -8.467155, 3.706024, 10.768073
2.405362, -8.891958, 3.891958, 12.188553
-0.823236, -9.129826, 3.996071, 15.314593
0.000000, -9.638613, 2.664047, 14.920612
0.823236, -9.129826, 3.996071, 13.728721
-0.700906, -6.040435, -7.938632, 18.769021
0.700906, -6.040435, -7.938632, 17.390038
0.000000, -6.892700, -7.245046, 17.863661
0.781932, -7.705240, -6.325965, 16.830936
2.290449, -7.523439, -6.176707, 15.343158
1.603575, -8.396425, -5.189276, 15.707963
-0.781932, -7.705240, -6.325965, 18.353480
-1.603575, -8.396425, -5.189276, 18.822243
-2.290449, -7.523439, -6.176707, 19.836194
2.405362, -8.891958, -3.891958, 14.556351
3.817415, -8.467155, -3.706024, 13.126310
3.127729, -9.155023, -2.530386, 13.447535
3.731404, -9.198834, -1.207508, 12.441631
4.906344, -8.639539, -1.134090, 11.204469
2.345797, -9.638285, -1.265193, 13.829241
0.801787, -9.883021, -1.297319, 15.324847
-0.801787, -9.883021, -1.297319, 16.859575
-2.345797, -9.638285, -1.265193, 18.353480
-3.731404, -9.198834, -1.207508, 19.737720
-4.906344, -8.639539, -1.134090, 20.969908
-3.127729, -9.155023, -2.530386, 19.536164
-3.817415, -8.467155, -3.706024, 20.647853
-2.405362, -8.891958, -3.891958, 19.227374
0.823236, -9.129826, -3.996071, 16.101334
0.000000, -9.638613, -2.664047, 16.495315
-0.823236, -9.129826, -3.996071, 17.687206
-6.040435, 7.938632, 0.700906, 21.608710
-6.040435, 7.938632, -0.700906, 22.115633
-6.892700, 7.245046, 0.000000, 22.896788
-7.705240, 6.325965, -0.781932, 24.329747
-7.523439, 6.176707, -2.290449, 24.758041
-8.396425, 5.189276, -1.603575, 25.859425
-7.705240, 6.325965, 0.781932, 23.646925
-8.396425, 5.189276, 1.603575, 24.262510
-7.523439, 6.176707, 2.290449, 22.799381
-8.891957, 3.891957, -2.405362, 27.403439
-8.467155, 3.706024, -3.817415, 27.431780
-9.155023, 2.530386, -3.127729, 28.841146
-9.198834, 1.207508, -3.731404, 29.934303
-8.639539, 1.134090, -4.906344, 28.972510
-9.072722, 0.000000, -4.205438, 30.072566
-9.638285, 1.265193, -2.345797, 30.009147
-9.882731, 0.000000, -1.526966, 29.951803
-9.883021, 1.297319, -0.801787, 28.876052
-9.883021, 1.297319, 0.801787, 27.403439
-9.882731, 0.000000, 1.526966, 26.885878
-9.638285, 1.265193, 2.345797, 25.898373
-9.198834, 1.207508, 3.731404, 24.476193
-9.072722, 0.000000, 4.205438, 24.078394
-8.639539, 1.134090, 4.906344, 23.193574
-9.155023, 2.530386, 3.127729, 24.692230
-8.467155, 3.706024, 3.817415, 23.409773
-8.891957, 3.891957, 2.405362, 24.631345
-9.129825, 3.996070, -0.823236, 26.828036
-9.638613, 2.664047, 0.000000, 27.411661
-9.129825, 3.996070, 0.823236, 25.829564
-6.040435, -7.938632, -0.700906, 22.115633
-6.040435, -7.938632, 0.700906, 21.608710
-6.892700, -7.245046, 0.000000, 22.896788
-7.705240, -6.325965, 0.781932, 23.646925
-7.523439, -6.176707, 2.290449, 22.799381
-8.396425, -5.189276, 1.603575, 24.262510
-7.705240, -6.325965, -0.781932, 24.329747
-8.396425, -5.189276, -1.603575, 25.859425
-7.523439, -6.176707, -2.290449, 24.758041
-8.891957, -3.891957, 2.405362, 24.631345
-8.467155, -3.706024, 3.817415, 23.409773
-9.155023, -2.530386, 3.127729, 24.692230
-9.198834, -1.207508, 3.731404, 24.476193
-8.639539, -1.134090, 4.906344, 23.193574
-9.638285, -1.265193, 2.345797, 25.898373
-9.883021, -1.297319, 0.801787, 27.403439
-9.883021, -1.297319, -0.801787, 28.876052
-9.638285, -1.265193, -2.345797, 30.009147
-9.198834, -1.207508, -3.731404, 29.934303
-8.639539, -1.134090, -4.906344, 28.972510
-9.155023, -2.530386, -3.127729, 28.841146
-8.467155, -3.706024, -3.817415, 27.431780
-8.891957, -3.891957, -2.405362, 27.403439
-9.129825, -3.996070, 0.823236, 25.829564
-9.638613, -2.664047, 0.000000, 27.411661
-9.129825, -3.996070, -0.823236, 26.828036
6.040435, 7.938632, -0.700906, 9.807217
6.040435, 7.938632, 0.700906, 9.300294
6.892700, 7.245046, 0.000000, 8.519139
7.705240, 6.325965, 0.781932, 7.086179
7.523439, 6.176707, 2.290449, 6.657885
8.396425, 5.189276, 1.603575, 5.556502
7.705240, 6.325965, -0.781932, 7.769001
8.396425, 5.189276, -1.603575, 7.153416
7.523439, 6.176707, -2.290449, 8.616545
8.891957, 3.891957, 2.405362, 4.012487
8.467155, 3.706024, 3.817415, 3.984146
9.155023, 2.530386, 3.127729, 2.574781
9.198834, 1.207508, 3.731404, 1.481624
8.639539, 1.134090, 4.906344, 2.443417
9.072722, 0.000000, 4.205438, 1.343360
9.638285, 1.265193, 2.345797, 1.406780
9.882731, 0.000000, 1.526966, 1.464123
9.883021, 1.297319, 0.801787, 2.539874
9.883021, 1.297319, -0.801787, 4.012487
9.882731, 0.000000, -1.526966, 4.530049
9.638285, 1.265193, -2.345797, 5.517554
9.198834, 1.207508, -3.731404, 6.939733
9.072722, 0.000000, -4.205438, 7.337532
8.639539, 1.134090, -4.906344, 8.222352
9.155023, 2.530386, -3.127729, 6.723696
8.467155, 3.706024, -3.817415, 8.006154
8.891957, 3.891957, -2.405362, 6.784581
9.129825, 3.996070, 0.823236, 4.587891
9.638613, 2.664047, 0.000000, 4.004266
9.129825, 3.996070, -0.823236, 5.586363
6.040435, -7.938632, 0.700906, 9.300294
6.040435, -7.938632, -0.700906, 9.807217
6.892700, -7.245046, 0.000000, 8.519139
7.705240, -6.325965, -0.781932, 7.769001
7.523439, -6.176707, -2.290449, 8.616545
8.396425, -5.189276, -1.603575, 7.153416
7.705240, -6.325965, 0.781932, 7.086179
8.396425, -5.189276, 1.603575, 5.556502
7.523439, -6.176707, 2.290449, 6.657885
8.891957, -3.891957, -2.405362, 6.784581
8.467155, -3.706024, -3.817415, 8.006154
9.155023, -2.530386, -3.127729, 6.723696
9.198834, -1.207508, -3.731404, 6.939733
8.639539, -1.134090, -4.906344, 8.222352
9.638285, -1.265193, -2.345797, 5.517554
9.883021, -1.297319, -0.801787, 4.012487
9.883021, -1.297319, 0.801787, 2.539874
9.638285, -1.265193, 2.345797, 1.406780
9.198834, -1.207508, 3.731404, 1.481624
8.639539, -1.134090, 4.906344, 2.443417
9.155023, -2.530386, 3.127729, 2.574781
8.467155, -3.706024, 3.817415, 3.984146
8.891957, -3.891957, 2.405362, 4.012487
9.129825, -3.996070, -0.823236, 5.586363
9.638613, -2.664047, 0.000000, 4.004266
9.129825, -3.996070, 0.823236, 4.587891
-1.953788, 5.685192, 7.991326, 15.215084
-2.829058, 6.440047, 7.107897, 16.312729
-3.702681, 7.099106, 5.991064, 17.486131
-3.312318, 5.174854, 7.889830, 16.544194
-4.693745, 4.504468, 7.594638, 17.969445
-4.504468, 7.594637, 4.693744, 18.668921
-5.174855, 7.889830, 3.312319, 19.786324
-5.685192, 7.991326, 1.953788, 20.777223
-6.440047, 7.107897, 2.829058, 21.314868
-7.099106, 5.991064, 3.702681, 21.760200
-7.594638, 4.693745, 4.504468, 22.051017
-7.889830, 3.312319, 5.174855, 22.155841
-7.991326, 1.953788, 5.685192, 22.088818
-7.107897, 2.829058, 6.440047, 20.817020
-5.991064, 3.702681, 7.099106, 19.420720
-5.133755, 6.465778, 5.642542, 19.006441
-6.465778, 5.642542, 5.133755, 20.557701
-5.642542, 5.133755, 6.465778, 19.264513
1.953788, 5.685192, 7.991326, 11.344768
3.312318, 5.174854, 7.889830, 9.891418
4.693745, 4.504468, 7.594638, 8.329764
2.829058, 6.440047, 7.107897, 10.699713
3.702681, 7.099106, 5.991064, 10.114365
5.991064, 3.702681, 7.099106, 6.729361
7.107897, 2.829058, 6.440047, 5.171298
7.991326, 1.953788, 5.685192, 3.726659
7.889830, 3.312319, 5.174855, 4.356509
7.594638, 4.693745, 4.504468, 5.382646
7.099106, 5.991064, 3.702681, 6.639192
6.440047, 7.107897, 2.829058, 7.970466
5.685192, 7.991326, 1.953788, 9.262197
5.174855, 7.889830, 3.312319, 9.369966
4.504468, 7.594637, 4.693744, 9.655727
5.642542, 5.133755, 6.465778, 7.524773
6.465778, 5.642542, 5.133755, 6.930126
5.133755, 6.465778, 5.642542, 8.538552
-1.953788, 5.685192, -7.991326, 20.071159
-3.312318, 5.174854, -7.889830, 21.524509
-4.693745, 4.504468, -7.594638, 23.086163
-2.829058, 6.440047, -7.107897, 20.716214
-3.702681, 7.099106, -5.991064, 21.301562
-5.991064, 3.702681, -7.099106, 24.686566
-7.107897, 2.829058, -6.440047, 26.244629
-7.991326, 1.953788, -5.685192, 27.689268
-7.889830, 3.312319, -5.174855, 27.059417
-7.594638, 4.693745, -4.504468, 26.033280
-7.099106, 5.991064, -3.702681, 24.776735
-6.440047, 7.107897, -2.829058, 23.445461
-5.685192, 7.991326, -1.953788, 22.153730
-5.174855, 7.889830, -3.312319, 22.045961
-4.504468, 7.594637, -4.693744, 21.760200
-5.642542, 5.133755, -6.465778, 23.891153
-6.465778, 5.642542, -5.133755, 24.485801
-5.133755, 6.465778, -5.642542, 22.877375
1.953788, 5.685192, -7.991326, 16.200843
2.829058, 6.440047, -7.107897, 15.103197
3.702681, 7.099106, -5.991064, 13.929795
3.312318, 5.174854, -7.889830, 14.871733
4.693745, 4.504468, -7.594638, 13.446481
4.504468, 7.594637, -4.693744, 12.747006
5.174855, 7.889830, -3.312319, 11.629602
5.685192, 7.991326, -1.953788, 10.638704
6.440047, 7.107897, -2.829058, 10.101058
7.099106, 5.991064, -3.702681, 9.655727
7.594638, 4.693745, -4.504468, 9.364909
7.889830, 3.312319, -5.174855, 9.260085
7.991326, 1.953788, -5.685192, 9.327108
7.107897, 2.829058, -6.440047, 10.598906
5.991064, 3.702681, -7.099106, 11.995207
5.133755, 6.465778, -5.642542, 12.409485
6.465778, 5.642542, -5.133755, 10.858226
5.642542, 5.133755, -6.465778, 12.151414
-1.953788, -5.685192, -7.991326, 20.071159
-2.829058, -6.440047, -7.107897, 20.716214
-3.702681, -7.099106, -5.991064, 21.301562
-3.312318, -5.174854, -7.889830, 21.524509
-4.693745, -4.504468, -7.594638, 23.086163
-4.504468, -7.594637, -4.693744, 21.760200
-5.174855, -7.889830, -3.312319, 22.045961
-5.685192, -7.991326, -1.953788, 22.153730
-6.440047, -7.107897, -2.829058, 23.445461
-7.099106, -5.991064, -3.702681, 24.776735
-7.594638, -4.693745, -4.504468, 26.033280
-7.889830, -3.312319, -5.174855, 27.059417
-7.991326, -1.953788, -5.685192, 27.689268
-7.107897, -2.829058, -6.440047, 26.244629
-5.991064, -3.702681, -7.099106, 24.686566
-5.133755, -6.465778, -5.642542, 22.877375
-6.465778, -5.642542, -5.133755, 24.485801
-5.642542, -5.133755, -6.465778, 23.891153
1.953788, -5.685192, -7.991326, 16.200843
3.312318, -5.174854, -7.889830, 14.871733
4.693745, -4.504468, -7.594638, 13.446481
2.829058, -6.440047, -7.107897, 15.103197
3.702681, -7.099106, -5.991064, 13.929795
5.991064, -3.702681, -7.099106, 11.995207
7.107897, -2.829058, -6.440047, 10.598906
7.991326, -1.953788, -5.685192, 9.327108
7.889830, -3.312319, -5.174855, 9.260085
7.594638, -4.693745, -4.504468, 9.364909
7.099106, -5.991064, -3.702681, 9.655727
6.440047, -7.107897, -2.829058, 10.101058
5.685192, -7.991326, -1.953788, 10.638704
5.174855, -7.889830, -3.312319, 11.629602
4.504468, -7.594637, -4.693744, 12.747006
5.642542, -5.133755, -6.465778, 12.151414
6.465778, -5.642542, -5.133755, 10.858226
5.133755, -6.465778, -5.642542, 12.409485
-1.953788, -5.685192, 7.991326, 15.215084
-3.312318, -5.174854, 7.889830, 16.544194
-4.693745, -4.504468, 7.594638, 17.969445
-2.829058, -6.440047, 7.107897, 16.312729
-3.702681, -7.099106, 5.991064, 17.486131
-5.991064, -3.702681, 7.099106, 19.420720
-7.107897, -2.829058, 6.440047, 20.817020
-7.991326, -1.953788, 5.685192, 22.088818
-7.889830, -3.312319, 5.174855, 22.155841
-7.594638, -4.693745, 4.504468, 22.051017
-7.099106, -5.991064, 3.702681, 21.760200
-6.440047, -7.107897, 2.829058, 21.314868
-5.685192, -7.991326, 1.953788, 20.777223
-5.174855, -7.889830, 3.312319, 19.786324
-4.504468, -7.594637, 4.693744, 18.668921
-5.642542, -5.133755, 6.465778, 19.264513
-6.465778, -5.642542, 5.133755, 20.557701
-5.133755, -6.465778, 5.642542, 19.006441
1.953788, -5.685192, 7.991326, 11.344768
2.829058, -6.440047, 7.107897, 10.699713
3.702681, -7.099106, 5.991064, 10.114365
3.312318, -5.174854, 7.889830, 9.891418
4.693745, -4.504468, 7.594638, 8.329764
4.504468, -7.594637, 4.693744, 9.655727
5.174855, -7.889830, 3.312319, 9.369966
5.685192, -7.991326, 1.953788, 9.262197
6.440047, -7.107897, 2.829058, 7.970466
7.099106, -5.991064, 3.702681, 6.639192
7.594638, -4.693745, 4.504468, 5.382646
7.889830, -3.312319, 5.174855, 4.356509
7.991326, -1.953788, 5.685192, 3.726659
7.107897, -2.829058, 6.440047, 5.171298
5.991064, -3.702681, 7.099106, 6.729361
5.133755, -6.465778, 5.642542, 8.538552
6.465778, -5.642542, 5.133755, 6.930126
5.642542, -5.133755, 6.465778, 7.524773

graph:
0, 162, 1.194586
0, 163, 1.194586
0, 274, 1.194586
0, 275, 1.194586
0, 304, 1.194586
1, 192, 1.194586
1, 193, 1.194586
1, 218, 1.194586
1, 219, 1.194586
1, 248, 1.194586
2, 240, 1.194586
2, 241, 1.194586
2, 258, 1.194586
2, 330, 1.194586
2, 331, 1.194586
3, 175, 1.194586
3, 176, 1.194586
3, 211, 1.194586
3, 386, 1.194586
3, 387, 1.194586
4, 343, 1.194586
4, 344, 1.194586
4, 379, 1.194586
4, 416, 1.194586
4, 417, 1.194586
5, 184, 1.194586
5, 185, 1.194586
5, 205, 1.194586
5, 442, 1.194586
5, 443, 1.194586
6, 352, 1.194586
6, 353, 1.194586
6, 373, 1.194586
6, 472, 1.194586
6, 473, 1.194586
7, 296, 1.194586
7, 297, 1.194586
7, 314, 1.194586
7, 360, 1.194586
7, 361, 1.194586
8, 266, 1.194586
8, 267, 1.194586
8, 455, 1.194586
8, 456, 1.194586
8, 491, 1.194586
9, 231, 1.194586
9, 232, 1.194586
9, 408, 1.194586
9, 409, 1.194586
9, 429, 1.194586
10, 322, 1.194586
10, 323, 1.194586
10, 399, 1.194586
10, 400, 1.194586
10, 435, 1.194586
11, 287, 1.194586
11, 288, 1.194586
11, 464, 1.194586
11, 465, 1.194586
11, 485, 1.194586
12, 169, 1.529570
12, 170, 1.531462
12, 187, 1.531462
12, 188, 1.529570
12, 554, 1.529570
12, 557, 1.529570
13, 166, 1.531462
13, 167, 1.529570
13, 171, 1.529570
13, 172, 1.531462
13, 538, 1.529570
13, 548, 1.529570
14, 178, 1.531462
14, 179, 1.529570
14, 180, 1.529570
14, 181, 1.531462
14, 207, 1.529570
14, 208, 1.529570
15, 199, 1.529570
15, 200, 1.531462
15, 213, 1.531462
15, 214, 1.529570
15, 500, 1.529570
15, 503, 1.529570
16, 196, 1.531462
16, 197, 1.529570
16, 201, 1.529570
16, 202, 1.531462
16, 520, 1.529570
16, 530, 1.529570
17, 225, 1.529570
17, 226, 1.531462
17, 243, 1.531462
17, 244, 1.529570
17, 251, 1.529570
17, 255, 1.529570
18, 222, 1.531462
18, 223, 1.529570
18, 227, 1.529570
18, 228, 1.531462
18, 502, 1.529570
18, 512, 1.529570
19, 234, 1.531462
19, 235, 1.529570
19, 236, 1.529570
19, 237, 1.531462
19, 608, 1.529570
19, 611, 1.529570
20, 253, 1.529570
20, 254, 1.531462
20, 269, 1.531462
20, 270, 1.529570
20, 518, 1.529570
20, 521, 1.529570
21, 260, 1.531462
21, 261, 1.529570
21, 262, 1.529570
21, 263, 1.531462
21, 628, 1.529570
21, 638, 1.529570
22, 281, 1.529570
22, 282, 1.531462
22, 299, 1.531462
22, 300, 1.529570
22, 307, 1.529570
22, 311, 1.529570
23, 278, 1.531462
23, 279, 1.529570
23, 283, 1.529570
23, 284, 1.531462
23, 556, 1.529570
23, 566, 1.529570
24, 290, 1.531462
24, 291, 1.529570
24, 292, 1.529570
24, 293, 1.531462
24, 590, 1.529570
24, 593, 1.529570
25, 309, 1.529570
25, 310, 1.531462
25, 325, 1.531462
25, 326, 1.529570
25, 536, 1.529570
25, 539, 1.529570
26, 316, 1.531462
26, 317, 1.529570
26, 318, 1.529570
26, 319, 1.531462
26, 574, 1.529570
26, 584, 1.529570
27, 337, 1.529570
27, 338, 1.531462
27, 355, 1.531462
27, 356, 1.529570
27, 626, 1.529570
27, 629, 1.529570
28, 334, 1.531462
28, 335, 1.529570
28, 339, 1.529570
28, 340, 1.531462
28, 610, 1.529570
28, 620, 1.529570
29, 346, 1.531462
29, 347, 1.529570
29, 348, 1.529570
29, 349, 1.531462
29, 375, 1.529570
29, 376, 1.529570
30, 367, 1.529570
30, 368, 1.531462
30, 381, 1.531462
30, 382, 1.529570
30, 572, 1.529570
30, 575, 1.529570
31, 364, 1.531462
31, 365, 1.529570
31, 369, 1.529570
31, 370, 1.531462
31, 592, 1.529570
31, 602, 1.529570
32, 393, 1.529570
32, 394, 1.531462
32, 411, 1.531462
32, 412, 1.529570
32, 507, 1.529570
32, 508, 1.529570
33, 390, 1.531462
33, 391, 1.529570
33, 395, 1.529570
33, 396, 1.531462
33, 543, 1.529570
33, 544, 1.529570
34, 402, 1.531462
34, 403, 1.529570
34, 404, 1.529570
34, 405, 1.531462
34, 431, 1.529570
34, 432, 1.529570
35, 423, 1.529570
35, 424, 1.531462
35, 437, 1.531462
35, 438, 1.529570
35, 579, 1.529570
35, 580, 1.529570
36, 420, 1.531462
36, 421, 1.529570
36, 425, 1.529570
36, 426, 1.531462
36, 615, 1.529570
36, 616, 1.529570
37, 449, 1.529570
37, 450, 1.531462
37, 467, 1.531462
37, 468, 1.529570
37, 561, 1.529570
37, 562, 1.529570
38, 446, 1.531462
38, 447, 1.529570
38, 451, 1.529570
38, 452, 1.531462
38, 525, 1.529570
38, 526, 1.529570
39, 458, 1.531462
39, 459, 1.529570
39, 460, 1.529570
39, 461, 1.531462
39, 487, 1.529570
39, 488, 1.529570
40, 479, 1.529570
40, 480, 1.531462
40, 493, 1.531462
40, 494, 1.529570
40, 633, 1.529570
40, 634, 1.529570
41, 476, 1.531462
41, 477, 1.529570
41, 481, 1.529570
41, 482, 1.531462
41, 597, 1.529570
41, 598, 1.529570
42, 162, 1.342350
42, 164, 1.480269
42, 168, 1.405620
42, 170, 1.462816
42, 552, 1.480269
42, 553, 1.405620
43, 163, 1.342350
43, 164, 1.480269
43, 165, 1.405620
43, 166, 1.462816
43, 534, 1.480269
43, 537, 1.405620
44, 165, 1.547730
44, 167, 1.608788
44, 168, 1.547730
44, 169, 1.608788
44, 189, 1.630021
44, 191, 1.630021
45, 171, 1.608788
45, 173, 1.547730
45, 177, 1.547730
45, 179, 1.608788
45, 189, 1.630021
45, 190, 1.630021
46, 172, 1.462816
46, 173, 1.405620
46, 174, 1.480269
46, 175, 1.342350
46, 546, 1.480269
46, 547, 1.405620
47, 174, 1.480269
47, 176, 1.342350
47, 177, 1.405620
47, 178, 1.462816
47, 209, 1.405620
47, 210, 1.480269
48, 180, 1.608788
48, 182, 1.547730
48, 186, 1.547730
48, 188, 1.608788
48, 190, 1.630021
48, 191, 1.630021
49, 181, 1.462816
49, 182, 1.405620
49, 183, 1.480269
49, 184, 1.342350
49, 204, 1.480269
49, 206, 1.405620
50, 183, 1.480269
50, 185, 1.342350
50, 186, 1.405620
50, 187, 1.462816
50, 558, 1.405620
50, 559, 1.480269
51, 192, 1.342350
51, 194, 1.480269
51, 198, 1.405620
51, 200, 1.462816
51, 498, 1.480269
51, 499, 1.405620
52, 193, 1.342350
52, 194, 1.480269
52, 195, 1.405620
52, 196, 1.462816
52, 516, 1.480269
52, 519, 1.405620
53, 195, 1.547730
53, 197, 1.608788
53, 198, 1.547730
53, 199, 1.608788
53, 215, 1.630021
53, 217, 1.630021
54, 201, 1.608788
54, 203, 1.547730
54, 206, 1.547730
54, 207, 1.608788
54, 215, 1.630021
54, 216, 1.630021
55, 202, 1.462816
55, 203, 1.405620
55, 204, 1.480269
55, 205, 1.342350
55, 528, 1.480269
55, 529, 1.405620
56, 208, 1.608788
56, 209, 1.547730
56, 212, 1.547730
56, 214, 1.608788
56, 216, 1.630021
56, 217, 1.630021
57, 210, 1.480269
57, 211, 1.342350
57, 212, 1.405620
57, 213, 1.462816
57, 504, 1.405620
57, 505, 1.480269
58, 218, 1.342350
58, 220, 1.480269
58, 224, 1.405620
58, 226, 1.462816
58, 249, 1.480269
58, 250, 1.405620
59, 219, 1.342350
59, 220, 1.480269
59, 221, 1.405620
59, 222, 1.462816
59, 498, 1.480269
59, 501, 1.405620
60, 221, 1.547730
60, 223, 1.608788
60, 224, 1.547730
60, 225, 1.608788
60, 245, 1.630021
60, 247, 1.630021
61, 227, 1.608788
61, 229, 1.547730
61, 233, 1.547730
61, 235, 1.608788
61, 245, 1.630021
61, 246, 1.630021
62, 228, 1.462816
62, 229, 1.405620
62, 230, 1.480269
62, 231, 1.342350
62, 510, 1.480269
62, 511, 1.405620
63, 230, 1.480269
63, 232, 1.342350
63, 233, 1.405620
63, 234, 1.462816
63, 612, 1.405620
63, 613, 1.480269
64, 236, 1.608788
64, 238, 1.547730
64, 242, 1.547730
64, 244, 1.608788
64, 246, 1.630021
64, 247, 1.630021
65, 237, 1.462816
65, 238, 1.405620
65, 239, 1.480269
65, 240, 1.342350
65, 606, 1.480269
65, 607, 1.405620
66, 239, 1.480269
66, 241, 1.342350
66, 242, 1.405620
66, 243, 1.462816
66, 256, 1.405620
66, 257, 1.480269
67, 248, 1.342350
67, 249, 1.480269
67, 252, 1.405620
67, 254, 1.462816
67, 516, 1.480269
67, 517, 1.405620
68, 250, 1.547730
68, 251, 1.608788
68, 252, 1.547730
68, 253, 1.608788
68, 271, 1.630021
68, 273, 1.630021
69, 255, 1.608788
69, 256, 1.547730
69, 259, 1.547730
69, 261, 1.608788
69, 271, 1.630021
69, 272, 1.630021
70, 257, 1.480269
70, 258, 1.342350
70, 259, 1.405620
70, 260, 1.462816
70, 624, 1.480269
70, 627, 1.405620
71, 262, 1.608788
71, 264, 1.547730
71, 268, 1.547730
71, 270, 1.608788
71, 272, 1.630021
71, 273, 1.630021
72, 263, 1.462816
72, 264, 1.405620
72, 265, 1.480269
72, 266, 1.342350
72, 636, 1.480269
72, 637, 1.405620
73, 265, 1.480269
73, 267, 1.342350
73, 268, 1.405620
73, 269, 1.462816
73, 522, 1.405620
73, 523, 1.480269
74, 274, 1.342350
74, 276, 1.480269
74, 280, 1.405620
74, 282, 1.462816
74, 305, 1.480269
74, 306, 1.405620
75, 275, 1.342350
75, 276, 1.480269
75, 277, 1.405620
75, 278, 1.462816
75, 552, 1.480269
75, 555, 1.405620
76, 277, 1.547730
76, 279, 1.608788
76, 280, 1.547730
76, 281, 1.608788
76, 301, 1.630021
76, 303, 1.630021
77, 283, 1.608788
77, 285, 1.547730
77, 289, 1.547730
77, 291, 1.608788
77, 301, 1.630021
77, 302, 1.630021
78, 284, 1.462816
78, 285, 1.405620
78, 286, 1.480269
78, 287, 1.342350
78, 564, 1.480269
78, 565, 1.405620
79, 286, 1.480269
79, 288, 1.342350
79, 289, 1.405620
79, 290, 1.462816
79, 594, 1.405620
79, 595, 1.480269
80, 292, 1.608788
80, 294, 1.547730
80, 298, 1.547730
80, 300, 1.608788
80, 302, 1.630021
80, 303, 1.630021
81, 293, 1.462816
81, 294, 1.405620
81, 295, 1.480269
81, 296, 1.342350
81, 588, 1.480269
81, 589, 1.405620
82, 295, 1.480269
82, 297, 1.342350
82, 298, 1.405620
82, 299, 1.462816
82, 312, 1.405620
82, 313, 1.480269
83, 304, 1.342350
83, 305, 1.480269
83, 308, 1.405620
83, 310, 1.462816
83, 534, 1.480269
83, 535, 1.405620
84, 306, 1.547730
84, 307, 1.608788
84, 308, 1.547730
84, 309, 1.608788
84, 327, 1.630021
84, 329, 1.630021
85, 311, 1.608788
85, 312, 1.547730
85, 315, 1.547730
85, 317, 1.608788
85, 327, 1.630021
85, 328, 1.630021
86, 313, 1.480269
86, 314, 1.342350
86, 315, 1.405620
86, 316, 1.462816
86, 570, 1.480269
86, 573, 1.405620
87, 318, 1.608788
87, 320, 1.547730
87, 324, 1.547730
87, 326, 1.608788
87, 328, 1.630021
87, 329, 1.630021
88, 319, 1.462816
88, 320, 1.405620
88, 321, 1.480269
88, 322, 1.342350
88, 582, 1.480269
88, 583, 1.405620
89, 321, 1.480269
89, 323, 1.342350
89, 324, 1.405620
89, 325, 1.462816
89, 540, 1.405620
89, 541, 1.480269
90, 330, 1.342350
90, 332, 1.480269
90, 336, 1.405620
90, 338, 1.462816
90, 624, 1.480269
90, 625, 1.405620
91, 331, 1.342350
91, 332, 1.480269
91, 333, 1.405620
91, 334, 1.462816
91, 606, 1.480269
91, 609, 1.405620
92, 333, 1.547730
92, 335, 1.608788
92, 336, 1.547730
92, 337, 1.608788
92, 357, 1.630021
92, 359, 1.630021
93, 339, 1.608788
93, 341, 1.547730
93, 345, 1.547730
93, 347, 1.608788
93, 357, 1.630021
93, 358, 1.630021
94, 340, 1.462816
94, 341, 1.405620
94, 342, 1.480269
94, 343, 1.342350
94, 618, 1.480269
94, 619, 1.405620
95, 342, 1.480269
95, 344, 1.342350
95, 345, 1.405620
95, 346, 1.462816
95, 377, 1.405620
95, 378, 1.480269
96, 348, 1.608788
96, 350, 1.547730
96, 354, 1.547730
96, 356, 1.608788
96, 358, 1.630021
96, 359, 1.630021
97, 349, 1.462816
97, 350, 1.405620
97, 351, 1.480269
97, 352, 1.342350
97, 372, 1.480269
97, 374, 1.405620
98, 351, 1.480269
98, 353, 1.342350
98, 354, 1.405620
98, 355, 1.462816
98, 630, 1.405620
98, 631, 1.480269
99, 360, 1.342350
99, 362, 1.480269
99, 366, 1.405620
99, 368, 1.462816
99, 570, 1.480269
99, 571, 1.405620
100, 361, 1.342350
100, 362, 1.480269
100, 363, 1.405620
100, 364, 1.462816
100, 588, 1.480269
100, 591, 1.405620
101, 363, 1.547730
101, 365, 1.608788
101, 366, 1.547730
101, 367, 1.608788
101, 383, 1.630021
101, 385, 1.630021
102, 369, 1.608788
102, 371, 1.547730
102, 374, 1.547730
102, 375, 1.608788
102, 383, 1.630021
102, 384, 1.630021
103, 370, 1.462816
103, 371, 1.405620
103, 372, 1.480269
103, 373, 1.342350
103, 600, 1.480269
103, 601, 1.405620
104, 376, 1.608788
104, 377, 1.547730
104, 380, 1.547730
104, 382, 1.608788
104, 384, 1.630021
104, 385, 1.630021
105, 378, 1.480269
105, 379, 1.342350
105, 380, 1.405620
105, 381, 1.462816
105, 576, 1.405620
105, 577, 1.480269
106, 386, 1.342350
106, 388, 1.480269
106, 392, 1.405620
106, 394, 1.462816
106, 505, 1.480269
106, 506, 1.405620
107, 387, 1.342350
107, 388, 1.480269
107, 389, 1.405620
107, 390, 1.462816
107, 545, 1.405620
107, 546, 1.480269
108, 389, 1.547730
108, 391, 1.608788
108, 392, 1.547730
108, 393, 1.608788
108, 413, 1.630021
108, 415, 1.630021
109, 395, 1.608788
109, 397, 1.547730
109, 401, 1.547730
109, 403, 1.608788
109, 413, 1.630021
109, 414, 1.630021
110, 396, 1.462816
110, 397, 1.405620
110, 398, 1.480269
110, 399, 1.342350
110, 541, 1.480269
110, 542, 1.405620
111, 398, 1.480269
111, 400, 1.342350
111, 401, 1.405620
111, 402, 1.462816
111, 433, 1.405620
111, 434, 1.480269
112, 404, 1.608788
112, 406, 1.547730
112, 410, 1.547730
112, 412, 1.608788
112, 414, 1.630021
112, 415, 1.630021
113, 405, 1.462816
113, 406, 1.405620
113, 407, 1.480269
113, 408, 1.342350
113, 428, 1.480269
113, 430, 1.405620
114, 407, 1.480269
114, 409, 1.342350
114, 410, 1.405620
114, 411, 1.462816
114, 509, 1.405620
114, 510, 1.480269
115, 416, 1.342350
115, 418, 1.480269
115, 422, 1.405620
115, 424, 1.462816
115, 577, 1.480269
115, 578, 1.405620
116, 417, 1.342350
116, 418, 1.480269
116, 419, 1.405620
116, 420, 1.462816
116, 617, 1.405620
116, 618, 1.480269
117, 419, 1.547730
117, 421, 1.608788
117, 422, 1.547730
117, 423, 1.608788
117, 439, 1.630021
117, 441, 1.630021
118, 425, 1.608788
118, 427, 1.547730
118, 430, 1.547730
118, 431, 1.608788
118, 439, 1.630021
118, 440, 1.630021
119, 426, 1.462816
119, 427, 1.405620
119, 428, 1.480269
119, 429, 1.342350
119, 613, 1.480269
119, 614, 1.405620
120, 432, 1.608788
120, 433, 1.547730
120, 436, 1.547730
120, 438, 1.608788
120, 440, 1.630021
120, 441, 1.630021
121, 434, 1.480269
121, 435, 1.342350
121, 436, 1.405620
121, 437, 1.462816
121, 581, 1.405620
121, 582, 1.480269
122, 442, 1.342350
122, 444, 1.480269
122, 448, 1.405620
122, 450, 1.462816
122, 559, 1.480269
122, 560, 1.405620
123, 443, 1.342350
123, 444, 1.480269
123, 445, 1.405620
123, 446, 1.462816
123, 527, 1.405620
123, 528, 1.480269
124, 445, 1.547730
124, 447, 1.608788
124, 448, 1.547730
124, 449, 1.608788
124, 469, 1.630021
124, 471, 1.630021
125, 451, 1.608788
125, 453, 1.547730
125, 457, 1.547730
125, 459, 1.608788
125, 469, 1.630021
125, 470, 1.630021
126, 452, 1.462816
126, 453, 1.405620
126, 454, 1.480269
126, 455, 1.342350
126, 523, 1.480269
126, 524, 1.405620
127, 454, 1.480269
127, 456, 1.342350
127, 457, 1.405620
127, 458, 1.462816
127, 489, 1.405620
127, 490, 1.480269
128, 460, 1.608788
128, 462, 1.547730
128, 466, 1.547730
128, 468, 1.608788
128, 470, 1.630021
128, 471, 1.630021
129, 461, 1.462816
129, 462, 1.405620
129, 463, 1.480269
129, 464, 1.342350
129, 484, 1.480269
129, 486, 1.405620
130, 463, 1.480269
130, 465, 1.342350
130, 466, 1.405620
130, 467, 1.462816
130, 563, 1.405620
130, 564, 1.480269
131, 472, 1.342350
131, 474, 1.480269
131, 478, 1.405620
131, 480, 1.462816
131, 631, 1.480269
131, 632, 1.405620
132, 473, 1.342350
132, 474, 1.480269
132, 475, 1.405620
132, 476, 1.462816
132, 599, 1.405620
132, 600, 1.480269
133, 475, 1.547730
133, 477, 1.608788
133, 478, 1.547730
133, 479, 1.608788
133, 495, 1.630021
133, 497, 1.630021
134, 481, 1.608788
134, 483, 1.547730
134, 486, 1.547730
134, 487, 1.608788
134, 495, 1.630021
134, 496, 1.630021
135, 482, 1.462816
135, 483, 1.405620
135, 484, 1.480269
135, 485, 1.342350
135, 595, 1.480269
135, 596, 1.405620
136, 488, 1.608788
136, 489, 1.547730
136, 492, 1.547730
136, 494, 1.608788
136, 496, 1.630021
136, 497, 1.630021
137, 490, 1.480269
137, 491, 1.342350
137, 492, 1.405620
137, 493, 1.462816
137, 635, 1.405620
137, 636, 1.480269
138, 499, 1.547730
138, 500, 1.608788
138, 501, 1.547730
138, 502, 1.608788
138, 513, 1.630021
138, 515, 1.630021
139, 503, 1.608788
139, 504, 1.547730
139, 506, 1.547730
139, 507, 1.608788
139, 513, 1.630021
139, 514, 1.630021
140, 508, 1.608788
140, 509, 1.547731
140, 511, 1.547730
140, 512, 1.608788
140, 514, 1.630021
140, 515, 1.630021
141, 517, 1.547730
141, 518, 1.608788
141, 519, 1.547730
141, 520, 1.608788
141, 531, 1.630021
141, 533, 1.630021
142, 521, 1.608788
142, 522, 1.547730
142, 524, 1.547731
142, 525, 1.608788
142, 531, 1.630021
142, 532, 1.630021
143, 526, 1.608788
143, 527, 1.547730
143, 529, 1.547730
143, 530, 1.608788
143, 532, 1.630021
143, 533, 1.630021
144, 535, 1.547730
144, 536, 1.608788
144, 537, 1.547730
144, 538, 1.608788
144, 549, 1.630021
144, 551, 1.630021
145, 539, 1.608788
145, 540, 1.547730
145, 542, 1.547731
145, 543, 1.608788
145, 549, 1.630021
145, 550, 1.630021
146, 544, 1.608788
146, 545, 1.547730
146, 547, 1.547730
146, 548, 1.608788
146, 550, 1.630021
146, 551, 1.630021
147, 553, 1.547730
147, 554, 1.608788
147, 555, 1.547730
147, 556, 1.608788
147, 567, 1.630021
147, 569, 1.630021
148, 557, 1.608788
148, 558, 1.547730
148, 560, 1.547730
148, 561, 1.608788
148, 567, 1.630021
148, 568, 1.630021
149, 562, 1.608788
149, 563, 1.547731
149, 565, 1.547730
149, 566, 1.608788
149, 568, 1.630021
149, 569, 1.630021
150, 571, 1.547730
150, 572, 1.608788
150, 573, 1.547730
150, 574, 1.608788
150, 585, 1.630021
150, 587, 1.630021
151, 575, 1.608788
151, 576, 1.547730
151, 578, 1.547730
151, 579, 1.608788
151, 585, 1.630021
151, 586, 1.630021
152, 580, 1.608788
152, 581, 1.547731
152, 583, 1.547730
152, 584, 1.608788
152, 586, 1.630021
152, 587, 1.630021
153, 589, 1.547730
153, 590, 1.608788
153, 591, 1.547730
153, 592, 1.608788
153, 603, 1.630021
153, 605, 1.630021
154, 593, 1.608788
154, 594, 1.547730
154, 596, 1.547731
154, 597, 1.608788
154, 603, 1.630021
154, 604, 1.630021
155, 598, 1.608788
155, 599, 1.547730
155, 601, 1.547730
155, 602, 1.608788
155, 604, 1.630021
155, 605, 1.630021
156, 607, 1.547730
156, 608, 1.608788
156, 609, 1.547730
156, 610, 1.608788
156, 621, 1.630021
156, 623, 1.630021
157, 611, 1.608788
157, 612, 1.547730
157, 614, 1.547731
157, 615, 1.608788
157, 621, 1.630021
157, 622, 1.630021
158, 616, 1.608788
158, 617, 1.547730
158, 619, 1.547730
158, 620, 1.608788
158, 622, 1.630021
158, 623, 1.630021
159, 625, 1.547730
159, 626, 1.608788
159, 627, 1.547730
159, 628, 1.608788
159, 639, 1.630021
159, 641, 1.630021
160, 629, 1.608788
160, 630, 1.547730
160, 632, 1.547730
160, 633, 1.608788
160, 639, 1.630021
160, 640, 1.630021
161, 634, 1.608788
161, 635, 1.547731
161, 637, 1.547730
161, 638, 1.608788
161, 640, 1.630021
161, 641, 1.630021
162, 163, 1.401813
162, 164, 1.303337
162, 275, 1.401813
162, 552, 1.303337
163, 164, 1.303337
163, 304, 1.401813
163, 534, 1.303337
164, 165, 1.454768
164, 168, 1.454768
165, 166, 1.526746
165, 167, 1.563616
165, 168, 1.563865
166, 167, 1.486244
166, 537, 1.526746
166, 538, 1.486244
167, 171, 1.603575
167, 189, 1.603292
168, 169, 1.563616
168, 170, 1.526746
169, 170, 1.486244
169, 188, 1.603575
169, 191, 1.603292
170, 553, 1.526746
170, 554, 1.486244
171, 172, 1.486244
171, 173, 1.563616
171, 189, 1.603292
172, 173, 1.526746
172, 547, 1.526746
172, 548, 1.486244
173, 174, 1.454768
173, 177, 1.563865
174, 175, 1.303337
174, 176, 1.303337
174, 177, 1.454768
175, 176, 1.401813
175, 387, 1.401813
175, 546, 1.303337
176, 210, 1.303337
176, 211, 1.401813
177, 178, 1.526746
177, 179, 1.563616
178, 179, 1.486244
178, 208, 1.486244
178, 209, 1.526746
179, 180, 1.603575
179, 190, 1.603292
180, 181, 1.486244
180, 182, 1.563616
180, 190, 1.603292
181, 182, 1.526746
181, 206, 1.526746
181, 207, 1.486244
182, 183, 1.454768
182, 186, 1.563865
183, 184, 1.303337
183, 185, 1.303337
183, 186, 1.454768
184, 185, 1.401813
184, 204, 1.303337
184, 205, 1.401813
185, 442, 1.401813
185, 559, 1.303337
186, 187, 1.526746
186, 188, 1.563616
187, 188, 1.486244
187, 557, 1.486244
187, 558, 1.526746
188, 191, 1.603292
189, 190, 1.646472
189, 191, 1.646472
190, 191, 1.646472
192, 193, 1.401813
192, 194, 1.303337
192, 219, 1.401813
192, 498, 1.303337
193, 194, 1.303337
193, 248, 1.401813
193, 516, 1.303337
194, 195, 1.454768
194, 198, 1.454768
195, 196, 1.526746
195, 197, 1.563616
195, 198, 1.563865
196, 197, 1.486244
196, 519, 1.526746
196, 520, 1.486244
197, 201, 1.603575
197, 215, 1.603292
198, 199, 1.563616
198, 200, 1.526746
199, 200, 1.486244
199, 214, 1.603575
199, 217, 1.603292
200, 499, 1.526746
200, 500, 1.486244
201, 202, 1.486244
201, 203, 1.563616
201, 215, 1.603292
202, 203, 1.526746
202, 529, 1.526746
202, 530, 1.486244
203, 204, 1.454768
203, 206, 1.563865
204, 205, 1.303337
204, 206, 1.454768
205, 443, 1.401813
205, 528, 1.303337
206, 207, 1.563616
207, 208, 1.603575
207, 216, 1.603292
208, 209, 1.563616
208, 216, 1.603292
209, 210, 1.454768
209, 212, 1.563865
210, 211, 1.303337
210, 212, 1.454768
211, 386, 1.401813
211, 505, 1.303337
212, 213, 1.526746
212, 214, 1.563616
213, 214, 1.486244
213, 503, 1.486244
213, 504, 1.526746
214, 217, 1.603292
215, 216, 1.646472
215, 217, 1.646472
216, 217, 1.646472
218, 219, 1.401813
218, 220, 1.303337
218, 248, 1.401813
218, 249, 1.303337
219, 220, 1.303337
219, 498, 1.303337
220, 221, 1.454768
220, 224, 1.454768
221, 222, 1.526746
221, 223, 1.563616
221, 224, 1.563865
222, 223, 1.486244
222, 501, 1.526745
222, 502, 1.486244
223, 227, 1.603575
223, 245, 1.603292
224, 225, 1.563616
224, 226, 1.526746
225, 226, 1.486244
225, 244, 1.603575
225, 247, 1.603292
226, 250, 1.526746
226, 251, 1.486244
227, 228, 1.486244
227, 229, 1.563616
227, 245, 1.603292
228, 229, 1.526746
228, 511, 1.526746
228, 512, 1.486244
229, 230, 1.454768
229, 233, 1.563865
230, 231, 1.303337
230, 232, 1.303337
230, 233, 1.454768
231, 232, 1.401813
231, 409, 1.401813
231, 510, 1.303337
232, 429, 1.401813
232, 613, 1.303337
233, 234, 1.526746
233, 235, 1.563616
234, 235, 1.486244
234, 611, 1.486244
234, 612, 1.526746
235, 236, 1.603575
235, 246, 1.603292
236, 237, 1.486244
236, 238, 1.563616
236, 246, 1.603292
237, 238, 1.526746
237, 607, 1.526745
237, 608, 1.486244
238, 239, 1.454768
238, 242, 1.563865
239, 240, 1.303337
239, 241, 1.303337
239, 242, 1.454768
240, 241, 1.401813
240, 331, 1.401813
240, 606, 1.303337
241, 257, 1.303337
241, 258, 1.401813
242, 243, 1.526746
242, 244, 1.563616
243, 244, 1.486244
243, 255, 1.486244
243, 256, 1.526746
244, 247, 1.603292
245, 246, 1.646472
245, 247, 1.646472
246, 247, 1.646472
248, 249, 1.303337
248, 516, 1.303337
249, 250, 1.454768
249, 252, 1.454768
250, 251, 1.563616
250, 252, 1.563865
251, 255, 1.603575
251, 271, 1.603292
252, 253, 1.563616
252, 254, 1.526746
253, 254, 1.486244
253, 270, 1.603575
253, 273, 1.603292
254, 517, 1.526745
254, 518, 1.486244
255, 256, 1.563616
255, 271, 1.603292
256, 257, 1.454768
256, 259, 1.563865
257, 258, 1.303337
257, 259, 1.454768
258, 330, 1.401813
258, 624, 1.303337
259, 260, 1.526746
259, 261, 1.563616
260, 261, 1.486244
260, 627, 1.526745
260, 628, 1.486244
261, 262, 1.603575
261, 272, 1.603292
262, 263, 1.486244
262, 264, 1.563616
262, 272, 1.603292
263, 264, 1.526746
263, 637, 1.526746
263, 638, 1.486244
264, 265, 1.454768
264, 268, 1.563865
265, 266, 1.303337
265, 267, 1.303337
265, 268, 1.454768
266, 267, 1.401813
266, 491, 1.401813
266, 636, 1.303337
267, 455, 1.401813
267, 523, 1.303337
268, 269, 1.526746
268, 270, 1.563616
269, 270, 1.486244
269, 521, 1.486244
269, 522, 1.526746
270, 273, 1.603292
271, 272, 1.646472
271, 273, 1.646472
272, 273, 1.646472
274, 275, 1.401813
274, 276, 1.303337
274, 304, 1.401813
274, 305, 1.303337
275, 276, 1.303337
275, 552, 1.303337
276, 277, 1.454768
276, 280, 1.454768
277, 278, 1.526746
277, 279, 1.563616
277, 280, 1.563865
278, 279, 1.486244
278, 555, 1.526745
278, 556, 1.486244
279, 283, 1.603575
279, 301, 1.603292
280, 281, 1.563616
280, 282, 1.526746
281, 282, 1.486244
281, 300, 1.603575
281, 303, 1.603292
282, 306, 1.526746
282, 307, 1.486244
283, 284, 1.486244
283, 285, 1.563616
283, 301, 1.603292
284, 285, 1.526746
284, 565, 1.526746
284, 566, 1.486244
285, 286, 1.454768
285, 289, 1.563865
286, 287, 1.303337
286, 288, 1.303337
286, 289, 1.454768
287, 288, 1.401813
287, 465, 1.401813
287, 564, 1.303337
288, 485, 1.401813
288, 595, 1.303337
289, 290, 1.526746
289, 291, 1.563616
290, 291, 1.486244
290, 593, 1.486244
290, 594, 1.526746
291, 292, 1.603575
291, 302, 1.603292
292, 293, 1.486244
292, 294, 1.563616
292, 302, 1.603292
293, 294, 1.526746
293, 589, 1.526745
293, 590, 1.486244
294, 295, 1.454768
294, 298, 1.563865
295, 296, 1.303337
295, 297, 1.303337
295, 298, 1.454768
296, 297, 1.401813
296, 361, 1.401813
296, 588, 1.303337
297, 313, 1.303337
297, 314, 1.401813
298, 299, 1.526746
298, 300, 1.563616
299, 300, 1.486244
299, 311, 1.486244
299, 312, 1.526746
300, 303, 1.603292
301, 302, 1.646472
301, 303, 1.646472
302, 303, 1.646472
304, 305, 1.303337
304, 534, 1.303337
305, 306, 1.454768
305, 308, 1.454768
306, 307, 1.563616
306, 308, 1.563865
307, 311, 1.603575
307, 327, 1.603292
308, 309, 1.563616
308, 310, 1.526746
309, 310, 1.486244
309, 326, 1.603575
309, 329, 1.603292
310, 535, 1.526745
310, 536, 1.486244
311, 312, 1.563616
311, 327, 1.603292
312, 313, 1.454768
312, 315, 1.563865
313, 314, 1.303337
313, 315, 1.454768
314, 360, 1.401813
314, 570, 1.303337
315, 316, 1.526746
315, 317, 1.563616
316, 317, 1.486244
316, 573, 1.526745
316, 574, 1.486244
317, 318, 1.603575
317, 328, 1.603292
318, 319, 1.486244
318, 320, 1.563616
318, 328, 1.603292
319, 320, 1.526746
319, 583, 1.526746
319, 584, 1.486244
320, 321, 1.454768
320, 324, 1.563865
321, 322, 1.303337
321, 323, 1.303337
321, 324, 1.454768
322, 323, 1.401813
322, 435, 1.401813
322, 582, 1.303337
323, 399, 1.401813
323, 541, 1.303337
324, 325, 1.526746
324, 326, 1.563616
325, 326, 1.486244
325, 539, 1.486244
325, 540, 1.526746
326, 329, 1.603292
327, 328, 1.646472
327, 329, 1.646472
328, 329, 1.646472
330, 331, 1.401813
330, 332, 1.303337
330, 624, 1.303337
331, 332, 1.303337
331, 606, 1.303337
332, 333, 1.454768
332, 336, 1.454768
333, 334, 1.526746
333, 335, 1.563616
333, 336, 1.563865
334, 335, 1.486244
334, 609, 1.526746
334, 610, 1.486244
335, 339, 1.603575
335, 357, 1.603292
336, 337, 1.563616
336, 338, 1.526746
337, 338, 1.486244
337, 356, 1.603575
337, 359, 1.603292
338, 625, 1.526746
338, 626, 1.486244
339, 340, 1.486244
339, 341, 1.563616
339, 357, 1.603292
340, 341, 1.526746
340, 619, 1.526746
340, 620, 1.486244
341, 342, 1.454768
341, 345, 1.563865
342, 343, 1.303337
342, 344, 1.303337
342, 345, 1.454768
343, 344, 1.401813
343, 417, 1.401813
343, 618, 1.303337
344, 378, 1.303337
344, 379, 1.401813
345, 346, 1.526746
345, 347, 1.563616
346, 347, 1.486244
346, 376, 1.486244
346, 377, 1.526746
347, 348, 1.603575
347, 358, 1.603292
348, 349, 1.486244
348, 350, 1.563616
348, 358, 1.603292
349, 350, 1.526746
349, 374, 1.526746
349, 375, 1.486244
350, 351, 1.454768
350, 354, 1.563865
351, 352, 1.303337
351, 353, 1.303337
351, 354, 1.454768
352, 353, 1.401813
352, 372, 1.303337
352, 373, 1.401813
353, 472, 1.401813
353, 631, 1.303337
354, 355, 1.526746
354, 356, 1.563616
355, 356, 1.486244
355, 629, 1.486244
355, 630, 1.526746
356, 359, 1.603292
357, 358, 1.646472
357, 359, 1.646472
358, 359, 1.646472
360, 361, 1.401813
360, 362, 1.303337
360, 570, 1.303337
361, 362, 1.303337
361, 588, 1.303337
362, 363, 1.454768
362, 366, 1.454768
363, 364, 1.526746
363, 365, 1.563616
363, 366, 1.563865
364, 365, 1.486244
364, 591, 1.526746
364, 592, 1.486244
365, 369, 1.603575
365, 383, 1.603292
366, 367, 1.563616
366, 368, 1.526746
367, 368, 1.486244
367, 382, 1.603575
367, 385, 1.603292
368, 571, 1.526746
368, 572, 1.486244
369, 370, 1.486244
369, 371, 1.563616
369, 383, 1.603292
370, 371, 1.526746
370, 601, 1.526746
370, 602, 1.486244
371, 372, 1.454768
371, 374, 1.563865
372, 373, 1.303337
372, 374, 1.454768
373, 473, 1.401813
373, 600, 1.303337
374, 375, 1.563616
375, 376, 1.603575
375, 384, 1.603292
376, 377, 1.563616
376, 384, 1.603292
377, 378, 1.454768
377, 380, 1.563865
378, 379, 1.303337
378, 380, 1.454768
379, 416, 1.401813
379, 577, 1.303337
380, 381, 1.526746
380, 382, 1.563616
381, 382, 1.486244
381, 575, 1.486244
381, 576, 1.526746
382, 385, 1.603292
383, 384, 1.646472
383, 385, 1.646472
384, 385, 1.646472
386, 387, 1.401813
386, 388, 1.303337
386, 505, 1.303337
387, 388, 1.303337
387, 546, 1.303337
388, 389, 1.454768
388, 392, 1.454768
389, 390, 1.526746
389, 391, 1.563616
389, 392, 1.563865
390, 391, 1.486244
390, 544, 1.486244
390, 545, 1.526746
391, 395, 1.603575
391, 413, 1.603291
392, 393, 1.563616
392, 394, 1.526746
393, 394, 1.486244
393, 412, 1.603575
393, 415, 1.603291
394, 506, 1.526746
394, 507, 1.486244
395, 396, 1.486244
395, 397, 1.563616
395, 413, 1.603292
396, 397, 1.526746
396, 542, 1.526746
396, 543, 1.486244
397, 398, 1.454768
397, 401, 1.563865
398, 399, 1.303337
398, 400, 1.303337
398, 401, 1.454768
399, 400, 1.401813
399, 541, 1.303337
400, 434, 1.303337
400, 435, 1.401813
401, 402, 1.526746
401, 403, 1.563616
402, 403, 1.486244
402, 432, 1.486244
402, 433, 1.526746
403, 404, 1.603575
403, 414, 1.603292
404, 405, 1.486244
404, 406, 1.563616
404, 414, 1.603292
405, 406, 1.526746
405, 430, 1.526746
405, 431, 1.486244
406, 407, 1.454768
406, 410, 1.563865
407, 408, 1.303337
407, 409, 1.303337
407, 410, 1.454768
408, 409, 1.401813
408, 428, 1.303337
408, 429, 1.401813
409, 510, 1.303337
410, 411, 1.526746
410, 412, 1.563616
411, 412, 1.486244
411, 508, 1.486244
411, 509, 1.526746
412, 415, 1.603292
413, 414, 1.646472
413, 415, 1.646472
414, 415, 1.646472
416, 417, 1.401813
416, 418, 1.303337
416, 577, 1.303337
417, 418, 1.303337
417, 618, 1.303337
418, 419, 1.454768
418, 422, 1.454768
419, 420, 1.526746
419, 421, 1.563616
419, 422, 1.563865
420, 421, 1.486244
420, 616, 1.486244
420, 617, 1.526746
421, 425, 1.603575
421, 439, 1.603291
422, 423, 1.563616
422, 424, 1.526746
423, 424, 1.486244
423, 438, 1.603575
423, 441, 1.603291
424, 578, 1.526746
424, 579, 1.486244
425, 426, 1.486244
425, 427, 1.563616
425, 439, 1.603292
426, 427, 1.526746
426, 614, 1.526746
426, 615, 1.486244
427, 428, 1.454768
427, 430, 1.563865
428, 429, 1.303337
428, 430, 1.454768
429, 613, 1.303337
430, 431, 1.563616
431, 432, 1.603575
431, 440, 1.603292
432, 433, 1.563616
432, 440, 1.603292
433, 434, 1.454768
433, 436, 1.563865
434, 435, 1.303337
434, 436, 1.454768
435, 582, 1.303337
436, 437, 1.526746
436, 438, 1.563616
437, 438, 1.486244
437, 580, 1.486244
437, 581, 1.526746
438, 441, 1.603292
439, 440, 1.646472
439, 441, 1.646472
440, 441, 1.646472
442, 443, 1.401813
442, 444, 1.303337
442, 559, 1.303337
443, 444, 1.303337
443, 528, 1.303337
444, 445, 1.454768
444, 448, 1.454768
445, 446, 1.526746
445, 447, 1.563616
445, 448, 1.563865
446, 447, 1.486244
446, 526, 1.486244
446, 527, 1.526746
447, 451, 1.603575
447, 469, 1.603291
448, 449, 1.563616
448, 450, 1.526746
449, 450, 1.486244
449, 468, 1.603575
449, 471, 1.603291
450, 560, 1.526746
450, 561, 1.486244
451, 452, 1.486244
451, 453, 1.563616
451, 469, 1.603292
452, 453, 1.526746
452, 524, 1.526746
452, 525, 1.486244
453, 454, 1.454768
453, 457, 1.563865
454, 455, 1.303337
454, 456, 1.303337
454, 457, 1.454768
455, 456, 1.401813
455, 523, 1.303337
456, 490, 1.303337
456, 491, 1.401813
457, 458, 1.526746
457, 459, 1.563616
458, 459, 1.486244
458, 488, 1.486244
458, 489, 1.526746
459, 460, 1.603575
459, 470, 1.603292
460, 461, 1.486244
460, 462, 1.563616
460, 470, 1.603292
461, 462, 1.526746
461, 486, 1.526746
461, 487, 1.486244
462, 463, 1.454768
462, 466, 1.563865
463, 464, 1.303337
463, 465, 1.303337
463, 466, 1.454768
464, 465, 1.401813
464, 484, 1.303337
464, 485, 1.401813
465, 564, 1.303337
466, 467, 1.526746
466, 468, 1.563616
467, 468, 1.486244
467, 562, 1.486244
467, 563, 1.526746
468, 471, 1.603292
469, 470, 1.646472
469, 471, 1.646472
470, 471, 1.646472
472, 473, 1.401813
472, 474, 1.303337
472, 631, 1.303337
473, 474, 1.303337
473, 600, 1.303337
474, 475, 1.454768
474, 478, 1.454768
475, 476, 1.526746
475, 477, 1.563616
475, 478, 1.563865
476, 477, 1.486244
476, 598, 1.486244
476, 599, 1.526746
477, 481, 1.603575
477, 495, 1.603291
478, 479, 1.563616
478, 480, 1.526746
479, 480, 1.486244
479, 494, 1.603575
479, 497, 1.603291
480, 632, 1.526746
480, 633, 1.486244
481, 482, 1.486244
481, 483, 1.563616
481, 495, 1.603292
482, 483, 1.526746
482, 596, 1.526746
482, 597, 1.486244
483, 484, 1.454768
483, 486, 1.563865
484, 485, 1.303337
484, 486, 1.454768
485, 595, 1.303337
486, 487, 1.563616
487, 488, 1.603575
487, 496, 1.603292
488, 489, 1.563616
488, 496, 1.603292
489, 490, 1.454768
489, 492, 1.563865
490, 491, 1.303337
490, 492, 1.454768
491, 636, 1.303337
492, 493, 1.526746
492, 494, 1.563616
493, 494, 1.486244
493, 634, 1.486244
493, 635, 1.526746
494, 497, 1.603292
495, 496, 1.646472
495, 497, 1.646472
496, 497, 1.646472
498, 499, 1.454768
498, 501, 1.454768
499, 500, 1.563616
499, 501, 1.563865
500, 503, 1.603575
500, 513, 1.603292
501, 502, 1.563616
502, 512, 1.603575
502, 515, 1.603292
503, 504, 1.563616
503, 513, 1.603291
504, 505, 1.454768
504, 506, 1.563864
505, 506, 1.454768
506, 507, 1.563616
507, 508, 1.603574
507, 514, 1.603292
508, 509, 1.563616
508, 514, 1.603292
509, 510, 1.454768
509, 511, 1.563864
510, 511, 1.454768
511, 512, 1.563616
512, 515, 1.603292
513, 514, 1.646472
513, 515, 1.646472
514, 515, 1.646472
516, 517, 1.454768
516, 519, 1.454768
517, 518, 1.563616
517, 519, 1.563865
518, 521, 1.603575
518, 531, 1.603292
519, 520, 1.563616
520, 530, 1.603575
520, 533, 1.603292
521, 522, 1.563616
521, 531, 1.603292
522, 523, 1.454768
522, 524, 1.563864
523, 524, 1.454768
524, 525, 1.563616
525, 526, 1.603574
525, 532, 1.603292
526, 527, 1.563616
526, 532, 1.603292
527, 528, 1.454768
527, 529, 1.563864
528, 529, 1.454768
529, 530, 1.563616
530, 533, 1.603291
531, 532, 1.646472
531, 533, 1.646472
532, 533, 1.646472
534, 535, 1.454768
534, 537, 1.454768
535, 536, 1.563616
535, 537, 1.563865
536, 539, 1.603575
536, 549, 1.603292
537, 538, 1.563616
538, 548, 1.603575
538, 551, 1.603292
539, 540, 1.563616
539, 549, 1.603292
540, 541, 1.454768
540, 542, 1.563864
541, 542, 1.454768
542, 543, 1.563616
543, 544, 1.603574
543, 550, 1.603292
544, 545, 1.563616
544, 550, 1.603292
545, 546, 1.454768
545, 547, 1.563864
546, 547, 1.454768
547, 548, 1.563616
548, 551, 1.603291
549, 550, 1.646472
549, 551, 1.646472
550, 551, 1.646472
552, 553, 1.454768
552, 555, 1.454768
553, 554, 1.563616
553, 555, 1.563865
554, 557, 1.603575
554, 567, 1.603292
555, 556, 1.563616
556, 566, 1.603575
556, 569, 1.603292
557, 558, 1.563616
557, 567, 1.603291
558, 559, 1.454768
558, 560, 1.563864
559, 560, 1.454768
560, 561, 1.563616
561, 562, 1.603574
561, 568, 1.603292
562, 563, 1.563616
562, 568, 1.603292
563, 564, 1.454768
563, 565, 1.563864
564, 565, 1.454768
565, 566, 1.563616
566, 569, 1.603292
567, 568, 1.646472
567, 569, 1.646472
568, 569, 1.646472
570, 571, 1.454768
570, 573, 1.454768
571, 572, 1.563616
571, 573, 1.563865
572, 575, 1.603575
572, 585, 1.603292
573, 574, 1.563616
574, 584, 1.603575
574, 587, 1.603292
575, 576, 1.563616
575, 585, 1.603291
576, 577, 1.454768
576, 578, 1.563864
577, 578, 1.454768
578, 579, 1.563616
579, 580, 1.603574
579, 586, 1.603292
580, 581, 1.563616
580, 586, 1.603292
581, 582, 1.454768
581, 583, 1.563864
582, 583, 1.454768
583, 584, 1.563616
584, 587, 1.603292
585, 586, 1.646472
585, 587, 1.646472
586, 587, 1.646472
588, 589, 1.454768
588, 591, 1.454768
589, 590, 1.563616
589, 591, 1.563865
590, 593, 1.603575
590, 603, 1.603292
591, 592, 1.563616
592, 602, 1.603575
592, 605, 1.603292
593, 594, 1.563616
593, 603, 1.603292
594, 595, 1.454768
594, 596, 1.563864
595, 596, 1.454768
596, 597, 1.563616
597, 598, 1.603574
597, 604, 1.603292
598, 599, 1.563616
598, 604, 1.603292
599, 600, 1.454768
599, 601, 1.563864
600, 601, 1.454768
601, 602, 1.563616
602, 605, 1.603291
603, 604, 1.646472
603, 605, 1.646472
604, 605, 1.646472
606, 607, 1.454768
606, 609, 1.454768
607, 608, 1.563616
607, 609, 1.563865
608, 611, 1.603575
608, 621, 1.603292
609, 610, 1.563616
610, 620, 1.603575
610, 623, 1.603292
611, 612, 1.563616
611, 621, 1.603292
612, 613, 1.454768
612, 614, 1.563864
613, 614, 1.454768
614, 615, 1.563616
615, 616, 1.603574
615, 622, 1.603292
616, 617, 1.563616
616, 622, 1.603292
617, 618, 1.454768
617, 619, 1.563864
618, 619, 1.454768
619, 620, 1.563616
620, 623, 1.603291
621, 622, 1.646472
621, 623, 1.646472
622, 623, 1.646472
624, 625, 1.454768
624, 627, 1.454768
625, 626, 1.563616
625, 627, 1.563865
626, 629, 1.603575
626, 639, 1.603292
627, 628, 1.563616
628, 638, 1.603575
628, 641, 1.603292
629, 630, 1.563616
629, 639, 1.603291
630, 631, 1.454768
630, 632, 1.563864
631, 632, 1.454768
632, 633, 1.563616
633, 634, 1.603574
633, 640, 1.603292
634, 635, 1.563616
634, 640, 1.603292
635, 636, 1.454768
635, 637, 1.563864
636, 637, 1.454768
637, 638, 1.563616
638, 641, 1.603292
639, 640, 1.646472
639, 641, 1.646472
640, 641, 1.646472
