source_idx: 323
h_value: 2.701515

points:
0.000000, 9.463161, -15.311716, 17.777142
0.000000, 9.463161, 15.311716, 37.224237
0.000000, -9.463161, 15.311716, 38.771526
-9.463161, 15.311716, 0.000000, 19.324431
-9.463161, -15.311716, 0.000000, 21.689174
9.463161, 15.311716, 0.000000, 34.859494
9.463161, -15.311716, 0.000000, 37.224237
0.000000, -9.463161, -15.311716, 19.324431
15.311716, 0.000000, 9.463161, 54.397132
-15.311716, 0.000000, 9.463161, 21.689173
-15.311716, 0.000000, -9.463161, 2.151535
15.311716, 0.000000, -9.463161, 34.859495
5.562305, 14.562305, -9.000000, 26.228570
-5.562305, 14.562305, -9.000000, 16.600162
0.000000, 18.000000, 0.000000, 27.011667
-5.562305, 14.562305, 9.000000, 28.274334
5.562305, 14.562305, 9.000000, 37.505052
0.000000, 0.000000, 18.000000, 39.948505
-9.000000, 5.562305, 14.562305, 29.537000
-9.000000, -5.562305, 14.562305, 30.320097
9.000000, 5.562305, 14.562305, 47.049579
9.000000, -5.562305, 14.562305, 48.735865
0.000000, 0.000000, -18.000000, 16.600163
9.000000, 5.562305, -14.562305, 26.228570
9.000000, -5.562305, -14.562305, 27.011668
-9.000000, 5.562305, -14.562305, 7.812803
-9.000000, -5.562305, -14.562305, 9.499089
5.562305, -14.562305, 9.000000, 39.948505
-5.562305, -14.562305, 9.000000, 30.320098
0.000000, -18.000000, 0.000000, 29.537001
-5.562305, -14.562305, -9.000000, 19.043615
5.562305, -14.562305, -9.000000, 28.274334
-14.562305, 9.000000, 5.562305, 19.043615
-14.562305, 9.000000, -5.562305, 9.499089
-18.000000, 0.000000, 0.000000, 11.765888
-14.562305, -9.000000, -5.562305, 11.765889
-14.562305, -9.000000, 5.562305, 20.461530
14.562305, 9.000000, -5.562305, 36.087137
14.562305, 9.000000, 5.562305, 44.782779
18.000000, 0.000000, 0.000000, 44.782780
14.562305, -9.000000, 5.562305, 47.049579
14.562305, -9.000000, -5.562305, 37.505053
2.657176, 12.270930, -12.898205, 21.579310
-2.657176, 12.270930, -12.898205, 16.740529
0.000000, 15.311714, -9.463160, 21.312705
-2.924277, 17.119017, -4.731580, 21.753176
-7.971529, 15.555381, -4.299402, 17.652990
-5.314353, 17.197607, 0.000000, 22.764429
2.924277, 17.119017, -4.731580, 26.535142
5.314353, 17.197607, 0.000000, 31.302069
7.971529, 15.555381, -4.299402, 30.924894
-2.657176, 12.270930, 12.898205, 33.155503
2.657176, 12.270930, 12.898205, 37.745835
0.000000, 15.311714, 9.463160, 32.970377
2.924277, 17.119017, 4.731580, 32.287164
7.971529, 15.555381, 4.299402, 36.380623
-2.924277, 17.119017, 4.731580, 27.610905
-7.971529, 15.555381, 4.299402, 23.393165
0.000000, 5.314353, 17.197607, 38.895678
-4.299402, 7.971529, 15.555381, 33.784238
-4.731580, 2.924277, 17.119017, 34.795491
-9.463160, 0.000000, 15.311714, 30.013525
-12.898205, 2.657176, 12.270930, 25.246598
-12.898205, -2.657176, 12.270930, 25.623773
-4.731580, -2.924277, 17.119017, 35.235963
-4.299402, -7.971529, 15.555381, 34.969357
0.000000, -5.314353, 17.197607, 39.808139
4.299402, 7.971529, 15.555381, 41.748433
4.731580, 2.924277, 17.119017, 44.143545
4.731580, -2.924277, 17.119017, 44.802996
4.299402, -7.971529, 15.555381, 43.341110
9.463160, 0.000000, 15.311714, 49.832215
12.898205, -2.657176, 12.270930, 54.130619
12.898205, 2.657176, 12.270930, 52.150517
0.000000, 5.314353, -17.197607, 16.740529
4.299402, 7.971529, -15.555381, 21.579310
4.731580, 2.924277, -17.119017, 21.312705
9.463160, 0.000000, -15.311714, 26.535142
12.898205, 2.657176, -12.270930, 30.924894
12.898205, -2.657176, -12.270930, 31.302070
4.731580, -2.924277, -17.119017, 21.753176
4.299402, -7.971529, -15.555381, 22.764429
0.000000, -5.314353, -17.197607, 17.652990
-4.299402, 7.971529, -15.555381, 13.207558
-4.731580, 2.924277, -17.119017, 11.745672
-4.731580, -2.924277, -17.119017, 12.405123
-4.299402, -7.971529, -15.555381, 14.800235
-9.463160, 0.000000, -15.311714, 6.716453
-12.898205, -2.657176, -12.270930, 4.398150
-12.898205, 2.657176, -12.270930, 2.418048
2.657176, -12.270930, 12.898205, 39.808139
-2.657176, -12.270930, 12.898205, 34.969358
0.000000, -15.311714, 9.463160, 35.235963
-2.924277, -17.119017, 4.731580, 30.013525
-7.971529, -15.555381, 4.299402, 25.623774
-5.314353, -17.197607, 0.000000, 25.246599
2.924277, -17.119017, 4.731580, 34.795491
5.314353, -17.197607, 0.000000, 33.784239
7.971529, -15.555381, 4.299402, 38.895678
-2.657176, -12.270930, -12.898205, 18.802832
2.657176, -12.270930, -12.898205, 23.393165
0.000000, -15.311714, -9.463160, 23.578291
2.924277, -17.119017, -4.731580, 28.937763
7.971529, -15.555381, -4.299402, 33.155503
-2.924277, -17.119017, -4.731580, 24.261504
-7.971529, -15.555381, -4.299402, 20.168045
-12.270930, 12.898205, 2.657176, 18.802832
-12.270930, 12.898205, -2.657176, 14.800235
-15.311714, 9.463160, 0.000000, 14.008345
-17.119017, 4.731580, -2.924277, 9.223360
-15.555381, 4.299402, -7.971529, 4.398151
-17.197607, 0.000000, -5.314353, 6.432987
-17.119017, 4.731580, 2.924277, 14.929639
-17.197607, 0.000000, 5.314353, 17.134213
-15.555381, 4.299402, 7.971529, 20.168044
-12.270930, -12.898205, -2.657176, 17.134214
-12.270930, -12.898205, 2.657176, 20.831722
-15.311714, -9.463160, 0.000000, 15.809609
-17.119017, -4.731580, 2.924277, 15.809609
-15.555381, -4.299402, 7.971529, 20.831722
-17.119017, -4.731580, -2.924277, 10.497192
-15.555381, -4.299402, -7.971529, 6.432988
12.270930, 12.898205, -2.657176, 35.716945
12.270930, 12.898205, 2.657176, 39.414454
15.311714, 9.463160, 0.000000, 40.739059
17.119017, 4.731580, 2.924277, 46.051476
15.555381, 4.299402, 7.971529, 50.115680
17.197607, 0.000000, 5.314353, 50.115680
17.119017, 4.731580, -2.924277, 40.739059
17.197607, 0.000000, -5.314353, 39.414455
15.555381, 4.299402, -7.971529, 35.716946
12.270930, -12.898205, 2.657176, 41.748433
12.270930, -12.898205, -2.657176, 37.745836
15.311714, -9.463160, 0.000000, 42.540322
17.119017, -4.731580, -2.924277, 41.619028
15.555381, -4.299402, -7.971529, 36.380624
17.119017, -4.731580, 2.924277, 47.325307
15.555381, -4.299402, 7.971529, 52.150517
-7.655857, 10.580134, 12.387437, 28.937763
-10.580134, 12.387437, 7.655857, 23.578290
-12.387438, 7.655858, 10.580135, 24.261503
7.655857, 10.580134, 12.387437, 42.540322
12.387438, 7.655858, 10.580135, 47.325307
10.580134, 12.387437, 7.655857, 41.619028
-7.655857, 10.580134, -12.387437, 11.745672
-12.387438, 7.655858, -10.580135, 6.716452
-10.580134, 12.387437, -7.655857, 12.405123
7.655857, 10.580134, -12.387437, 26.122799
10.580134, 12.387437, -7.655857, 31.193580
12.387438, 7.655858, -10.580135, 31.193580
-7.655857, -10.580134, -12.387437, 14.008346
-10.580134, -12.387437, -7.655857, 14.929640
-12.387438, -7.655858, -10.580135, 9.223360
7.655857, -10.580134, -12.387437, 27.610905
12.387438, -7.655858, -10.580135, 32.287164
10.580134, -12.387437, -7.655857, 32.970378
-7.655857, -10.580134, 12.387437, 30.425869
-12.387438, -7.655858, 10.580135, 25.355088
-10.580134, -12.387437, 7.655857, 25.355088
7.655857, -10.580134, 12.387437, 44.802996
10.580134, -12.387437, 7.655857, 44.143545
12.387438, -7.655858, 10.580135, 49.832216
1.261631, 10.872783, -14.289538, 19.544030
-1.261631, 10.872783, -14.289538, 17.192221
0.000000, 12.406860, -13.041083, 19.140368
-1.407478, 13.869433, -11.386738, 18.887006
-4.122808, 13.542190, -11.118073, 16.518281
-2.886434, 15.113566, -9.340697, 18.857707
1.407478, 13.869433, -11.386738, 21.373681
2.886434, 15.113566, -9.340697, 23.818905
4.122808, 13.542190, -11.118073, 23.837508
-4.329652, 16.005526, -7.005524, 19.090395
-6.871346, 15.240880, -6.670843, 16.998572
-5.629913, 16.479042, -4.554695, 19.562538
-6.716527, 16.557901, -2.173514, 20.200895
-8.831420, 15.551169, -2.041363, 18.461437
-7.569788, 16.330900, 0.000000, 20.917169
-4.222435, 17.348913, -2.277348, 22.217004
-2.748538, 17.788916, 0.000000, 24.824451
-1.443217, 17.789438, -2.335174, 24.442317
1.443217, 17.789438, -2.335174, 26.760848
2.748538, 17.788916, 0.000000, 29.209882
4.222435, 17.348913, -2.277348, 29.034983
6.716527, 16.557901, -2.173514, 31.145041
7.569788, 16.330900, 0.000000, 33.200325
8.831420, 15.551169, -2.041363, 33.016891
5.629913, 16.479042, -4.554695, 28.837546
6.871346, 15.240880, -6.670843, 28.631544
4.329652, 16.005526, -7.005524, 26.354369
-1.481825, 16.433685, -7.192927, 21.438118
0.000000, 17.349503, -4.795284, 24.125087
1.481825, 16.433685, -7.192927, 23.911417
-1.261631, 10.872783, 14.289538, 35.320796
1.261631, 10.872783, 14.289538, 37.550490
0.000000, 12.406860, 13.041083, 35.472429
1.407478, 13.869433, 11.386738, 35.489300
4.122808, 13.542190, 11.118073, 37.744830
2.886434, 15.113566, 9.340697, 35.327766
-1.407478, 13.869433, 11.386738, 33.121320
-2.886434, 15.113566, 9.340697, 30.572002
-4.122808, 13.542190, 11.118073, 30.776053
4.329652, 16.005526, 7.005524, 34.974977
6.871346, 15.240880, 6.670843, 37.031920
5.629913, 16.479042, 4.554695, 34.461013
6.716527, 16.557901, 2.173514, 33.847290
8.831420, 15.551169, 2.041363, 35.631499
4.222435, 17.348913, 2.277348, 31.808657
1.443217, 17.789438, 2.335174, 29.584882
-1.443217, 17.789438, 2.335174, 27.291803
-4.222435, 17.348913, 2.277348, 25.064941
-6.716527, 16.557901, 2.173514, 23.020387
-8.831420, 15.551169, 2.041363, 21.227872
-5.629913, 16.479042, 4.554695, 25.388818
-6.871346, 15.240880, 6.670843, 25.772614
-4.329652, 16.005526, 7.005524, 27.946968
1.481825, 16.433685, 7.192927, 32.687782
0.000000, 17.349503, 4.795284, 29.957307
-1.481825, 16.433685, 7.192927, 30.295204
0.000000, 7.569788, 16.330900, 38.087230
-2.041363, 8.831420, 15.551169, 35.631499
-2.173514, 6.716527, 16.557901, 36.347772
-4.554695, 5.629913, 16.479042, 34.331663
-6.670843, 6.871346, 15.240880, 31.724216
-7.005523, 4.329651, 16.005524, 32.106351
-2.277348, 4.222435, 17.348911, 36.986129
-2.335174, 1.443217, 17.789438, 37.458273
0.000000, 2.748538, 17.788916, 39.550095
-9.340697, 2.886434, 15.113566, 29.787820
-11.118073, 4.122808, 13.542190, 27.338785
-11.386738, 1.407478, 13.869433, 27.513685
-13.041083, 0.000000, 12.406860, 25.403627
-14.289538, 1.261631, 10.872783, 23.348343
-14.289538, -1.261631, 10.872783, 23.531776
-11.386738, -1.407478, 13.869433, 27.711121
-11.118073, -4.122808, 13.542190, 27.917123
-9.340697, -2.886434, 15.113566, 30.194299
-7.005523, -4.329651, 16.005524, 32.729763
-6.670843, -6.871346, 15.240880, 32.711160
-4.554695, -5.629913, 16.479042, 35.174987
-2.173514, -6.716527, 16.557901, 37.408299
-2.041363, -8.831420, 15.551169, 37.004638
0.000000, -7.569788, 16.330900, 39.356447
-2.277348, -4.222435, 17.348911, 37.661661
0.000000, -2.748538, 17.788916, 40.030387
-2.335174, -1.443217, 17.789438, 37.690961
-7.192927, 1.481825, 16.433685, 32.423580
-7.192927, -1.481825, 16.433685, 32.637250
-4.795284, 0.000000, 17.349503, 35.110550
2.041363, 8.831420, 15.551169, 39.356447
2.173514, 6.716527, 16.557901, 40.434901
2.277348, 4.222435, 17.348911, 41.397959
2.335174, 1.443217, 17.789438, 42.089552
4.554695, 5.629913, 16.479042, 43.055797
7.005523, 4.329651, 16.005524, 45.873181
6.670843, 6.871346, 15.240880, 44.346831
2.335174, -1.443217, 17.789438, 42.372844
2.277348, -4.222435, 17.348911, 42.208192
2.173514, -6.716527, 16.557901, 41.676769
2.041363, -8.831420, 15.551169, 40.923061
4.554695, -5.629913, 16.479042, 44.258115
6.670843, -6.871346, 15.240880, 45.976531
7.005523, -4.329651, 16.005524, 47.013415
9.340697, -2.886434, 15.113566, 49.792285
11.118073, -4.122808, 13.542190, 51.495198
11.386738, -1.407478, 13.869433, 52.364636
13.041083, 0.000000, 12.406860, 54.200997
14.289538, -1.261631, 10.872783, 56.548668
14.289538, 1.261631, 10.872783, 54.023334
11.386738, 1.407478, 13.869433, 51.580100
11.118073, 4.122808, 13.542190, 49.712353
9.340697, 2.886434, 15.113566, 48.762716
4.795284, 0.000000, 17.349503, 44.778037
7.192927, -1.481825, 16.433685, 47.433033
7.192927, 1.481825, 16.433685, 47.013556
0.000000, 7.569788, -16.330900, 17.192221
2.041363, 8.831420, -15.551169, 19.544030
2.173514, 6.716527, -16.557901, 19.140369
4.554695, 5.629913, -16.479042, 21.373681
6.670843, 6.871346, -15.240880, 23.837508
7.005523, 4.329651, -16.005524, 23.818905
2.277348, 4.222435, -17.348911, 18.887007
2.335174, 1.443217, -17.789438, 18.857707
0.000000, 2.748538, -17.788916, 16.518281
9.340697, 2.886434, -15.113566, 26.354368
11.118073, 4.122808, -13.542190, 28.631545
11.386738, 1.407478, -13.869433, 28.837546
13.041083, 0.000000, -12.406860, 31.145041
14.289538, 1.261631, -10.872783, 33.016891
14.289538, -1.261631, -10.872783, 33.200325
11.386738, -1.407478, -13.869433, 29.034983
11.118073, -4.122808, -13.542190, 29.209883
9.340697, -2.886434, -15.113566, 26.760848
7.005523, -4.329651, -16.005524, 24.442317
6.670843, -6.871346, -15.240880, 24.824451
4.554695, -5.629913, -16.479042, 22.217004
2.173514, -6.716527, -16.557901, 20.200896
2.041363, -8.831420, -15.551169, 20.917169
0.000000, -7.569788, -16.330900, 18.461438
2.277348, -4.222435, -17.348911, 19.562539
0.000000, -2.748538, -17.788916, 16.998573
2.335174, -1.443217, -17.789438, 19.090394
7.192927, 1.481825, -16.433685, 23.911417
7.192927, -1.481825, -16.433685, 24.125088
4.795284, 0.000000, -17.349503, 21.438118
-2.041363, 8.831420, -15.551169, 15.625607
-2.173514, 6.716527, -16.557901, 14.871899
-2.277348, 4.222435, -17.348911, 14.340476
-2.335174, 1.443217, -17.789438, 14.175824
-4.554695, 5.629913, -16.479042, 12.290552
-7.005523, 4.329651, -16.005524, 9.535253
-6.670843, 6.871346, -15.240880, 10.572137
-2.335174, -1.443217, -17.789438, 14.459116
-2.277348, -4.222435, -17.348911, 15.150709
-2.173514, -6.716527, -16.557901, 16.113767
-2.041363, -8.831420, -15.551169, 17.192221
-4.554695, -5.629913, -16.479042, 13.492870
-6.670843, -6.871346, -15.240880, 12.201837
-7.005523, -4.329651, -16.005524, 10.675487
-9.340697, -2.886434, -15.113566, 7.785951
-11.118073, -4.122808, -13.542190, 6.836315
-11.386738, -1.407478, -13.869433, 4.968567
-13.041083, 0.000000, -12.406860, 2.347670
-14.289538, -1.261631, -10.872783, 2.525333
-14.289538, 1.261631, -10.872783, 0.000000
-11.386738, 1.407478, -13.869433, 4.184031
-11.118073, 4.122808, -13.542190, 5.053470
-9.340697, 2.886434, -15.113566, 6.756382
-4.795284, 0.000000, -17.349503, 11.770630
-7.192927, -1.481825, -16.433685, 9.535111
-7.192927, 1.481825, -16.433685, 9.115635
1.261631, -10.872783, 14.289538, 39.356447
-1.261631, -10.872783, 14.289538, 37.004638
0.000000, -12.406860, 13.041083, 37.408299
-1.407478, -13.869433, 11.386738, 35.174987
-4.122808, -13.542190, 11.118073, 32.711160
-2.886434, -15.113566, 9.340697, 32.729763
1.407478, -13.869433, 11.386738, 37.661661
2.886434, -15.113566, 9.340697, 37.690961
4.122808, -13.542190, 11.118073, 40.030387
-4.329652, -16.005526, 7.005524, 30.194299
-6.871346, -15.240880, 6.670843, 27.917123
-5.629913, -16.479042, 4.554695, 27.711122
-6.716527, -16.557901, 2.173514, 25.403627
-8.831420, -15.551169, 2.041363, 23.531777
-7.569788, -16.330900, 0.000000, 23.348343
-4.222435, -17.348913, 2.277348, 27.513685
-2.748538, -17.788916, 0.000000, 27.338786
-1.443217, -17.789438, 2.335174, 29.787819
1.443217, -17.789438, 2.335174, 32.106351
2.748538, -17.788916, 0.000000, 31.724216
4.222435, -17.348913, 2.277348, 34.331664
6.716527, -16.557901, 2.173514, 36.347773
7.569788, -16.330900, 0.000000, 35.631499
8.831420, -15.551169, 2.041363, 38.087230
5.629913, -16.479042, 4.554695, 36.986129
6.871346, -15.240880, 6.670843, 39.550095
4.329652, -16.005526, 7.005524, 37.458273
-1.481825, -16.433685, 7.192927, 32.637251
0.000000, -17.349503, 4.795284, 32.423580
1.481825, -16.433685, 7.192927, 35.110550
-1.261631, -10.872783, -14.289538, 18.998178
1.261631, -10.872783, -14.289538, 21.227872
0.000000, -12.406860, -13.041083, 21.076238
1.407478, -13.869433, -11.386738, 23.427348
4.122808, -13.542190, -11.118073, 25.772615
2.886434, -15.113566, -9.340697, 25.976666
-1.407478, -13.869433, -11.386738, 21.059368
-2.886434, -15.113566, -9.340697, 21.220902
-4.122808, -13.542190, -11.118073, 18.803838
4.329652, -16.005526, -7.005524, 28.601700
6.871346, -15.240880, -6.670843, 30.776053
5.629913, -16.479042, -4.554695, 31.159850
6.716527, -16.557901, -2.173514, 33.528281
8.831420, -15.551169, -2.041363, 35.320796
4.222435, -17.348913, -2.277348, 31.483727
1.443217, -17.789438, -2.335174, 29.256865
-1.443217, -17.789438, -2.335174, 26.963786
-4.222435, -17.348913, -2.277348, 24.740011
-6.716527, -16.557901, -2.173514, 22.701378
-8.831420, -15.551169, -2.041363, 20.917169
-5.629913, -16.479042, -4.554695, 22.087655
-6.871346, -15.240880, -6.670843, 19.516747
-4.329652, -16.005526, -7.005524, 21.573691
1.481825, -16.433685, -7.192927, 26.253464
0.000000, -17.349503, -4.795284, 26.591360
-1.481825, -16.433685, -7.192927, 23.860886
-10.872783, 14.289538, 1.261631, 18.998178
-10.872783, 14.289538, -1.261631, 17.192221
-12.406860, 13.041083, 0.000000, 16.737011
-13.869433, 11.386738, -1.407478, 14.234776
-13.542190, 11.118073, -4.122808, 12.201836
-15.113566, 9.340697, -2.886434, 11.589133
-13.869433, 11.386738, 1.407478, 16.492538
-15.113566, 9.340697, 2.886434, 16.554337
-13.542190, 11.118073, 4.122808, 18.803838
-16.005524, 7.005523, -4.329651, 8.966509
-15.240880, 6.670843, -6.871346, 6.836314
-16.479042, 4.554695, -5.629913, 6.604007
-16.557901, 2.173514, -6.716527, 4.836513
-15.551169, 2.041363, -8.831420, 2.525333
-16.330900, 0.000000, -7.569788, 4.091528
-17.348913, 2.277348, -4.222435, 7.443358
-17.788916, 0.000000, -2.748538, 9.029748
-17.789438, 2.335174, -1.443217, 10.253323
-17.789438, 2.335174, 1.443217, 13.138277
-17.788916, 0.000000, 2.748538, 14.509790
-17.348913, 2.277348, 4.222435, 15.952551
-16.557901, 2.173514, 6.716527, 18.571200
-16.330900, 0.000000, 7.569788, 19.544030
-15.551169, 2.041363, 8.831420, 20.917168
-16.479042, 4.554695, 5.629913, 17.671013
-15.240880, 6.670843, 6.871346, 19.516747
-16.005524, 7.005523, 4.329651, 16.962393
-16.433683, 7.192927, -1.481824, 11.507239
-17.349503, 4.795284, 0.000000, 12.059281
-16.433683, 7.192927, 1.481824, 14.239765
-10.872783, -14.289538, -1.261631, 19.544030
-10.872783, -14.289538, 1.261631, 21.227872
-12.406860, -13.041083, 0.000000, 18.924186
-13.869433, -11.386738, 1.407478, 18.428498
-13.542190, -11.118073, 4.122808, 20.559251
-15.113566, -9.340697, 2.886434, 18.148827
-13.869433, -11.386738, -1.407478, 16.360886
-15.113566, -9.340697, -2.886434, 13.621996
-13.542190, -11.118073, -4.122808, 14.509791
-16.005524, -7.005523, 4.329651, 18.148827
-15.240880, -6.670843, 6.871346, 20.559251
-16.479042, -4.554695, 5.629913, 18.428497
-16.557901, -2.173514, 6.716527, 18.924186
-15.551169, -2.041363, 8.831420, 21.227872
-17.348913, -2.277348, 4.222435, 16.360886
-17.789438, -2.335174, 1.443217, 13.621996
-17.789438, -2.335174, -1.443217, 10.845201
-17.348913, -2.277348, -4.222435, 8.201649
-16.557901, -2.173514, -6.716527, 5.875854
-15.551169, -2.041363, -8.831420, 4.091528
-16.479042, -4.554695, -5.629913, 8.201649
-15.240880, -6.670843, -6.871346, 9.029747
-16.005524, -7.005523, -4.329651, 10.845201
-16.433683, -7.192927, 1.481824, 15.607633
-17.349503, -4.795284, 0.000000, 13.104139
-16.433683, -7.192927, -1.481824, 13.104139
10.872783, 14.289538, -1.261631, 35.320796
10.872783, 14.289538, 1.261631, 37.004638
12.406860, 13.041083, 0.000000, 37.624482
13.869433, 11.386738, 1.407478, 40.187782
13.542190, 11.118073, 4.122808, 42.038877
15.113566, 9.340697, 2.886434, 42.926671
13.869433, 11.386738, -1.407478, 38.120170
15.113566, 9.340697, -2.886434, 38.399841
13.542190, 11.118073, -4.122808, 35.989417
16.005524, 7.005523, 4.329651, 45.703467
15.240880, 6.670843, 6.871346, 47.518920
16.479042, 4.554695, 5.629913, 48.347019
16.557901, 2.173514, 6.716527, 50.672814
15.551169, 2.041363, 8.831420, 52.457140
16.330900, 0.000000, 7.569788, 52.457140
17.348913, 2.277348, 4.222435, 48.347019
17.788916, 0.000000, 2.748538, 47.518920
17.789438, 2.335174, 1.443217, 45.703467
17.789438, 2.335174, -1.443217, 42.926671
17.788916, 0.000000, -2.748538, 42.038878
17.348913, 2.277348, -4.222435, 40.187782
16.557901, 2.173514, -6.716527, 37.624482
16.330900, 0.000000, -7.569788, 37.004638
15.551169, 2.041363, -8.831420, 35.320796
16.479042, 4.554695, -5.629913, 38.120170
15.240880, 6.670843, -6.871346, 35.989417
16.005524, 7.005523, -4.329651, 38.399841
16.433683, 7.192927, 1.481824, 43.444529
17.349503, 4.795284, 0.000000, 43.444529
16.433683, 7.192927, -1.481824, 40.941035
10.872783, -14.289538, 1.261631, 39.356447
10.872783, -14.289538, -1.261631, 37.550490
12.406860, -13.041083, 0.000000, 39.811656
13.869433, -11.386738, -1.407478, 40.056130
13.542190, -11.118073, -4.122808, 37.744830
15.113566, -9.340697, -2.886434, 39.994331
13.869433, -11.386738, 1.407478, 42.313892
15.113566, -9.340697, 2.886434, 44.959534
13.542190, -11.118073, 4.122808, 44.346831
16.005524, -7.005523, -4.329651, 39.586275
15.240880, -6.670843, -6.871346, 37.031921
16.479042, -4.554695, -5.629913, 38.877655
16.557901, -2.173514, -6.716527, 37.977468
15.551169, -2.041363, -8.831420, 35.631499
17.348913, -2.277348, -4.222435, 40.596117
17.789438, -2.335174, -1.443217, 43.410390
17.789438, -2.335174, 1.443217, 46.295345
17.348913, -2.277348, 4.222435, 49.105310
16.557901, -2.173514, 6.716527, 51.712155
15.551169, -2.041363, 8.831420, 54.023334
16.479042, -4.554695, 5.629913, 49.944661
15.240880, -6.670843, 6.871346, 49.712353
16.005524, -7.005523, 4.329651, 47.582158
16.433683, -7.192927, -1.481824, 42.308903
17.349503, -4.795284, 0.000000, 44.489387
16.433683, -7.192927, 1.481824, 45.041429
-3.516819, 10.233346, 14.384388, 33.528281
-5.092304, 11.592086, 12.794216, 31.159850
-6.664826, 12.778392, 10.783915, 28.601699
-5.962173, 9.314738, 14.201694, 31.483726
-8.448740, 8.108043, 13.670349, 29.256865
-8.108043, 13.670348, 8.448740, 25.976665
-9.314739, 14.201695, 5.962174, 23.427348
-10.233346, 14.384388, 3.516819, 21.076238
-11.592086, 12.794216, 5.092304, 21.059367
-12.778392, 10.783915, 6.664826, 21.220901
-13.670349, 8.448740, 8.108043, 21.573690
-14.201695, 5.962174, 9.314739, 22.087655
-14.384388, 3.516819, 10.233346, 22.701378
-12.794216, 5.092304, 11.592086, 24.740011
-10.783915, 6.664826, 12.778392, 26.963785
-9.240758, 11.638401, 10.156576, 26.253464
-11.638401, 10.156576, 9.240758, 23.860885
-10.156576, 9.240758, 11.638401, 26.591360
3.516819, 10.233346, 14.384388, 39.811656
5.962173, 9.314738, 14.201694, 42.313892
8.448740, 8.108043, 13.670349, 44.959534
5.092304, 11.592086, 12.794216, 40.056130
6.664826, 12.778392, 10.783915, 39.994330
10.783915, 6.664826, 12.778392, 47.582158
12.794216, 5.092304, 11.592086, 49.944661
14.384388, 3.516819, 10.233346, 51.712154
14.201695, 5.962174, 9.314739, 49.105309
13.670349, 8.448740, 8.108043, 46.295345
12.778392, 10.783915, 6.664826, 43.410390
11.592086, 12.794216, 5.092304, 40.596116
10.233346, 14.384388, 3.516819, 37.977468
9.314739, 14.201695, 5.962174, 38.877654
8.108043, 13.670348, 8.448740, 39.586274
10.156576, 9.240758, 11.638401, 45.041429
11.638401, 10.156576, 9.240758, 44.489387
9.240758, 11.638401, 10.156576, 42.308903
-3.516819, 10.233346, -14.384388, 14.871899
-5.962173, 9.314738, -14.201694, 12.290552
-8.448740, 8.108043, -13.670349, 9.535253
-5.092304, 11.592086, -12.794216, 14.340476
-6.664826, 12.778392, -10.783915, 14.175823
-10.783915, 6.664826, -12.778392, 6.756382
-12.794216, 5.092304, -11.592086, 4.184031
-14.384388, 3.516819, -10.233346, 2.347670
-14.201695, 5.962174, -9.314739, 4.968567
-13.670349, 8.448740, -8.108043, 7.785951
-12.778392, 10.783915, -6.664826, 10.675486
-11.592086, 12.794216, -5.092304, 13.492870
-10.233346, 14.384388, -3.516819, 16.113767
-9.314739, 14.201695, -5.962174, 15.150709
-8.108043, 13.670348, -8.448740, 14.459115
-10.156576, 9.240758, -11.638401, 9.115635
-11.638401, 10.156576, -9.240758, 9.535111
-9.240758, 11.638401, -10.156576, 11.770630
3.516819, 10.233346, -14.384388, 21.501461
5.092304, 11.592086, -12.794216, 23.727983
6.664826, 12.778392, -10.783915, 26.150773
5.962173, 9.314738, -14.201694, 23.727983
8.448740, 8.108043, -13.670349, 26.150772
8.108043, 13.670348, -8.448740, 28.649468
9.314739, 14.201695, -5.962174, 31.083534
10.233346, 14.384388, -3.516819, 33.331976
11.592086, 12.794216, -5.092304, 33.580661
12.778392, 10.783915, -6.664826, 33.719608
13.670349, 8.448740, -8.108043, 33.719609
14.201695, 5.962174, -9.314739, 33.580661
14.384388, 3.516819, -10.233346, 33.331976
12.794216, 5.092304, -11.592086, 31.083535
10.783915, 6.664826, -12.778392, 28.649468
9.240758, 11.638401, -10.156576, 28.659505
11.638401, 10.156576, -9.240758, 31.233240
10.156576, 9.240758, -11.638401, 28.659505
-3.516819, -10.233346, -14.384388, 16.737012
-5.092304, -11.592086, -12.794216, 16.492538
-6.664826, -12.778392, -10.783915, 16.554338
-5.962173, -9.314738, -14.201694, 14.234776
-8.448740, -8.108043, -13.670349, 11.589134
-8.108043, -13.670348, -8.448740, 16.962393
-9.314739, -14.201695, -5.962174, 17.671013
-10.233346, -14.384388, -3.516819, 18.571200
-11.592086, -12.794216, -5.092304, 15.952552
-12.778392, -10.783915, -6.664826, 13.138277
-13.670349, -8.448740, -8.108043, 10.253323
-14.201695, -5.962174, -9.314739, 7.443358
-14.384388, -3.516819, -10.233346, 4.836514
-12.794216, -5.092304, -11.592086, 6.604007
-10.783915, -6.664826, -12.778392, 8.966510
-9.240758, -11.638401, -10.156576, 14.239765
-11.638401, -10.156576, -9.240758, 12.059281
-10.156576, -9.240758, -11.638401, 11.507239
3.516819, -10.233346, -14.384388, 23.020387
5.962173, -9.314738, -14.201694, 25.064941
8.448740, -8.108043, -13.670349, 27.291803
5.092304, -11.592086, -12.794216, 25.388818
6.664826, -12.778392, -10.783915, 27.946968
10.783915, -6.664826, -12.778392, 29.584882
12.794216, -5.092304, -11.592086, 31.808657
14.384388, -3.516819, -10.233346, 33.847290
14.201695, -5.962174, -9.314739, 34.461013
13.670349, -8.448740, -8.108043, 34.974978
12.778392, -10.783915, -6.664826, 35.327767
11.592086, -12.794216, -5.092304, 35.489300
10.233346, -14.384388, -3.516819, 35.472430
9.314739, -14.201695, -5.962174, 33.121320
8.108043, -13.670348, -8.448740, 30.572003
10.156576, -9.240758, -11.638401, 29.957308
11.638401, -10.156576, -9.240758, 32.687783
9.240758, -11.638401, -10.156576, 30.295204
-3.516819, -10.233346, 14.384388, 35.047207
-5.962173, -9.314738, 14.201694, 32.820685
-8.448740, -8.108043, 13.670349, 30.397895
-5.092304, -11.592086, 12.794216, 32.820685
-6.664826, -12.778392, 10.783915, 30.397895
-10.783915, -6.664826, 12.778392, 27.899200
-12.794216, -5.092304, 11.592086, 25.465133
-14.384388, -3.516819, 10.233346, 23.216691
-14.201695, -5.962174, 9.314739, 22.968006
-13.670349, -8.448740, 8.108043, 22.829059
-12.778392, -10.783915, 6.664826, 22.829059
-11.592086, -12.794216, 5.092304, 22.968007
-10.233346, -14.384388, 3.516819, 23.216692
-9.314739, -14.201695, 5.962174, 25.465133
-8.108043, -13.670348, 8.448740, 27.899199
-10.156576, -9.240758, 11.638401, 27.889163
-11.638401, -10.156576, 9.240758, 25.315428
-9.240758, -11.638401, 10.156576, 27.889163
3.516819, -10.233346, 14.384388, 41.676769
5.092304, -11.592086, 12.794216, 42.208192
6.664826, -12.778392, 10.783915, 42.372844
5.962173, -9.314738, 14.201694, 44.258116
8.448740, -8.108043, 13.670349, 47.013415
8.108043, -13.670348, 8.448740, 42.089553
9.314739, -14.201695, 5.962174, 41.397959
10.233346, -14.384388, 3.516819, 40.434901
11.592086, -12.794216, 5.092304, 43.055797
12.778392, -10.783915, 6.664826, 45.873181
13.670349, -8.448740, 8.108043, 48.762717
14.201695, -5.962174, 9.314739, 51.580100
14.384388, -3.516819, 10.233346, 54.200997
12.794216, -5.092304, 11.592086, 52.364637
10.783915, -6.664826, 12.778392, 49.792286
9.240758, -11.638401, 10.156576, 44.778037
11.638401, -10.156576, 9.240758, 47.013556
10.156576, -9.240758, 11.638401, 47.433033

graph:
0, 162, 2.150255
0, 163, 2.150255
0, 274, 2.150254
0, 275, 2.150254
0, 304, 2.150254
1, 192, 2.150255
1, 193, 2.150255
1, 218, 2.150254
1, 219, 2.150254
1, 248, 2.150254
2, 240, 2.150254
2, 241, 2.150254
2, 258, 2.150254
2, 330, 2.150255
2, 331, 2.150255
3, 175, 2.150255
3, 176, 2.150254
3, 211, 2.150255
3, 386, 2.150255
3, 387, 2.150255
4, 343, 2.150255
4, 344, 2.150254
4, 379, 2.150255
4, 416, 2.150255
4, 417, 2.150255
5, 184, 2.150254
5, 185, 2.150255
5, 205, 2.150255
5, 442, 2.150255
5, 443, 2.150255
6, 352, 2.150254
6, 353, 2.150255
6, 373, 2.150255
6, 472, 2.150255
6, 473, 2.150255
7, 296, 2.150254
7, 297, 2.150254
7, 314, 2.150254
7, 360, 2.150255
7, 361, 2.150255
8, 266, 2.150255
8, 267, 2.150255
8, 455, 2.150254
8, 456, 2.150254
8, 491, 2.150254
9, 231, 2.150255
9, 232, 2.150255
9, 408, 2.150254
9, 409, 2.150254
9, 429, 2.150254
10, 322, 2.150255
10, 323, 2.150255
10, 399, 2.150254
10, 400, 2.150254
10, 435, 2.150254
11, 287, 2.150255
11, 288, 2.150255
11, 464, 2.150254
11, 465, 2.150254
11, 485, 2.150254
12, 169, 2.753225
12, 170, 2.756632
12, 187, 2.756633
12, 188, 2.753226
12, 554, 2.753225
12, 557, 2.753226
13, 166, 2.756632
13, 167, 2.753225
13, 171, 2.753226
13, 172, 2.756633
13, 538, 2.753225
13, 548, 2.753226
14, 178, 2.756632
14, 179, 2.753226
14, 180, 2.753226
14, 181, 2.756632
14, 207, 2.753226
14, 208, 2.753226
15, 199, 2.753225
15, 200, 2.756632
15, 213, 2.756633
15, 214, 2.753226
15, 500, 2.753225
15, 503, 2.753226
16, 196, 2.756632
16, 197, 2.753225
16, 201, 2.753226
16, 202, 2.756633
16, 520, 2.753225
16, 530, 2.753226
17, 225, 2.753226
17, 226, 2.756632
17, 243, 2.756632
17, 244, 2.753226
17, 251, 2.753226
17, 255, 2.753226
18, 222, 2.756633
18, 223, 2.753226
18, 227, 2.753225
18, 228, 2.756632
18, 502, 2.753226
18, 512, 2.753225
19, 234, 2.756632
19, 235, 2.753225
19, 236, 2.753226
19, 237, 2.756633
19, 608, 2.753226
19, 611, 2.753225
20, 253, 2.753226
20, 254, 2.756633
20, 269, 2.756632
20, 270, 2.753225
20, 518, 2.753226
20, 521, 2.753225
21, 260, 2.756633
21, 261, 2.753226
21, 262, 2.753225
21, 263, 2.756632
21, 628, 2.753226
21, 638, 2.753225
22, 281, 2.753226
22, 282, 2.756632
22, 299, 2.756632
22, 300, 2.753226
22, 307, 2.753226
22, 311, 2.753226
23, 278, 2.756633
23, 279, 2.753226
23, 283, 2.753225
23, 284, 2.756632
23, 556, 2.753226
23, 566, 2.753225
24, 290, 2.756632
24, 291, 2.753225
24, 292, 2.753226
24, 293, 2.756633
24, 590, 2.753226
24, 593, 2.753225
25, 309, 2.753226
25, 310, 2.756633
25, 325, 2.756632
25, 326, 2.753225
25, 536, 2.753226
25, 539, 2.753225
26, 316, 2.756633
26, 317, 2.753226
26, 318, 2.753225
26, 319, 2.756632
26, 574, 2.753226
26, 584, 2.753225
27, 337, 2.753225
27, 338, 2.756632
27, 355, 2.756633
27, 356, 2.753226
27, 626, 2.753225
27, 629, 2.753226
28, 334, 2.756632
28, 335, 2.753225
28, 339, 2.753226
28, 340, 2.756633
28, 610, 2.753225
28, 620, 2.753226
29, 346, 2.756632
29, 347, 2.753226
29, 348, 2.753226
29, 349, 2.756632
29, 375, 2.753226
29, 376, 2.753226
30, 367, 2.753225
30, 368, 2.756632
30, 381, 2.756633
30, 382, 2.753226
30, 572, 2.753225
30, 575, 2.753226
31, 364, 2.756632
31, 365, 2.753225
31, 369, 2.753226
31, 370, 2.756633
31, 592, 2.753225
31, 602, 2.753226
32, 393, 2.753225
32, 394, 2.756632
32, 411, 2.756633
32, 412, 2.753226
32, 507, 2.753225
32, 508, 2.753226
33, 390, 2.756632
33, 391, 2.753225
33, 395, 2.753226
33, 396, 2.756633
33, 543, 2.753226
33, 544, 2.753225
34, 402, 2.756632
34, 403, 2.753226
34, 404, 2.753226
34, 405, 2.756632
34, 431, 2.753226
34, 432, 2.753226
35, 423, 2.753225
35, 424, 2.756632
35, 437, 2.756633
35, 438, 2.753226
35, 579, 2.753225
35, 580, 2.753226
36, 420, 2.756632
36, 421, 2.753225
36, 425, 2.753226
36, 426, 2.756633
36, 615, 2.753226
36, 616, 2.753225
37, 449, 2.753225
37, 450, 2.756632
37, 467, 2.756633
37, 468, 2.753226
37, 561, 2.753225
37, 562, 2.753226
38, 446, 2.756632
38, 447, 2.753225
38, 451, 2.753226
38, 452, 2.756633
38, 525, 2.753226
38, 526, 2.753225
39, 458, 2.756632
39, 459, 2.753226
39, 460, 2.753226
39, 461, 2.756632
39, 487, 2.753226
39, 488, 2.753226
40, 479, 2.753225
40, 480, 2.756632
40, 493, 2.756633
40, 494, 2.753226
40, 633, 2.753225
40, 634, 2.753226
41, 476, 2.756632
41, 477, 2.753225
41, 481, 2.753226
41, 482, 2.756633
41, 597, 2.753226
41, 598, 2.753225
42, 162, 2.416231
42, 164, 2.664484
42, 168, 2.530117
42, 170, 2.633068
42, 552, 2.664484
42, 553, 2.530117
43, 163, 2.416231
43, 164, 2.664484
43, 165, 2.530117
43, 166, 2.633068
43, 534, 2.664484
43, 537, 2.530117
44, 165, 2.785915
44, 167, 2.895818
44, 168, 2.785915
44, 169, 2.895818
44, 189, 2.934038
44, 191, 2.934038
45, 171, 2.895818
45, 173, 2.785915
45, 177, 2.785915
45, 179, 2.895818
45, 189, 2.934038
45, 190, 2.934038
46, 172, 2.633068
46, 173, 2.530116
46, 174, 2.664484
46, 175, 2.416231
46, 546, 2.664485
46, 547, 2.530117
47, 174, 2.664485
47, 176, 2.416231
47, 177, 2.530117
47, 178, 2.633068
47, 209, 2.530117
47, 210, 2.664485
48, 180, 2.895818
48, 182, 2.785915
48, 186, 2.785915
48, 188, 2.895818
48, 190, 2.934038
48, 191, 2.934038
49, 181, 2.633068
49, 182, 2.530117
49, 183, 2.664485
49, 184, 2.416231
49, 204, 2.664485
49, 206, 2.530117
50, 183, 2.664484
50, 185, 2.416231
50, 186, 2.530116
50, 187, 2.633068
50, 558, 2.530117
50, 559, 2.664485
51, 192, 2.416231
51, 194, 2.664484
51, 198, 2.530117
51, 200, 2.633068
51, 498, 2.664484
51, 499, 2.530117
52, 193, 2.416231
52, 194, 2.664484
52, 195, 2.530117
52, 196, 2.633068
52, 516, 2.664484
52, 519, 2.530117
53, 195, 2.785915
53, 197, 2.895818
53, 198, 2.785915
53, 199, 2.895818
53, 215, 2.934038
53, 217, 2.934038
54, 201, 2.895818
54, 203, 2.785915
54, 206, 2.785915
54, 207, 2.895818
54, 215, 2.934038
54, 216, 2.934038
55, 202, 2.633068
55, 203, 2.530116
55, 204, 2.664484
55, 205, 2.416231
55, 528, 2.664485
55, 529, 2.530117
56, 208, 2.895818
56, 209, 2.785915
56, 212, 2.785915
56, 214, 2.895818
56, 216, 2.934038
56, 217, 2.934038
57, 210, 2.664484
57, 211, 2.416231
57, 212, 2.530116
57, 213, 2.633068
57, 504, 2.530117
57, 505, 2.664485
58, 218, 2.416231
58, 220, 2.664485
58, 224, 2.530117
58, 226, 2.633068
58, 249, 2.664485
58, 250, 2.530117
59, 219, 2.416231
59, 220, 2.664484
59, 221, 2.530116
59, 222, 2.633068
59, 498, 2.664485
59, 501, 2.530116
60, 221, 2.785915
60, 223, 2.895818
60, 224, 2.785915
60, 225, 2.895818
60, 245, 2.934038
60, 247, 2.934038
61, 227, 2.895818
61, 229, 2.785915
61, 233, 2.785915
61, 235, 2.895818
61, 245, 2.934038
61, 246, 2.934038
62, 228, 2.633068
62, 229, 2.530117
62, 230, 2.664484
62, 231, 2.416231
62, 510, 2.664484
62, 511, 2.530117
63, 230, 2.664484
63, 232, 2.416231
63, 233, 2.530117
63, 234, 2.633068
63, 612, 2.530117
63, 613, 2.664484
64, 236, 2.895818
64, 238, 2.785915
64, 242, 2.785915
64, 244, 2.895818
64, 246, 2.934038
64, 247, 2.934038
65, 237, 2.633068
65, 238, 2.530116
65, 239, 2.664484
65, 240, 2.416231
65, 606, 2.664485
65, 607, 2.530116
66, 239, 2.664485
66, 241, 2.416231
66, 242, 2.530117
66, 243, 2.633068
66, 256, 2.530117
66, 257, 2.664485
67, 248, 2.416231
67, 249, 2.664484
67, 252, 2.530116
67, 254, 2.633068
67, 516, 2.664485
67, 517, 2.530116
68, 250, 2.785915
68, 251, 2.895818
68, 252, 2.785915
68, 253, 2.895818
68, 271, 2.934038
68, 273, 2.934038
69, 255, 2.895818
69, 256, 2.785915
69, 259, 2.785915
69, 261, 2.895818
69, 271, 2.934038
69, 272, 2.934038
70, 257, 2.664484
70, 258, 2.416231
70, 259, 2.530116
70, 260, 2.633068
70, 624, 2.664485
70, 627, 2.530116
71, 262, 2.895818
71, 264, 2.785915
71, 268, 2.785915
71, 270, 2.895818
71, 272, 2.934038
71, 273, 2.934038
72, 263, 2.633068
72, 264, 2.530117
72, 265, 2.664484
72, 266, 2.416231
72, 636, 2.664484
72, 637, 2.530117
73, 265, 2.664484
73, 267, 2.416231
73, 268, 2.530117
73, 269, 2.633068
73, 522, 2.530117
73, 523, 2.664484
74, 274, 2.416231
74, 276, 2.664485
74, 280, 2.530117
74, 282, 2.633068
74, 305, 2.664485
74, 306, 2.530117
75, 275, 2.416231
75, 276, 2.664484
75, 277, 2.530116
75, 278, 2.633068
75, 552, 2.664485
75, 555, 2.530116
76, 277, 2.785915
76, 279, 2.895818
76, 280, 2.785915
76, 281, 2.895818
76, 301, 2.934038
76, 303, 2.934038
77, 283, 2.895818
77, 285, 2.785915
77, 289, 2.785915
77, 291, 2.895818
77, 301, 2.934038
77, 302, 2.934038
78, 284, 2.633068
78, 285, 2.530117
78, 286, 2.664484
78, 287, 2.416231
78, 564, 2.664484
78, 565, 2.530117
79, 286, 2.664484
79, 288, 2.416231
79, 289, 2.530117
79, 290, 2.633068
79, 594, 2.530117
79, 595, 2.664484
80, 292, 2.895818
80, 294, 2.785915
80, 298, 2.785915
80, 300, 2.895818
80, 302, 2.934038
80, 303, 2.934038
81, 293, 2.633068
81, 294, 2.530116
81, 295, 2.664484
81, 296, 2.416231
81, 588, 2.664485
81, 589, 2.530116
82, 295, 2.664485
82, 297, 2.416231
82, 298, 2.530117
82, 299, 2.633068
82, 312, 2.530117
82, 313, 2.664485
83, 304, 2.416231
83, 305, 2.664484
83, 308, 2.530116
83, 310, 2.633068
83, 534, 2.664485
83, 535, 2.530116
84, 306, 2.785915
84, 307, 2.895818
84, 308, 2.785915
84, 309, 2.895818
84, 327, 2.934038
84, 329, 2.934038
85, 311, 2.895818
85, 312, 2.785915
85, 315, 2.785915
85, 317, 2.895818
85, 327, 2.934038
85, 328, 2.934038
86, 313, 2.664484
86, 314, 2.416231
86, 315, 2.530116
86, 316, 2.633068
86, 570, 2.664485
86, 573, 2.530116
87, 318, 2.895818
87, 320, 2.785915
87, 324, 2.785915
87, 326, 2.895818
87, 328, 2.934038
87, 329, 2.934038
88, 319, 2.633068
88, 320, 2.530117
88, 321, 2.664484
88, 322, 2.416231
88, 582, 2.664484
88, 583, 2.530117
89, 321, 2.664484
89, 323, 2.416231
89, 324, 2.530117
89, 325, 2.633068
89, 540, 2.530117
89, 541, 2.664484
90, 330, 2.416231
90, 332, 2.664484
90, 336, 2.530117
90, 338, 2.633068
90, 624, 2.664484
90, 625, 2.530117
91, 331, 2.416231
91, 332, 2.664484
91, 333, 2.530117
91, 334, 2.633068
91, 606, 2.664484
91, 609, 2.530117
92, 333, 2.785915
92, 335, 2.895818
92, 336, 2.785915
92, 337, 2.895818
92, 357, 2.934038
92, 359, 2.934038
93, 339, 2.895818
93, 341, 2.785915
93, 345, 2.785915
93, 347, 2.895818
93, 357, 2.934038
93, 358, 2.934038
94, 340, 2.633068
94, 341, 2.530116
94, 342, 2.664484
94, 343, 2.416231
94, 618, 2.664485
94, 619, 2.530117
95, 342, 2.664485
95, 344, 2.416231
95, 345, 2.530117
95, 346, 2.633068
95, 377, 2.530117
95, 378, 2.664485
96, 348, 2.895818
96, 350, 2.785915
96, 354, 2.785915
96, 356, 2.895818
96, 358, 2.934038
96, 359, 2.934038
97, 349, 2.633068
97, 350, 2.530117
97, 351, 2.664485
97, 352, 2.416231
97, 372, 2.664485
97, 374, 2.530117
98, 351, 2.664484
98, 353, 2.416231
98, 354, 2.530116
98, 355, 2.633068
98, 630, 2.530117
98, 631, 2.664485
99, 360, 2.416231
99, 362, 2.664484
99, 366, 2.530117
99, 368, 2.633068
99, 570, 2.664484
99, 571, 2.530117
100, 361, 2.416231
100, 362, 2.664484
100, 363, 2.530117
100, 364, 2.633068
100, 588, 2.664484
100, 591, 2.530117
101, 363, 2.785915
101, 365, 2.895818
101, 366, 2.785915
101, 367, 2.895818
101, 383, 2.934038
101, 385, 2.934038
102, 369, 2.895818
102, 371, 2.785915
102, 374, 2.785915
102, 375, 2.895818
102, 383, 2.934038
102, 384, 2.934038
103, 370, 2.633068
103, 371, 2.530116
103, 372, 2.664484
103, 373, 2.416231
103, 600, 2.664485
103, 601, 2.530117
104, 376, 2.895818
104, 377, 2.785915
104, 380, 2.785915
104, 382, 2.895818
104, 384, 2.934038
104, 385, 2.934038
105, 378, 2.664484
105, 379, 2.416231
105, 380, 2.530116
105, 381, 2.633068
105, 576, 2.530117
105, 577, 2.664485
106, 386, 2.416231
106, 388, 2.664484
106, 392, 2.530117
106, 394, 2.633068
106, 505, 2.664484
106, 506, 2.530117
107, 387, 2.416231
107, 388, 2.664484
107, 389, 2.530117
107, 390, 2.633068
107, 545, 2.530117
107, 546, 2.664484
108, 389, 2.785915
108, 391, 2.895818
108, 392, 2.785915
108, 393, 2.895818
108, 413, 2.934037
108, 415, 2.934037
109, 395, 2.895818
109, 397, 2.785915
109, 401, 2.785915
109, 403, 2.895818
109, 413, 2.934038
109, 414, 2.934038
110, 396, 2.633068
110, 397, 2.530116
110, 398, 2.664484
110, 399, 2.416231
110, 541, 2.664485
110, 542, 2.530117
111, 398, 2.664485
111, 400, 2.416231
111, 401, 2.530117
111, 402, 2.633068
111, 433, 2.530117
111, 434, 2.664485
112, 404, 2.895818
112, 406, 2.785915
112, 410, 2.785915
112, 412, 2.895818
112, 414, 2.934038
112, 415, 2.934038
113, 405, 2.633068
113, 406, 2.530117
113, 407, 2.664485
113, 408, 2.416231
113, 428, 2.664485
113, 430, 2.530117
114, 407, 2.664484
114, 409, 2.416231
114, 410, 2.530116
114, 411, 2.633068
114, 509, 2.530117
114, 510, 2.664485
115, 416, 2.416231
115, 418, 2.664484
115, 422, 2.530117
115, 424, 2.633068
115, 577, 2.664484
115, 578, 2.530117
116, 417, 2.416231
116, 418, 2.664484
116, 419, 2.530117
116, 420, 2.633068
116, 617, 2.530117
116, 618, 2.664484
117, 419, 2.785915
117, 421, 2.895818
117, 422, 2.785915
117, 423, 2.895818
117, 439, 2.934037
117, 441, 2.934037
118, 425, 2.895818
118, 427, 2.785915
118, 430, 2.785915
118, 431, 2.895818
118, 439, 2.934038
118, 440, 2.934038
119, 426, 2.633068
119, 427, 2.530116
119, 428, 2.664484
119, 429, 2.416231
119, 613, 2.664485
119, 614, 2.530117
120, 432, 2.895818
120, 433, 2.785915
120, 436, 2.785915
120, 438, 2.895818
120, 440, 2.934038
120, 441, 2.934038
121, 434, 2.664484
121, 435, 2.416231
121, 436, 2.530116
121, 437, 2.633068
121, 581, 2.530117
121, 582, 2.664485
122, 442, 2.416231
122, 444, 2.664484
122, 448, 2.530117
122, 450, 2.633068
122, 559, 2.664484
122, 560, 2.530117
123, 443, 2.416231
123, 444, 2.664484
123, 445, 2.530117
123, 446, 2.633068
123, 527, 2.530117
123, 528, 2.664484
124, 445, 2.785915
124, 447, 2.895818
124, 448, 2.785915
124, 449, 2.895818
124, 469, 2.934037
124, 471, 2.934037
125, 451, 2.895818
125, 453, 2.785915
125, 457, 2.785915
125, 459, 2.895818
125, 469, 2.934038
125, 470, 2.934038
126, 452, 2.633068
126, 453, 2.530116
126, 454, 2.664484
126, 455, 2.416231
126, 523, 2.664485
126, 524, 2.530117
127, 454, 2.664485
127, 456, 2.416231
127, 457, 2.530117
127, 458, 2.633068
127, 489, 2.530117
127, 490, 2.664485
128, 460, 2.895818
128, 462, 2.785915
128, 466, 2.785915
128, 468, 2.895818
128, 470, 2.934038
128, 471, 2.934038
129, 461, 2.633068
129, 462, 2.530117
129, 463, 2.664485
129, 464, 2.416231
129, 484, 2.664485
129, 486, 2.530117
130, 463, 2.664484
130, 465, 2.416231
130, 466, 2.530116
130, 467, 2.633068
130, 563, 2.530117
130, 564, 2.664485
131, 472, 2.416231
131, 474, 2.664484
131, 478, 2.530117
131, 480, 2.633068
131, 631, 2.664484
131, 632, 2.530117
132, 473, 2.416231
132, 474, 2.664484
132, 475, 2.530117
132, 476, 2.633068
132, 599, 2.530117
132, 600, 2.664484
133, 475, 2.785915
133, 477, 2.895818
133, 478, 2.785915
133, 479, 2.895818
133, 495, 2.934037
133, 497, 2.934037
134, 481, 2.895818
134, 483, 2.785915
134, 486, 2.785915
134, 487, 2.895818
134, 495, 2.934038
134, 496, 2.934038
135, 482, 2.633068
135, 483, 2.530116
135, 484, 2.664484
135, 485, 2.416231
135, 595, 2.664485
135, 596, 2.530117
136, 488, 2.895818
136, 489, 2.785915
136, 492, 2.785915
136, 494, 2.895818
136, 496, 2.934038
136, 497, 2.934038
137, 490, 2.664484
137, 491, 2.416231
137, 492, 2.530116
137, 493, 2.633068
137, 635, 2.530117
137, 636, 2.664485
138, 499, 2.785915
138, 500, 2.895818
138, 501, 2.785915
138, 502, 2.895818
138, 513, 2.934038
138, 515, 2.934038
139, 503, 2.895818
139, 504, 2.785915
139, 506, 2.785915
139, 507, 2.895818
139, 513, 2.934038
139, 514, 2.934038
140, 508, 2.895819
140, 509, 2.785915
140, 511, 2.785915
140, 512, 2.895818
140, 514, 2.934038
140, 515, 2.934038
141, 517, 2.785915
141, 518, 2.895818
141, 519, 2.785915
141, 520, 2.895818
141, 531, 2.934038
141, 533, 2.934038
142, 521, 2.895818
142, 522, 2.785915
142, 524, 2.785915
142, 525, 2.895819
142, 531, 2.934038
142, 532, 2.934038
143, 526, 2.895818
143, 527, 2.785915
143, 529, 2.785915
143, 530, 2.895818
143, 532, 2.934038
143, 533, 2.934038
144, 535, 2.785915
144, 536, 2.895818
144, 537, 2.785915
144, 538, 2.895818
144, 549, 2.934038
144, 551, 2.934038
145, 539, 2.895818
145, 540, 2.785915
145, 542, 2.785915
145, 543, 2.895819
145, 549, 2.934038
145, 550, 2.934038
146, 544, 2.895818
146, 545, 2.785915
146, 547, 2.785915
146, 548, 2.895818
146, 550, 2.934038
146, 551, 2.934038
147, 553, 2.785915
147, 554, 2.895818
147, 555, 2.785915
147, 556, 2.895818
147, 567, 2.934038
147, 569, 2.934038
148, 557, 2.895818
148, 558, 2.785915
148, 560, 2.785915
148, 561, 2.895818
148, 567, 2.934038
148, 568, 2.934038
149, 562, 2.895819
149, 563, 2.785915
149, 565, 2.785915
149, 566, 2.895818
149, 568, 2.934038
149, 569, 2.934038
150, 571, 2.785915
150, 572, 2.895818
150, 573, 2.785915
150, 574, 2.895818
150, 585, 2.934038
150, 587, 2.934038
151, 575, 2.895818
151, 576, 2.785915
151, 578, 2.785915
151, 579, 2.895818
151, 585, 2.934038
151, 586, 2.934038
152, 580, 2.895819
152, 581, 2.785915
152, 583, 2.785915
152, 584, 2.895818
152, 586, 2.934038
152, 587, 2.934038
153, 589, 2.785915
153, 590, 2.895818
153, 591, 2.785915
153, 592, 2.895818
153, 603, 2.934038
153, 605, 2.934038
154, 593, 2.895818
154, 594, 2.785915
154, 596, 2.785915
154, 597, 2.895819
154, 603, 2.934038
154, 604, 2.934038
155, 598, 2.895818
155, 599, 2.785915
155, 601, 2.785915
155, 602, 2.895818
155, 604, 2.934038
155, 605, 2.934038
156, 607, 2.785915
156, 608, 2.895818
156, 609, 2.785915
156, 610, 2.895818
156, 621, 2.934038
156, 623, 2.934038
157, 611, 2.895818
157, 612, 2.785915
157, 614, 2.785915
157, 615, 2.895819
157, 621, 2.934038
157, 622, 2.934038
158, 616, 2.895818
158, 617, 2.785915
158, 619, 2.785915
158, 620, 2.895818
158, 622, 2.934038
158, 623, 2.934038
159, 625, 2.785915
159, 626, 2.895818
159, 627, 2.785915
159, 628, 2.895818
159, 639, 2.934038
159, 641, 2.934038
160, 629, 2.895818
160, 630, 2.785915
160, 632, 2.785915
160, 633, 2.895818
160, 639, 2.934038
160, 640, 2.934038
161, 634, 2.895819
161, 635, 2.785915
161, 637, 2.785915
161, 638, 2.895818
161, 640, 2.934038
161, 641, 2.934038
162, 163, 2.523263
162, 164, 2.346007
162, 275, 2.523263
162, 552, 2.346007
163, 164, 2.346007
163, 304, 2.523263
163, 534, 2.346007
164, 165, 2.618582
164, 168, 2.618582
165, 166, 2.748142
165, 167, 2.814509
165, 168, 2.814956
166, 167, 2.675240
166, 537, 2.748142
166, 538, 2.675239
167, 171, 2.886435
167, 189, 2.885924
168, 169, 2.814509
168, 170, 2.748142
169, 170, 2.675240
169, 188, 2.886435
169, 191, 2.885924
170, 553, 2.748142
170, 554, 2.675239
171, 172, 2.675239
171, 173, 2.814508
171, 189, 2.885925
172, 173, 2.748142
172, 547, 2.748142
172, 548, 2.675239
173, 174, 2.618582
173, 177, 2.814957
174, 175, 2.346006
174, 176, 2.346007
174, 177, 2.618583
175, 176, 2.523263
175, 387, 2.523263
175, 546, 2.346007
176, 210, 2.346007
176, 211, 2.523263
177, 178, 2.748142
177, 179, 2.814508
178, 179, 2.675239
178, 208, 2.675239
178, 209, 2.748142
179, 180, 2.886434
179, 190, 2.885924
180, 181, 2.675239
180, 182, 2.814508
180, 190, 2.885924
181, 182, 2.748142
181, 206, 2.748142
181, 207, 2.675239
182, 183, 2.618583
182, 186, 2.814957
183, 184, 2.346007
183, 185, 2.346006
183, 186, 2.618582
184, 185, 2.523263
184, 204, 2.346007
184, 205, 2.523263
185, 442, 2.523263
185, 559, 2.346007
186, 187, 2.748142
186, 188, 2.814508
187, 188, 2.675239
187, 557, 2.675239
187, 558, 2.748142
188, 191, 2.885925
189, 190, 2.963649
189, 191, 2.963649
190, 191, 2.963649
192, 193, 2.523263
192, 194, 2.346007
192, 219, 2.523263
192, 498, 2.346007
193, 194, 2.346007
193, 248, 2.523263
193, 516, 2.346007
194, 195, 2.618582
194, 198, 2.618582
195, 196, 2.748142
195, 197, 2.814509
195, 198, 2.814956
196, 197, 2.675240
196, 519, 2.748142
196, 520, 2.675239
197, 201, 2.886435
197, 215, 2.885924
198, 199, 2.814509
198, 200, 2.748142
199, 200, 2.675240
199, 214, 2.886435
199, 217, 2.885924
200, 499, 2.748142
200, 500, 2.675239
201, 202, 2.675239
201, 203, 2.814508
201, 215, 2.885925
202, 203, 2.748142
202, 529, 2.748142
202, 530, 2.675239
203, 204, 2.618582
203, 206, 2.814957
204, 205, 2.346006
204, 206, 2.618583
205, 443, 2.523263
205, 528, 2.346007
206, 207, 2.814508
207, 208, 2.886434
207, 216, 2.885924
208, 209, 2.814508
208, 216, 2.885924
209, 210, 2.618583
209, 212, 2.814957
210, 211, 2.346006
210, 212, 2.618582
211, 386, 2.523263
211, 505, 2.346007
212, 213, 2.748142
212, 214, 2.814508
213, 214, 2.675239
213, 503, 2.675239
213, 504, 2.748142
214, 217, 2.885925
215, 216, 2.963649
215, 217, 2.963649
216, 217, 2.963649
218, 219, 2.523263
218, 220, 2.346007
218, 248, 2.523263
218, 249, 2.346007
219, 220, 2.346006
219, 498, 2.346007
220, 221, 2.618582
220, 224, 2.618583
221, 222, 2.748142
221, 223, 2.814508
221, 224, 2.814956
222, 223, 2.675239
222, 501, 2.748142
222, 502, 2.675239
223, 227, 2.886434
223, 245, 2.885924
224, 225, 2.814508
224, 226, 2.748142
225, 226, 2.675239
225, 244, 2.886434
225, 247, 2.885925
226, 250, 2.748142
226, 251, 2.675239
227, 228, 2.675240
227, 229, 2.814509
227, 245, 2.885924
228, 229, 2.748142
228, 511, 2.748142
228, 512, 2.675239
229, 230, 2.618582
229, 233, 2.814956
230, 231, 2.346007
230, 232, 2.346007
230, 233, 2.618582
231, 232, 2.523263
231, 409, 2.523263
231, 510, 2.346007
232, 429, 2.523263
232, 613, 2.346007
233, 234, 2.748142
233, 235, 2.814509
234, 235, 2.675240
234, 611, 2.675239
234, 612, 2.748142
235, 236, 2.886434
235, 246, 2.885924
236, 237, 2.675239
236, 238, 2.814508
236, 246, 2.885924
237, 238, 2.748142
237, 607, 2.748142
237, 608, 2.675239
238, 239, 2.618582
238, 242, 2.814956
239, 240, 2.346006
239, 241, 2.346007
239, 242, 2.618583
240, 241, 2.523263
240, 331, 2.523263
240, 606, 2.346007
241, 257, 2.346007
241, 258, 2.523263
242, 243, 2.748142
242, 244, 2.814508
243, 244, 2.675239
243, 255, 2.675239
243, 256, 2.748142
244, 247, 2.885925
245, 246, 2.963649
245, 247, 2.963649
246, 247, 2.963649
248, 249, 2.346006
248, 516, 2.346007
249, 250, 2.618583
249, 252, 2.618582
250, 251, 2.814508
250, 252, 2.814956
251, 255, 2.886434
251, 271, 2.885925
252, 253, 2.814508
252, 254, 2.748142
253, 254, 2.675239
253, 270, 2.886434
253, 273, 2.885924
254, 517, 2.748142
254, 518, 2.675239
255, 256, 2.814508
255, 271, 2.885925
256, 257, 2.618583
256, 259, 2.814956
257, 258, 2.346006
257, 259, 2.618582
258, 330, 2.523263
258, 624, 2.346007
259, 260, 2.748142
259, 261, 2.814508
260, 261, 2.675239
260, 627, 2.748142
260, 628, 2.675239
261, 262, 2.886434
261, 272, 2.885924
262, 263, 2.675240
262, 264, 2.814509
262, 272, 2.885924
263, 264, 2.748142
263, 637, 2.748142
263, 638, 2.675239
264, 265, 2.618582
264, 268, 2.814956
265, 266, 2.346007
265, 267, 2.346007
265, 268, 2.618582
266, 267, 2.523263
266, 491, 2.523263
266, 636, 2.346007
267, 455, 2.523263
267, 523, 2.346007
268, 269, 2.748142
268, 270, 2.814509
269, 270, 2.675240
269, 521, 2.675239
269, 522, 2.748142
270, 273, 2.885924
271, 272, 2.963649
271, 273, 2.963649
272, 273, 2.963649
274, 275, 2.523263
274, 276, 2.346007
274, 304, 2.523263
274, 305, 2.346007
275, 276, 2.346006
275, 552, 2.346007
276, 277, 2.618582
276, 280, 2.618583
277, 278, 2.748142
277, 279, 2.814508
277, 280, 2.814956
278, 279, 2.675239
278, 555, 2.748142
278, 556, 2.675239
279, 283, 2.886434
279, 301, 2.885924
280, 281, 2.814508
280, 282, 2.748142
281, 282, 2.675239
281, 300, 2.886434
281, 303, 2.885925
282, 306, 2.748142
282, 307, 2.675239
283, 284, 2.675240
283, 285, 2.814509
283, 301, 2.885924
284, 285, 2.748142
284, 565, 2.748142
284, 566, 2.675239
285, 286, 2.618582
285, 289, 2.814956
286, 287, 2.346007
286, 288, 2.346007
286, 289, 2.618582
287, 288, 2.523263
287, 465, 2.523263
287, 564, 2.346007
288, 485, 2.523263
288, 595, 2.346007
289, 290, 2.748142
289, 291, 2.814509
290, 291, 2.675240
290, 593, 2.675239
290, 594, 2.748142
291, 292, 2.886434
291, 302, 2.885924
292, 293, 2.675239
292, 294, 2.814508
292, 302, 2.885924
293, 294, 2.748142
293, 589, 2.748142
293, 590, 2.675239
294, 295, 2.618582
294, 298, 2.814956
295, 296, 2.346006
295, 297, 2.346007
295, 298, 2.618583
296, 297, 2.523263
296, 361, 2.523263
296, 588, 2.346007
297, 313, 2.346007
297, 314, 2.523263
298, 299, 2.748142
298, 300, 2.814508
299, 300, 2.675239
299, 311, 2.675239
299, 312, 2.748142
300, 303, 2.885925
301, 302, 2.963649
301, 303, 2.963649
302, 303, 2.963649
304, 305, 2.346006
304, 534, 2.346007
305, 306, 2.618583
305, 308, 2.618582
306, 307, 2.814508
306, 308, 2.814956
307, 311, 2.886434
307, 327, 2.885925
308, 309, 2.814508
308, 310, 2.748142
309, 310, 2.675239
309, 326, 2.886434
309, 329, 2.885924
310, 535, 2.748142
310, 536, 2.675239
311, 312, 2.814508
311, 327, 2.885925
312, 313, 2.618583
312, 315, 2.814956
313, 314, 2.346006
313, 315, 2.618582
314, 360, 2.523263
314, 570, 2.346007
315, 316, 2.748142
315, 317, 2.814508
316, 317, 2.675239
316, 573, 2.748142
316, 574, 2.675239
317, 318, 2.886434
317, 328, 2.885924
318, 319, 2.675240
318, 320, 2.814509
318, 328, 2.885924
319, 320, 2.748142
319, 583, 2.748142
319, 584, 2.675239
320, 321, 2.618582
320, 324, 2.814956
321, 322, 2.346007
321, 323, 2.346007
321, 324, 2.618582
322, 323, 2.523263
322, 435, 2.523263
322, 582, 2.346007
323, 399, 2.523263
323, 541, 2.346007
324, 325, 2.748142
324, 326, 2.814509
325, 326, 2.675240
325, 539, 2.675239
325, 540, 2.748142
326, 329, 2.885924
327, 328, 2.963649
327, 329, 2.963649
328, 329, 2.963649
330, 331, 2.523263
330, 332, 2.346007
330, 624, 2.346007
331, 332, 2.346007
331, 606, 2.346007
332, 333, 2.618582
332, 336, 2.618582
333, 334, 2.748142
333, 335, 2.814509
333, 336, 2.814956
334, 335, 2.675240
334, 609, 2.748142
334, 610, 2.675239
335, 339, 2.886435
335, 357, 2.885924
336, 337, 2.814509
336, 338, 2.748142
337, 338, 2.675240
337, 356, 2.886435
337, 359, 2.885924
338, 625, 2.748142
338, 626, 2.675239
339, 340, 2.675239
339, 341, 2.814508
339, 357, 2.885925
340, 341, 2.748142
340, 619, 2.748142
340, 620, 2.675239
341, 342, 2.618582
341, 345, 2.814957
342, 343, 2.346006
342, 344, 2.346007
342, 345, 2.618583
343, 344, 2.523263
343, 417, 2.523263
343, 618, 2.346007
344, 378, 2.346007
344, 379, 2.523263
345, 346, 2.748142
345, 347, 2.814508
346, 347, 2.675239
346, 376, 2.675239
346, 377, 2.748142
347, 348, 2.886434
347, 358, 2.885924
348, 349, 2.675239
348, 350, 2.814508
348, 358, 2.885924
349, 350, 2.748142
349, 374, 2.748142
349, 375, 2.675239
350, 351, 2.618583
350, 354, 2.814957
351, 352, 2.346007
351, 353, 2.346006
351, 354, 2.618582
352, 353, 2.523263
352, 372, 2.346007
352, 373, 2.523263
353, 472, 2.523263
353, 631, 2.346007
354, 355, 2.748142
354, 356, 2.814508
355, 356, 2.675239
355, 629, 2.675239
355, 630, 2.748142
356, 359, 2.885925
357, 358, 2.963649
357, 359, 2.963649
358, 359, 2.963649
360, 361, 2.523263
360, 362, 2.346007
360, 570, 2.346007
361, 362, 2.346007
361, 588, 2.346007
362, 363, 2.618582
362, 366, 2.618582
363, 364, 2.748142
363, 365, 2.814509
363, 366, 2.814956
364, 365, 2.675240
364, 591, 2.748142
364, 592, 2.675239
365, 369, 2.886435
365, 383, 2.885924
366, 367, 2.814509
366, 368, 2.748142
367, 368, 2.675240
367, 382, 2.886435
367, 385, 2.885924
368, 571, 2.748142
368, 572, 2.675239
369, 370, 2.675239
369, 371, 2.814508
369, 383, 2.885925
370, 371, 2.748142
370, 601, 2.748142
370, 602, 2.675239
371, 372, 2.618582
371, 374, 2.814957
372, 373, 2.346006
372, 374, 2.618583
373, 473, 2.523263
373, 600, 2.346007
374, 375, 2.814508
375, 376, 2.886434
375, 384, 2.885924
376, 377, 2.814508
376, 384, 2.885924
377, 378, 2.618583
377, 380, 2.814957
378, 379, 2.346006
378, 380, 2.618582
379, 416, 2.523263
379, 577, 2.346007
380, 381, 2.748142
380, 382, 2.814508
381, 382, 2.675239
381, 575, 2.675239
381, 576, 2.748142
382, 385, 2.885925
383, 384, 2.963649
383, 385, 2.963649
384, 385, 2.963649
386, 387, 2.523263
386, 388, 2.346007
386, 505, 2.346007
387, 388, 2.346007
387, 546, 2.346007
388, 389, 2.618582
388, 392, 2.618582
389, 390, 2.748142
389, 391, 2.814509
389, 392, 2.814956
390, 391, 2.675240
390, 544, 2.675239
390, 545, 2.748142
391, 395, 2.886434
391, 413, 2.885924
392, 393, 2.814509
392, 394, 2.748142
393, 394, 2.675240
393, 412, 2.886434
393, 415, 2.885924
394, 506, 2.748142
394, 507, 2.675239
395, 396, 2.675239
395, 397, 2.814508
395, 413, 2.885924
396, 397, 2.748142
396, 542, 2.748142
396, 543, 2.675239
397, 398, 2.618582
397, 401, 2.814956
398, 399, 2.346006
398, 400, 2.346007
398, 401, 2.618583
399, 400, 2.523263
399, 541, 2.346007
400, 434, 2.346007
400, 435, 2.523263
401, 402, 2.748142
401, 403, 2.814508
402, 403, 2.675239
402, 432, 2.675239
402, 433, 2.748142
403, 404, 2.886434
403, 414, 2.885924
404, 405, 2.675239
404, 406, 2.814508
404, 414, 2.885924
405, 406, 2.748142
405, 430, 2.748142
405, 431, 2.675239
406, 407, 2.618583
406, 410, 2.814956
407, 408, 2.346007
407, 409, 2.346006
407, 410, 2.618582
408, 409, 2.523263
408, 428, 2.346007
408, 429, 2.523263
409, 510, 2.346007
410, 411, 2.748142
410, 412, 2.814508
411, 412, 2.675239
411, 508, 2.675239
411, 509, 2.748142
412, 415, 2.885924
413, 414, 2.963650
413, 415, 2.963649
414, 415, 2.963650
416, 417, 2.523263
416, 418, 2.346007
416, 577, 2.346007
417, 418, 2.346007
417, 618, 2.346007
418, 419, 2.618582
418, 422, 2.618582
419, 420, 2.748142
419, 421, 2.814509
419, 422, 2.814956
420, 421, 2.675240
420, 616, 2.675239
420, 617, 2.748142
421, 425, 2.886434
421, 439, 2.885924
422, 423, 2.814509
422, 424, 2.748142
423, 424, 2.675240
423, 438, 2.886434
423, 441, 2.885924
424, 578, 2.748142
424, 579, 2.675239
425, 426, 2.675239
425, 427, 2.814508
425, 439, 2.885924
426, 427, 2.748142
426, 614, 2.748142
426, 615, 2.675239
427, 428, 2.618582
427, 430, 2.814956
428, 429, 2.346006
428, 430, 2.618583
429, 613, 2.346007
430, 431, 2.814508
431, 432, 2.886434
431, 440, 2.885924
432, 433, 2.814508
432, 440, 2.885924
433, 434, 2.618583
433, 436, 2.814956
434, 435, 2.346006
434, 436, 2.618582
435, 582, 2.346007
436, 437, 2.748142
436, 438, 2.814508
437, 438, 2.675239
437, 580, 2.675239
437, 581, 2.748142
438, 441, 2.885924
439, 440, 2.963650
439, 441, 2.963649
440, 441, 2.963650
442, 443, 2.523263
442, 444, 2.346007
442, 559, 2.346007
443, 444, 2.346007
443, 528, 2.346007
444, 445, 2.618582
444, 448, 2.618582
445, 446, 2.748142
445, 447, 2.814509
445, 448, 2.814956
446, 447, 2.675240
446, 526, 2.675239
446, 527, 2.748142
447, 451, 2.886434
447, 469, 2.885924
448, 449, 2.814509
448, 450, 2.748142
449, 450, 2.675240
449, 468, 2.886434
449, 471, 2.885924
450, 560, 2.748142
450, 561, 2.675239
451, 452, 2.675239
451, 453, 2.814508
451, 469, 2.885924
452, 453, 2.748142
452, 524, 2.748142
452, 525, 2.675239
453, 454, 2.618582
453, 457, 2.814956
454, 455, 2.346006
454, 456, 2.346007
454, 457, 2.618583
455, 456, 2.523263
455, 523, 2.346007
456, 490, 2.346007
456, 491, 2.523263
457, 458, 2.748142
457, 459, 2.814508
458, 459, 2.675239
458, 488, 2.675239
458, 489, 2.748142
459, 460, 2.886434
459, 470, 2.885924
460, 461, 2.675239
460, 462, 2.814508
460, 470, 2.885924
461, 462, 2.748142
461, 486, 2.748142
461, 487, 2.675239
462, 463, 2.618583
462, 466, 2.814956
463, 464, 2.346007
463, 465, 2.346006
463, 466, 2.618582
464, 465, 2.523263
464, 484, 2.346007
464, 485, 2.523263
465, 564, 2.346007
466, 467, 2.748142
466, 468, 2.814508
467, 468, 2.675239
467, 562, 2.675239
467, 563, 2.748142
468, 471, 2.885924
469, 470, 2.963650
469, 471, 2.963649
470, 471, 2.963650
472, 473, 2.523263
472, 474, 2.346007
472, 631, 2.346007
473, 474, 2.346007
473, 600, 2.346007
474, 475, 2.618582
474, 478, 2.618582
475, 476, 2.748142
475, 477, 2.814509
475, 478, 2.814956
476, 477, 2.675240
476, 598, 2.675239
476, 599, 2.748142
477, 481, 2.886434
477, 495, 2.885924
478, 479, 2.814509
478, 480, 2.748142
479, 480, 2.675240
479, 494, 2.886434
479, 497, 2.885924
480, 632, 2.748142
480, 633, 2.675239
481, 482, 2.675239
481, 483, 2.814508
481, 495, 2.885924
482, 483, 2.748142
482, 596, 2.748142
482, 597, 2.675239
483, 484, 2.618582
483, 486, 2.814956
484, 485, 2.346006
484, 486, 2.618583
485, 595, 2.346007
486, 487, 2.814508
487, 488, 2.886434
487, 496, 2.885924
488, 489, 2.814508
488, 496, 2.885924
489, 490, 2.618583
489, 492, 2.814956
490, 491, 2.346006
490, 492, 2.618582
491, 636, 2.346007
492, 493, 2.748142
492, 494, 2.814508
493, 494, 2.675239
493, 634, 2.675239
493, 635, 2.748142
494, 497, 2.885924
495, 496, 2.963650
495, 497, 2.963649
496, 497, 2.963650
498, 499, 2.618582
498, 501, 2.618582
499, 500, 2.814509
499, 501, 2.814956
500, 503, 2.886434
500, 513, 2.885924
501, 502, 2.814508
502, 512, 2.886434
502, 515, 2.885925
503, 504, 2.814508
503, 513, 2.885924
504, 505, 2.618582
504, 506, 2.814956
505, 506, 2.618582
506, 507, 2.814509
507, 508, 2.886434
507, 514, 2.885924
508, 509, 2.814508
508, 514, 2.885925
509, 510, 2.618582
509, 511, 2.814956
510, 511, 2.618582
511, 512, 2.814509
512, 515, 2.885924
513, 514, 2.963650
513, 515, 2.963650
514, 515, 2.963650
516, 517, 2.618582
516, 519, 2.618582
517, 518, 2.814508
517, 519, 2.814956
518, 521, 2.886434
518, 531, 2.885925
519, 520, 2.814509
520, 530, 2.886434
520, 533, 2.885924
521, 522, 2.814509
521, 531, 2.885924
522, 523, 2.618582
522, 524, 2.814956
523, 524, 2.618582
524, 525, 2.814508
525, 526, 2.886434
525, 532, 2.885925
526, 527, 2.814509
526, 532, 2.885924
527, 528, 2.618582
527, 529, 2.814956
528, 529, 2.618582
529, 530, 2.814508
530, 533, 2.885924
531, 532, 2.963650
531, 533, 2.963650
532, 533, 2.963650
534, 535, 2.618582
534, 537, 2.618582
535, 536, 2.814508
535, 537, 2.814956
536, 539, 2.886434
536, 549, 2.885925
537, 538, 2.814509
538, 548, 2.886434
538, 551, 2.885924
539, 540, 2.814509
539, 549, 2.885924
540, 541, 2.618582
540, 542, 2.814956
541, 542, 2.618582
542, 543, 2.814508
543, 544, 2.886434
543, 550, 2.885925
544, 545, 2.814509
544, 550, 2.885924
545, 546, 2.618582
545, 547, 2.814956
546, 547, 2.618582
547, 548, 2.814508
548, 551, 2.885924
549, 550, 2.963650
549, 551, 2.963650
550, 551, 2.963650
552, 553, 2.618582
552, 555, 2.618582
553, 554, 2.814509
553, 555, 2.814956
554, 557, 2.886434
554, 567, 2.885924
555, 556, 2.814508
556, 566, 2.886434
556, 569, 2.885925
557, 558, 2.814508
557, 567, 2.885924
558, 559, 2.618582
558, 560, 2.814956
559, 560, 2.618582
560, 561, 2.814509
561, 562, 2.886434
561, 568, 2.885924
562, 563, 2.814508
562, 568, 2.885925
563, 564, 2.618582
563, 565, 2.814956
564, 565, 2.618582
565, 566, 2.814509
566, 569, 2.885924
567, 568, 2.963650
567, 569, 2.963650
568, 569, 2.963650
570, 571, 2.618582
570, 573, 2.618582
571, 572, 2.814509
571, 573, 2.814956
572, 575, 2.886434
572, 585, 2.885924
573, 574, 2.814508
574, 584, 2.886434
574, 587, 2.885925
575, 576, 2.814508
575, 585, 2.885924
576, 577, 2.618582
576, 578, 2.814956
577, 578, 2.618582
578, 579, 2.814509
579, 580, 2.886434
579, 586, 2.885924
580, 581, 2.814508
580, 586, 2.885925
581, 582, 2.618582
581, 583, 2.814956
582, 583, 2.618582
583, 584, 2.814509
584, 587, 2.885924
585, 586, 2.963650
585, 587, 2.963650
586, 587, 2.963650
588, 589, 2.618582
588, 591, 2.618582
589, 590, 2.814508
589, 591, 2.814956
590, 593, 2.886434
590, 603, 2.885925
591, 592, 2.814509
592, 602, 2.886434
592, 605, 2.885924
593, 594, 2.814509
593, 603, 2.885924
594, 595, 2.618582
594, 596, 2.814956
595, 596, 2.618582
596, 597, 2.814508
597, 598, 2.886434
597, 604, 2.885925
598, 599, 2.814509
598, 604, 2.885924
599, 600, 2.618582
599, 601, 2.814956
600, 601, 2.618582
601, 602, 2.814508
602, 605, 2.885924
603, 604, 2.963650
603, 605, 2.963650
604, 605, 2.963650
606, 607, 2.618582
606, 609, 2.618582
607, 608, 2.814508
607, 609, 2.814956
608, 611, 2.886434
608, 621, 2.885925
609, 610, 2.814509
610, 620, 2.886434
610, 623, 2.885924
611, 612, 2.814509
611, 621, 2.885924
612, 613, 2.618582
612, 614, 2.814956
613, 614, 2.618582
614, 615, 2.814508
615, 616, 2.886434
615, 622, 2.885925
616, 617, 2.814509
616, 622, 2.885924
617, 618, 2.618582
617, 619, 2.814956
618, 619, 2.618582
619, 620, 2.814508
620, 623, 2.885924
621, 622, 2.963650
621, 623, 2.963650
622, 623, 2.963650
624, 625, 2.618582
624, 627, 2.618582
625, 626, 2.814509
625, 627, 2.814956
626, 629, 2.886434
626, 639, 2.885924
627, 628, 2.814508
628, 638, 2.886434
628, 641, 2.885925
629, 630, 2.814508
629, 639, 2.885924
630, 631, 2.618582
630, 632, 2.814956
631, 632, 2.618582
632, 633, 2.814509
633, 634, 2.886434
633, 640, 2.885924
634, 635, 2.814508
634, 640, 2.885925
635, 636, 2.618582
635, 637, 2.814956
636, 637, 2.618582
637, 638, 2.814509
638, 641, 2.885924
639, 640, 2.963650
639, 641, 2.963650
640, 641, 2.963650
